rasters/veg/lai.asc
NCOLS 720 
NROWS 300 
XLLCORNER -180 
YLLCORNER -60 
CELLSIZE 0.5 
NODATA_value -9999 
[rows 28 to 55 of 300, columns 65 to 129 of 720]
-9999 -9999 -9999 -9999 -9999 -9999 -9999 -9999 -9999 -9999 -9999 -9999 -9999 -9999 -9999 -9999 -9999 -9999 -9999 -9999 -9999 -9999 -9999 -9999 -9999 -9999 -9999 -9999 -9999 -9999 -9999 -9999 -9999 -9999 -9999 -9999 -9999 -9999 -9999 -9999 -9999 -9999 -9999 -9999 -9999 -9999 -9999 -9999 -9999 -9999 -9999 -9999 -9999 -9999 -9999 -9999 -9999 146.923076923077 144.153846153846 -9999 -9999 111.384615384615 115 121.153846153846 -9999
-9999 -9999 -9999 -9999 -9999 -9999 -9999 -9999 -9999 -9999 -9999 -9999 -9999 -9999 -9999 -9999 -9999 -9999 -9999 -9999 -9999 -9999 -9999 -9999 -9999 -9999 -9999 -9999 -9999 -9999 -9999 -9999 -9999 -9999 -9999 -9999 -9999 -9999 -9999 -9999 -9999 -9999 -9999 -9999 -9999 -9999 -9999 -9999 -9999 -9999 -9999 -9999 -9999 -9999 -9999 -9999 -9999 -9999 -9999 -9999 134.230769230769 126.076923076923 117.615384615385 108.692307692308 -9999
-9999 -9999 -9999 -9999 -9999 -9999 -9999 -9999 -9999 -9999 -9999 -9999 -9999 -9999 -9999 -9999 -9999 -9999 -9999 -9999 -9999 -9999 -9999 -9999 -9999 -9999 -9999 -9999 -9999 -9999 -9999 -9999 -9999 -9999 -9999 -9999 -9999 -9999 -9999 -9999 -9999 -9999 -9999 -9999 -9999 -9999 -9999 -9999 -9999 -9999 -9999 -9999 -9999 -9999 -9999 -9999 -9999 -9999 -9999 -9999 -9999 -9999 -9999 -9999 -9999
-9999 -9999 -9999 -9999 -9999 -9999 -9999 -9999 -9999 -9999 -9999 -9999 -9999 -9999 -9999 -9999 -9999 -9999 -9999 -9999 -9999 -9999 -9999 -9999 -9999 -9999 -9999 -9999 -9999 -9999 -9999 -9999 -9999 -9999 -9999 -9999 -9999 -9999 -9999 -9999 -9999 -9999 -9999 -9999 -9999 -9999 164.692307692308 125.615384615385 128.692307692308 130.153846153846 132.461538461538 134.076923076923 132.538461538462 146.538461538462 148.230769230769 -9999 -9999 -9999 149.923076923077 147.461538461538 -9999 -9999 -9999 -9999 -9999
-9999 -9999 -9999 -9999 -9999 -9999 -9999 -9999 -9999 -9999 -9999 -9999 -9999 -9999 -9999 -9999 -9999 -9999 -9999 -9999 -9999 -9999 -9999 -9999 -9999 -9999 -9999 -9999 -9999 -9999 -9999 -9999 -9999 -9999 -9999 -9999 -9999 -9999 -9999 -9999 -9999 -9999 -9999 -9999 -9999 -9999 -9999 133.692307692308 135.307692307692 136.615384615385 137.461538461538 136.461538461538 134.230769230769 146 147.923076923077 148.153846153846 155.846153846154 157.461538461538 152.461538461538 146.230769230769 148.461538461538 147.230769230769 148.153846153846 -9999 -9999
-9999 -9999 -9999 -9999 -9999 -9999 -9999 -9999 -9999 -9999 -9999 -9999 -9999 -9999 -9999 -9999 -9999 -9999 -9999 -9999 -9999 -9999 -9999 -9999 -9999 -9999 -9999 -9999 -9999 -9999 -9999 -9999 -9999 -9999 -9999 -9999 -9999 -9999 -9999 -9999 -9999 -9999 -9999 -9999 -9999 -9999 127.615384615385 139.615384615385 137.692307692308 136.461538461538 136.692307692308 136.153846153846 135.461538461538 134.769230769231 137.538461538462 139 142.923076923077 142.923076923077 156.153846153846 151.384615384615 151.230769230769 150.153846153846 148.230769230769 -9999 -9999
-9999 -9999 -9999 -9999 -9999 -9999 -9999 -9999 -9999 -9999 -9999 -9999 -9999 -9999 -9999 -9999 -9999 -9999 -9999 -9999 -9999 -9999 -9999 -9999 -9999 -9999 -9999 -9999 -9999 -9999 -9999 -9999 -9999 -9999 -9999 -9999 -9999 -9999 -9999 -9999 -9999 -9999 -9999 -9999 -9999 130.846153846154 136.923076923077 137.692307692308 135.692307692308 134.384615384615 136.615384615385 135.076923076923 135.076923076923 130 132.384615384615 131.076923076923 132.538461538462 130.384615384615 -9999 -9999 126.461538461538 126.538461538462 127.769230769231 121.461538461538 149
-9999 -9999 -9999 -9999 -9999 -9999 -9999 -9999 -9999 -9999 -9999 -9999 -9999 -9999 -9999 -9999 -9999 -9999 -9999 -9999 -9999 -9999 -9999 -9999 -9999 -9999 -9999 -9999 -9999 -9999 -9999 -9999 -9999 -9999 -9999 -9999 -9999 -9999 -9999 -9999 -9999 -9999 -9999 -9999 138.846153846154 140.538461538462 139 137.538461538462 135.076923076923 135.692307692308 137.692307692308 132.538461538462 133.846153846154 133.153846153846 136 133.769230769231 -9999 -9999 -9999 132.769230769231 128.153846153846 159.230769230769 155.769230769231 155.769230769231 151.384615384615
-9999 -9999 -9999 -9999 -9999 -9999 -9999 -9999 -9999 -9999 -9999 -9999 -9999 -9999 -9999 -9999 -9999 -9999 -9999 -9999 -9999 -9999 -9999 -9999 -9999 -9999 -9999 -9999 -9999 -9999 -9999 -9999 -9999 -9999 -9999 -9999 -9999 -9999 -9999 -9999 -9999 -9999 -9999 -9999 -9999 -9999 151.846153846154 151 151 133.923076923077 135.769230769231 136.153846153846 138.538461538462 140.538461538462 -9999 -9999 -9999 133.692307692308 137.307692307692 153.153846153846 152.461538461538 150.076923076923 149.153846153846 149.384615384615 147.846153846154
-9999 -9999 -9999 -9999 -9999 -9999 -9999 -9999 -9999 -9999 -9999 -9999 -9999 -9999 -9999 -9999 -9999 -9999 -9999 -9999 -9999 -9999 -9999 -9999 -9999 -9999 -9999 -9999 -9999 -9999 -9999 -9999 -9999 -9999 -9999 -9999 -9999 -9999 -9999 -9999 -9999 -9999 -9999 -9999 -9999 -9999 -9999 -9999 139.461538461538 139.692307692308 139.307692307692 -9999 -9999 -9999 -9999 -9999 -9999 -9999 -9999 -9999 -9999 151 150.076923076923 151 150.076923076923
-9999 -9999 -9999 -9999 -9999 -9999 -9999 -9999 -9999 -9999 -9999 -9999 -9999 -9999 -9999 -9999 -9999 -9999 -9999 -9999 -9999 -9999 -9999 -9999 -9999 -9999 -9999 -9999 -9999 -9999 -9999 -9999 -9999 -9999 -9999 -9999 -9999 -9999 -9999 -9999 -9999 -9999 -9999 -9999 -9999 -9999 -9999 -9999 -9999 -9999 -9999 -9999 -9999 -9999 -9999 -9999 -9999 -9999 -9999 135.846153846154 134.692307692308 133.846153846154 135.076923076923 135.692307692308 132.384615384615
-9999 -9999 -9999 -9999 -9999 -9999 -9999 -9999 -9999 -9999 -9999 -9999 -9999 -9999 -9999 -9999 -9999 -9999 -9999 -9999 -9999 -9999 -9999 -9999 -9999 -9999 -9999 -9999 -9999 -9999 -9999 -9999 -9999 -9999 -9999 -9999 -9999 -9999 -9999 174.769230769231 172.615384615385 -9999 -9999 -9999 -9999 -9999 -9999 -9999 -9999 -9999 -9999 -9999 -9999 -9999 -9999 -9999 -9999 -9999 -9999 -9999 -9999 -9999 -9999 -9999 -9999
122.384615384615 120.307692307692 121.307692307692 115.461538461538 105.076923076923 99.2307692307692 100.692307692308 108.692307692308 97.6923076923077 75.9230769230769 168.615384615385 176.538461538462 -9999 -9999 -9999 -9999 -9999 -9999 -9999 -9999 -9999 -9999 -9999 -9999 -9999 -9999 -9999 -9999 -9999 -9999 -9999 70 102.769230769231 81.3076923076923 73.4615384615385 174.307692307692 72.5384615384615 82.2307692307692 83.1538461538462 79.9230769230769 74.1538461538462 94.1538461538462 -9999 -9999 172.230769230769 178.923076923077 -9999 -9999 -9999 183.076923076923 183.846153846154 183.615384615385 -9999 -9999 -9999 -9999 -9999 -9999 -9999 -9999 -9999 169 -9999 -9999 -9999
166.076923076923 158.076923076923 158.076923076923 159.076923076923 154.384615384615 158.153846153846 161.538461538462 163.615384615385 164.230769230769 161.384615384615 158.538461538462 146.384615384615 149.615384615385 142.923076923077 135.076923076923 129.076923076923 81.5384615384615 128.230769230769 -9999 -9999 -9999 -9999 -9999 201.692307692308 184.153846153846 185.615384615385 179.307692307692 171.461538461538 139.692307692308 161.538461538462 131.230769230769 142 146.461538461538 141.384615384615 141.615384615385 177.384615384615 175.615384615385 176.230769230769 174.076923076923 174.076923076923 175 170.076923076923 172.076923076923 174 173.538461538462 173.846153846154 173.076923076923 174.846153846154 175.769230769231 178.692307692308 179.230769230769 179.384615384615 180.923076923077 179.307692307692 173.846153846154 177.538461538462 168.153846153846 -9999 -9999 -9999 -9999 -9999 -9999 -9999 -9999
162.846153846154 160.153846153846 159.769230769231 158.692307692308 158.692307692308 161.538461538462 157.692307692308 159.923076923077 158.846153846154 162.384615384615 161.461538461538 161.615384615385 155.384615384615 149 142.153846153846 142.230769230769 147.384615384615 146.230769230769 148.230769230769 152.538461538462 175.615384615385 199.923076923077 212.230769230769 197.615384615385 187.615384615385 184.692307692308 184.923076923077 185.153846153846 160.846153846154 153.153846153846 151 157 154.846153846154 155.846153846154 152.923076923077 162.076923076923 173.153846153846 174.615384615385 174.307692307692 172.384615384615 172.153846153846 174.153846153846 175.692307692308 174.153846153846 175.923076923077 176.461538461538 176.153846153846 180.076923076923 176.153846153846 177.153846153846 178.923076923077 179.846153846154 179.384615384615 177.230769230769 179.076923076923 177.307692307692 175.615384615385 175.846153846154 175.461538461538 173.692307692308 171.538461538462 177.769230769231 -9999 -9999 -9999
176.769230769231 122.153846153846 111.846153846154 106 107.615384615385 105.307692307692 103.615384615385 106.153846153846 101 99.5384615384615 98.6923076923077 97.7692307692308 66.9230769230769 69.0769230769231 80.5384615384615 86.7692307692308 94.9230769230769 97.7692307692308 97.2307692307692 145.923076923077 145.538461538462 145.230769230769 149.230769230769 177 202.384615384615 209.307692307692 175 174.769230769231 176.461538461538 165.153846153846 158.923076923077 155.846153846154 158 154.846153846154 152.230769230769 150.615384615385 153.307692307692 155.923076923077 159.307692307692 169.461538461538 174.307692307692 177.692307692308 175.307692307692 175.615384615385 175.153846153846 176.692307692308 174.153846153846 175.692307692308 174.230769230769 176.692307692308 177.153846153846 177.307692307692 179.692307692308 179.153846153846 177.461538461538 180.769230769231 183.307692307692 181.384615384615 182.846153846154 179.846153846154 -9999 -9999 -9999 -9999 -9999
119.538461538462 112.615384615385 128.923076923077 116 108.307692307692 106.307692307692 102 106.076923076923 101.076923076923 102.923076923077 105.461538461538 102.461538461538 103.692307692308 101 103.384615384615 100.846153846154 155.846153846154 168.538461538462 154.461538461538 153 150.076923076923 150.153846153846 143.538461538462 168.153846153846 227.384615384615 230.076923076923 182 175.846153846154 176.923076923077 174.307692307692 175.307692307692 173.153846153846 170.846153846154 166.384615384615 159.538461538462 158.461538461538 154 155.153846153846 163.230769230769 170.692307692308 167.076923076923 161 156.384615384615 155.923076923077 170 172 170.923076923077 173.307692307692 169.615384615385 171.538461538462 172 174.230769230769 174.307692307692 173.692307692308 175.230769230769 180.461538461538 174.615384615385 172.692307692308 172.461538461538 172.538461538462 -9999 -9999 -9999 -9999 -9999
139.923076923077 163.230769230769 171.923076923077 169.461538461538 166.230769230769 167.538461538462 176.153846153846 169.461538461538 162.538461538462 147.846153846154 148.076923076923 158.230769230769 149.538461538462 120.153846153846 120.846153846154 145.307692307692 143.384615384615 141.384615384615 104.846153846154 179.692307692308 196.538461538462 177.384615384615 146.769230769231 202.615384615385 197.923076923077 193.846153846154 183.384615384615 177.307692307692 173.153846153846 171.230769230769 170.230769230769 174.384615384615 176.692307692308 169.538461538462 168.538461538462 168.769230769231 169.769230769231 165.230769230769 170.923076923077 172.846153846154 177.846153846154 170.538461538462 170.846153846154 167.923076923077 164.461538461538 160.692307692308 162.538461538462 157.769230769231 159.538461538462 167.923076923077 167.615384615385 165.769230769231 163.538461538462 169.615384615385 172.076923076923 174.692307692308 167.615384615385 175.461538461538 174.461538461538 167.615384615385 -9999 -9999 -9999 -9999 -9999
185.230769230769 201.692307692308 190.692307692308 196 194 188.615384615385 196.076923076923 186.461538461538 184.384615384615 176.307692307692 178.692307692308 171.230769230769 145.692307692308 143.461538461538 171.923076923077 147.153846153846 141.076923076923 132 158.461538461538 174.153846153846 166.153846153846 199.230769230769 162.846153846154 185.846153846154 205.153846153846 230.153846153846 230.538461538462 225 226.461538461538 230.384615384615 221.538461538462 218.538461538462 208.461538461538 211.307692307692 214.769230769231 216.923076923077 212.076923076923 213.846153846154 219.615384615385 209.307692307692 204.384615384615 200.307692307692 193.769230769231 184 173.692307692308 172.692307692308 171.307692307692 171.384615384615 173.769230769231 172 168.769230769231 156.846153846154 152.076923076923 141.384615384615 187.692307692308 195.153846153846 179.153846153846 106.769230769231 104.846153846154 163.230769230769 -9999 -9999 -9999 -9999 -9999
221.615384615385 222.307692307692 217.923076923077 216.230769230769 217.461538461538 187.538461538462 187.769230769231 190.923076923077 194.384615384615 189.769230769231 185.769230769231 186.230769230769 177.076923076923 177.230769230769 177.230769230769 176 144.615384615385 135.615384615385 158.538461538462 181.153846153846 176.769230769231 165.846153846154 175.076923076923 149.846153846154 184.538461538462 212 215.846153846154 215.846153846154 215.307692307692 214.461538461538 234.769230769231 234.538461538462 238.384615384615 240.153846153846 236.538461538462 236.923076923077 243.615384615385 246.846153846154 238 228.846153846154 218.384615384615 210.384615384615 208.307692307692 202.692307692308 203.384615384615 169.461538461538 168.076923076923 168.923076923077 168.692307692308 169.230769230769 172.461538461538 158.307692307692 129.384615384615 126.461538461538 162.230769230769 187 186.923076923077 203.538461538462 200.076923076923 179.692307692308 -9999 -9999 -9999 -9999 -9999
195.230769230769 200 204.923076923077 193.153846153846 200.076923076923 200.384615384615 208.461538461538 184.538461538462 179 168.769230769231 166.384615384615 172.846153846154 174.769230769231 149.538461538462 178.153846153846 175.384615384615 155 137.846153846154 154.615384615385 157 156.692307692308 162.076923076923 178.846153846154 180.846153846154 199.461538461538 200.384615384615 199.769230769231 198.230769230769 206.538461538462 196.923076923077 192.692307692308 205.769230769231 205.538461538462 219.153846153846 237.692307692308 242.692307692308 243.461538461538 193.769230769231 192.846153846154 202.384615384615 210.615384615385 212.153846153846 208.538461538462 209.769230769231 202 194.692307692308 196.923076923077 197.153846153846 191.846153846154 191.307692307692 210.153846153846 205.769230769231 164.923076923077 162.461538461538 145.538461538462 140.153846153846 138.384615384615 175.461538461538 173.076923076923 172 -9999 -9999 -9999 -9999 -9999
218.076923076923 210.923076923077 203.538461538462 195.769230769231 176.307692307692 169.461538461538 171.615384615385 163.230769230769 158.230769230769 175.384615384615 182.461538461538 177 174.307692307692 162.307692307692 163.769230769231 161.230769230769 154.230769230769 143.307692307692 148.461538461538 158.153846153846 160.076923076923 159.230769230769 152.692307692308 158.307692307692 180.615384615385 169.230769230769 175.538461538462 174.769230769231 169.769230769231 159.384615384615 156.538461538462 160.076923076923 154 159 166.769230769231 202.615384615385 214.230769230769 216.538461538462 221.923076923077 231.307692307692 202.307692307692 234.615384615385 194.461538461538 192.615384615385 190.769230769231 206.307692307692 199.769230769231 200.230769230769 198.307692307692 206.846153846154 207.384615384615 215.615384615385 206.769230769231 210.384615384615 210.307692307692 201.769230769231 195.153846153846 199.538461538462 178.769230769231 179.076923076923 -9999 -9999 -9999 -9999 -9999
224.692307692308 225.076923076923 219.923076923077 204.538461538462 178.769230769231 174.538461538462 159.615384615385 160.692307692308 156.461538461538 123.461538461538 118.538461538462 186.384615384615 182 186.923076923077 158.846153846154 164.923076923077 170.769230769231 161.461538461538 157.923076923077 166.307692307692 148.230769230769 148.307692307692 148.615384615385 150.153846153846 150.307692307692 150.153846153846 154.230769230769 155.692307692308 154.384615384615 154.461538461538 159.692307692308 156.923076923077 158.307692307692 159.615384615385 160 166.076923076923 160.923076923077 162.461538461538 166.230769230769 182.538461538462 200.076923076923 219.846153846154 228.923076923077 221 215.846153846154 195.230769230769 200.076923076923 202.692307692308 199.692307692308 200.461538461538 202.923076923077 202.461538461538 203.538461538462 196.384615384615 190.384615384615 189.307692307692 183.230769230769 185.923076923077 183.230769230769 176.846153846154 -9999 -9999 -9999 -9999 -9999
222.769230769231 223.692307692308 213.076923076923 212 -9999 -9999 -9999 -9999 155.538461538462 150.538461538462 111.846153846154 165.615384615385 170.692307692308 174.153846153846 170.307692307692 178.307692307692 171.692307692308 163.846153846154 161.307692307692 162.153846153846 150.615384615385 146.538461538462 161.615384615385 163 165.384615384615 155.923076923077 166.769230769231 150.076923076923 150.076923076923 154.923076923077 151 152 152.230769230769 160 161.923076923077 161.846153846154 162.769230769231 171.307692307692 168.769230769231 176.692307692308 193 203.615384615385 196.153846153846 223 216.538461538462 214.230769230769 196.923076923077 203.923076923077 195.307692307692 193.230769230769 194 195 201.692307692308 195.384615384615 185.307692307692 184.846153846154 188.307692307692 188.538461538462 189 186.153846153846 -9999 -9999 -9999 -9999 -9999
173.307692307692 155.769230769231 166.153846153846 195 -9999 -9999 -9999 -9999 188.384615384615 184.461538461538 167.846153846154 170.076923076923 164.461538461538 166.615384615385 172.615384615385 172.615384615385 164.692307692308 172.230769230769 177.692307692308 193.076923076923 175.230769230769 178.923076923077 206.307692307692 207.153846153846 199.230769230769 195.769230769231 192.230769230769 197.615384615385 200.384615384615 176.461538461538 178.461538461538 169.307692307692 162.538461538462 164.692307692308 172 169.153846153846 170.538461538462 168.769230769231 178.230769230769 182.307692307692 176.846153846154 190.384615384615 202.923076923077 198.923076923077 193.769230769231 214.076923076923 214.538461538462 194.307692307692 200.153846153846 196.538461538462 197.076923076923 196.692307692308 195.461538461538 193.846153846154 198.307692307692 196 182.692307692308 193.461538461538 188.615384615385 191.923076923077 -9999 -9999 -9999 -9999 -9999
158.461538461538 174.846153846154 156.769230769231 174.384615384615 -9999 -9999 -9999 -9999 202.384615384615 212.384615384615 197.846153846154 188.384615384615 195 195.538461538462 199.692307692308 189.307692307692 181.692307692308 160.230769230769 167.692307692308 181.769230769231 188 195.230769230769 201.538461538462 201.461538461538 191.923076923077 183.307692307692 198.307692307692 175.076923076923 175.846153846154 175.846153846154 178.615384615385 178.230769230769 168.307692307692 177 173.692307692308 171.615384615385 174.076923076923 176.230769230769 175.538461538462 174.307692307692 175.615384615385 194.769230769231 203.461538461538 200.769230769231 198.846153846154 192.692307692308 211.230769230769 194.615384615385 207.461538461538 204.307692307692 201.615384615385 193.769230769231 193 192.615384615385 197.769230769231 209.461538461538 209.923076923077 220.692307692308 201.076923076923 193.692307692308 -9999 -9999 -9999 -9999 -9999
218.769230769231 218.769230769231 219.923076923077 221.076923076923 -9999 -9999 -9999 -9999 200.692307692308 208.307692307692 217.923076923077 213.769230769231 226.769230769231 226.461538461538 214.923076923077 194.384615384615 183.538461538462 170.230769230769 160.923076923077 180.538461538462 190.538461538462 189.307692307692 195.307692307692 197.307692307692 199.153846153846 190.769230769231 182.692307692308 180.230769230769 184.538461538462 185.923076923077 178 179 197.230769230769 179 177 175.846153846154 176.230769230769 174.076923076923 177.769230769231 179.769230769231 181.923076923077 172 169.846153846154 175.846153846154 177.076923076923 201.846153846154 211 212.692307692308 176.076923076923 204.230769230769 206.307692307692 214.307692307692 203.538461538462 210.076923076923 212.230769230769 214.076923076923 213.538461538462 206.230769230769 201.692307692308 196.923076923077 -9999 -9999 -9999 -9999 -9999
-9999 -9999 -9999 -9999 214.384615384615 -9999 -9999 -9999 -9999 -9999 -9999 -9999 -9999 -9999 -9999 -9999 -9999 -9999 169.615384615385 162.307692307692 159.384615384615 168.384615384615 178.769230769231 179.692307692308 164.923076923077 165.538461538462 182.692307692308 181.846153846154 179.230769230769 191.230769230769 191.076923076923 200.692307692308 205.692307692308 206.692307692308 199.307692307692 186.461538461538 176.307692307692 179 178.846153846154 175.307692307692 174.538461538462 177.230769230769 174.307692307692 174 179.153846153846 204.846153846154 207 198.384615384615 184.307692307692 219.923076923077 214.615384615385 165.076923076923 164.615384615385 166.615384615385 161.230769230769 161.230769230769 158.230769230769 199.384615384615 154 156.923076923077 162.769230769231 165.538461538462 -9999 -9999 -9999
