rasters/veg/lai.asc
NCOLS 720 
NROWS 300 
XLLCORNER -180 
YLLCORNER -60 
CELLSIZE 0.5 
NODATA_value -9999 
[rows 224 to 251 of 300, columns 195 to 259 of 720]
-9999 -9999 -9999 -9999 -9999 -9999 -9999 -9999 -9999 -9999 -9999 -9999 -9999 -9999 -9999 -9999 -9999 -9999 -9999 -9999 -9999 -9999 -9999 -9999 12.6153846153846 29.1538461538462 81 82.0769230769231 116.692307692308 89.4615384615385 77.7692307692308 85.0769230769231 131.769230769231 117.615384615385 146.692307692308 103.153846153846 370.615384615385 360.076923076923 281.230769230769 129.461538461538 120.307692307692 123.923076923077 132.384615384615 129.769230769231 126.615384615385 150.307692307692 253.384615384615 317.769230769231 323.307692307692 349.230769230769 368.076923076923 397.615384615385 407.230769230769 406.615384615385 411.307692307692 423.076923076923 425.461538461538 424.384615384615 413.846153846154 415.538461538462 417.153846153846 408.384615384615 411 417.307692307692 398
-9999 -9999 -9999 -9999 -9999 -9999 -9999 -9999 -9999 -9999 -9999 -9999 -9999 -9999 -9999 -9999 -9999 -9999 -9999 -9999 -9999 -9999 -9999 -9999 13.3076923076923 36.3846153846154 76.9230769230769 82.4615384615385 118.307692307692 91.7692307692308 106.769230769231 103.538461538462 104.769230769231 147 186.692307692308 185.307692307692 358.615384615385 341.846153846154 268.307692307692 138.384615384615 125.846153846154 130.846153846154 133.461538461538 132.153846153846 129.153846153846 195.615384615385 308.615384615385 320.384615384615 333.153846153846 352.615384615385 372.230769230769 405.769230769231 410.230769230769 417.153846153846 414.461538461538 416.076923076923 428.769230769231 411.923076923077 422.153846153846 415.615384615385 349.153846153846 346.846153846154 356.461538461538 344.692307692308 341.153846153846
-9999 -9999 -9999 -9999 -9999 -9999 -9999 -9999 -9999 -9999 -9999 -9999 -9999 -9999 -9999 -9999 -9999 -9999 -9999 -9999 -9999 -9999 -9999 -9999 14.6923076923077 42.1538461538462 55.6153846153846 0 124.307692307692 0 94.5384615384615 103.846153846154 117.307692307692 186.230769230769 177.153846153846 211.461538461538 330.076923076923 318.230769230769 233 141.692307692308 136.538461538462 136.846153846154 138.692307692308 132.692307692308 135.307692307692 265.615384615385 327.153846153846 333.769230769231 345.615384615385 354 387.307692307692 400.076923076923 366.153846153846 408.307692307692 413 426.461538461538 425.923076923077 428.230769230769 425.153846153846 358.230769230769 313.615384615385 263.538461538462 351.923076923077 346.923076923077 375.923076923077
-9999 -9999 -9999 -9999 -9999 -9999 -9999 -9999 -9999 -9999 -9999 -9999 -9999 -9999 -9999 -9999 -9999 -9999 -9999 -9999 -9999 -9999 -9999 -9999 15.3846153846154 43.3846153846154 54.3076923076923 105.153846153846 109.307692307692 98.4615384615385 0 122.923076923077 169.307692307692 201.692307692308 237.615384615385 199.153846153846 302.615384615385 313.153846153846 305.230769230769 152.153846153846 143 142.923076923077 137.153846153846 139.615384615385 200.461538461538 301.384615384615 324.923076923077 344.307692307692 351.692307692308 358.076923076923 384.615384615385 411.615384615385 411.538461538462 419.230769230769 420.692307692308 401.153846153846 419.461538461538 422.461538461538 374.153846153846 340.923076923077 328.538461538462 280.384615384615 406.923076923077 378 339.076923076923
-9999 -9999 -9999 -9999 -9999 -9999 -9999 -9999 -9999 -9999 -9999 -9999 -9999 -9999 -9999 -9999 -9999 -9999 -9999 -9999 -9999 -9999 -9999 -9999 18.4615384615385 43.3846153846154 50.7692307692308 99 94.8461538461538 114.923076923077 121 142.538461538462 149.384615384615 117.153846153846 277.153846153846 303 258.923076923077 317.923076923077 227.461538461538 152.538461538462 161.846153846154 194.230769230769 164.153846153846 286.076923076923 308.461538461538 325.692307692308 329.461538461538 356.923076923077 355 363.615384615385 374.384615384615 391.615384615385 407.384615384615 381 375.769230769231 396.384615384615 398.461538461538 393.307692307692 367.153846153846 374.692307692308 317.076923076923 374.461538461538 407.461538461538 426.230769230769 403
-9999 -9999 -9999 -9999 -9999 -9999 -9999 -9999 -9999 -9999 -9999 -9999 -9999 -9999 -9999 -9999 -9999 -9999 -9999 -9999 -9999 -9999 -9999 -9999 16.3846153846154 25 56 75.3076923076923 0 132.076923076923 131.538461538462 133.307692307692 128.692307692308 245.384615384615 211.384615384615 235 317.461538461538 311.692307692308 241.769230769231 201.692307692308 233.769230769231 268.846153846154 243.384615384615 261.076923076923 302.461538461538 332.076923076923 335.615384615385 350.692307692308 363.307692307692 363.923076923077 394.384615384615 391.384615384615 409.153846153846 422.076923076923 369.615384615385 376.769230769231 426.615384615385 410 415.846153846154 411.076923076923 417.307692307692 445.230769230769 426.076923076923 433.846153846154 424.769230769231
-9999 -9999 -9999 -9999 -9999 -9999 -9999 -9999 -9999 -9999 -9999 -9999 -9999 -9999 -9999 -9999 -9999 -9999 -9999 -9999 -9999 -9999 -9999 -9999 22.7692307692308 23.5384615384615 47.4615384615385 78.4615384615385 114 116.307692307692 139.461538461538 121.769230769231 232.076923076923 251.769230769231 181.384615384615 270.384615384615 200.461538461538 206.076923076923 218.461538461538 299.230769230769 272.307692307692 280.230769230769 313.615384615385 313.538461538462 338.307692307692 325.230769230769 338.846153846154 349.615384615385 366.538461538462 402.615384615385 408 389.384615384615 402.307692307692 428 408.692307692308 385.615384615385 417.153846153846 411.076923076923 414.846153846154 412.538461538462 419.153846153846 453.384615384615 443.307692307692 439 434.769230769231
-9999 -9999 -9999 -9999 -9999 -9999 -9999 -9999 -9999 -9999 -9999 -9999 -9999 -9999 -9999 -9999 -9999 -9999 -9999 -9999 -9999 -9999 -9999 -9999 23.8461538461538 21.1538461538462 54.5384615384615 79.6153846153846 0 120.923076923077 145.692307692308 149.384615384615 234.615384615385 194.230769230769 216.538461538462 269.384615384615 288.615384615385 170.923076923077 155.846153846154 202.538461538462 255.923076923077 289.923076923077 323 326.769230769231 333.384615384615 351.076923076923 338.923076923077 398.692307692308 413.461538461538 390.692307692308 396.923076923077 410.615384615385 408.846153846154 416.307692307692 420.384615384615 417.461538461538 413.769230769231 411.769230769231 407.230769230769 409 418.076923076923 443.307692307692 435.461538461538 441.538461538462 427.923076923077
-9999 -9999 -9999 -9999 -9999 -9999 -9999 -9999 -9999 -9999 -9999 -9999 -9999 -9999 -9999 -9999 -9999 -9999 -9999 -9999 -9999 -9999 -9999 -9999 21.2307692307692 25.5384615384615 48.3846153846154 98.5384615384615 120.461538461538 124.230769230769 139.230769230769 104 115.230769230769 250.076923076923 190.461538461538 155.307692307692 298.076923076923 177.923076923077 154.846153846154 156.692307692308 241.384615384615 308.307692307692 324.230769230769 332.769230769231 337.307692307692 338.230769230769 343.153846153846 360.692307692308 375.692307692308 400.384615384615 406.153846153846 411.923076923077 402.615384615385 415 415.153846153846 427.076923076923 409.538461538462 413.769230769231 451 453.384615384615 460.692307692308 453.153846153846 449.076923076923 444.769230769231 435.230769230769
-9999 -9999 -9999 -9999 -9999 -9999 -9999 -9999 -9999 -9999 -9999 -9999 -9999 -9999 -9999 -9999 -9999 -9999 -9999 -9999 -9999 -9999 -9999 19.1538461538462 27 22.1538461538462 53.9230769230769 106.769230769231 119.692307692308 124.384615384615 128.230769230769 114.538461538462 186.692307692308 258.846153846154 185.923076923077 290.384615384615 293.846153846154 179.923076923077 187.769230769231 212.153846153846 291.692307692308 326.692307692308 338 346.461538461538 330.615384615385 326.230769230769 359.923076923077 376.230769230769 397.615384615385 408.692307692308 403.692307692308 416.692307692308 419.923076923077 411.384615384615 423.461538461538 414.538461538462 406.769230769231 410.153846153846 408.923076923077 406.692307692308 417.230769230769 455 447.615384615385 435.692307692308 431.153846153846
-9999 -9999 -9999 -9999 -9999 -9999 -9999 -9999 -9999 -9999 -9999 -9999 -9999 -9999 -9999 -9999 -9999 -9999 -9999 -9999 -9999 -9999 -9999 13.9230769230769 19.2307692307692 27.9230769230769 75 91.6153846153846 95.5384615384615 91.0769230769231 159.307692307692 127.538461538462 183.230769230769 220.692307692308 309.076923076923 274.153846153846 276.538461538462 198.384615384615 240.384615384615 284 317.461538461538 337.230769230769 334.769230769231 339.846153846154 347.538461538462 338.769230769231 376.461538461538 397 387 401.615384615385 407.923076923077 422.692307692308 409.615384615385 405.692307692308 405.769230769231 406.461538461538 405.076923076923 405 404.384615384615 402.461538461538 424.615384615385 411.307692307692 424.153846153846 452.230769230769 449.076923076923
-9999 -9999 -9999 -9999 -9999 -9999 -9999 -9999 -9999 -9999 -9999 -9999 -9999 -9999 -9999 -9999 -9999 -9999 -9999 -9999 -9999 -9999 -9999 20.7692307692308 22.3846153846154 34.3076923076923 64.6923076923077 83.4615384615385 91.2307692307692 66.6923076923077 80.3076923076923 75.1538461538462 130.307692307692 149.769230769231 291.384615384615 288.076923076923 205.230769230769 238.615384615385 270.769230769231 301.230769230769 323.923076923077 330.153846153846 328.384615384615 336.769230769231 346.076923076923 332.615384615385 353 368.615384615385 402.615384615385 402.076923076923 406.153846153846 413.153846153846 432.923076923077 407.846153846154 404.307692307692 393.769230769231 376.153846153846 411.307692307692 409.846153846154 419 457.230769230769 415.923076923077 419.923076923077 450.153846153846 449.076923076923
-9999 -9999 -9999 -9999 -9999 -9999 -9999 -9999 -9999 -9999 -9999 -9999 -9999 -9999 -9999 -9999 -9999 -9999 -9999 -9999 -9999 -9999 -9999 27.4615384615385 24.1538461538462 46.6923076923077 63.3076923076923 71.1538461538462 123.230769230769 124.461538461538 59.3846153846154 73.2307692307692 129.461538461538 113.538461538462 210.923076923077 278.769230769231 282.923076923077 280 301.307692307692 309.153846153846 333 336.153846153846 347.230769230769 337.846153846154 343.769230769231 340.769230769231 357.153846153846 344.307692307692 390.538461538462 412.384615384615 415.230769230769 407.615384615385 407.307692307692 412.692307692308 397.538461538462 395.846153846154 358.692307692308 405.692307692308 406.384615384615 428.076923076923 436.615384615385 416.461538461538 454.846153846154 452.461538461538 442.615384615385
-9999 -9999 -9999 -9999 -9999 -9999 -9999 -9999 -9999 -9999 -9999 -9999 -9999 -9999 -9999 -9999 -9999 -9999 -9999 -9999 -9999 -9999 42.2307692307692 33.8461538461538 24.8461538461538 47.5384615384615 57.4615384615385 59.4615384615385 44.6923076923077 104.153846153846 129.076923076923 65.6153846153846 146.230769230769 101.769230769231 210.538461538462 0 279.307692307692 308.769230769231 319.076923076923 322 331.307692307692 327.076923076923 332.076923076923 343.307692307692 339.384615384615 332.384615384615 348 344.692307692308 386.307692307692 382.076923076923 406.846153846154 400.538461538462 411.076923076923 398.307692307692 404.384615384615 350.923076923077 424 409.692307692308 417.307692307692 440.461538461538 447.307692307692 453.076923076923 452.923076923077 451.153846153846 436.923076923077
-9999 -9999 -9999 -9999 -9999 -9999 -9999 -9999 -9999 -9999 -9999 -9999 -9999 -9999 -9999 -9999 -9999 -9999 -9999 -9999 -9999 -9999 42.8461538461538 20.9230769230769 38.3076923076923 49.6923076923077 48.1538461538462 67.2307692307692 44.5384615384615 106.461538461538 100.769230769231 115.923076923077 112.230769230769 132.769230769231 180.692307692308 268.153846153846 294 264.153846153846 314.230769230769 321.769230769231 333.615384615385 340.923076923077 335.153846153846 331.461538461538 340.461538461538 338.461538461538 335.692307692308 336.461538461538 338.153846153846 344.461538461538 371 373.769230769231 363.153846153846 391.538461538462 401.461538461538 412.923076923077 441 435.153846153846 429.230769230769 455.846153846154 452 447.461538461538 453.846153846154 453.384615384615 451
-9999 -9999 -9999 -9999 -9999 -9999 -9999 -9999 -9999 -9999 -9999 -9999 -9999 -9999 -9999 -9999 -9999 -9999 -9999 -9999 -9999 -9999 95.9230769230769 24.4615384615385 43.3076923076923 68.3846153846154 43.5384615384615 80.1538461538462 58.3846153846154 77.2307692307692 99.0769230769231 106.461538461538 116.538461538462 133.769230769231 0 272.538461538462 196.230769230769 178.461538461538 296.230769230769 293.615384615385 307.307692307692 292.923076923077 295.769230769231 316.615384615385 317.692307692308 326.230769230769 316.692307692308 324.461538461538 325.461538461538 347.615384615385 340.769230769231 330.307692307692 324.384615384615 401.615384615385 341.769230769231 346.769230769231 393.307692307692 425.307692307692 392.692307692308 412.538461538462 340.230769230769 345.538461538462 375.461538461538 427.153846153846 437.538461538462
-9999 -9999 -9999 -9999 -9999 -9999 -9999 -9999 -9999 -9999 -9999 -9999 -9999 -9999 -9999 -9999 -9999 -9999 -9999 -9999 -9999 -9999 52.0769230769231 25.6923076923077 51.8461538461538 58.6923076923077 73.3846153846154 65.4615384615385 54.2307692307692 82.0769230769231 97.9230769230769 114.846153846154 134.923076923077 110.230769230769 208.230769230769 213.769230769231 146.153846153846 165.692307692308 190.153846153846 279.384615384615 244.615384615385 299.769230769231 279.307692307692 288.153846153846 310.307692307692 308.538461538462 291.615384615385 296.076923076923 324.461538461538 319.307692307692 315.846153846154 273.692307692308 270.076923076923 278.384615384615 295.538461538462 405.076923076923 410.923076923077 449.076923076923 410 411.307692307692 401.538461538462 399.538461538462 336.846153846154 349 410.846153846154
-9999 -9999 -9999 -9999 -9999 -9999 -9999 -9999 -9999 -9999 -9999 -9999 -9999 -9999 -9999 -9999 -9999 -9999 -9999 -9999 -9999 -9999 122.230769230769 24.2307692307692 64.1538461538462 42.5384615384615 72 56.5384615384615 47.9230769230769 85.8461538461538 99 129.923076923077 146 68.6153846153846 193.153846153846 115.923076923077 157.230769230769 163 186.307692307692 272.307692307692 223.692307692308 234.461538461538 236.076923076923 238.153846153846 256.153846153846 284.153846153846 236.538461538462 254.076923076923 307.769230769231 263.538461538462 251 258.615384615385 271.461538461538 411.846153846154 286.538461538462 427.692307692308 435.846153846154 441.230769230769 435.153846153846 433.692307692308 428 417.923076923077 -9999 392.230769230769 -9999
-9999 -9999 -9999 -9999 -9999 -9999 -9999 -9999 -9999 -9999 -9999 -9999 -9999 -9999 -9999 -9999 -9999 -9999 -9999 -9999 -9999 -9999 45.4615384615385 30.2307692307692 75.5384615384615 81.3846153846154 85.6923076923077 56 25.6153846153846 75.1538461538462 107.307692307692 138.384615384615 153.846153846154 89.5384615384615 101 180.923076923077 215.538461538462 232.461538461538 254.384615384615 214.076923076923 223.461538461538 229.076923076923 234.846153846154 238.538461538462 218.461538461538 222.230769230769 232.692307692308 245.230769230769 251 251 251 268.230769230769 377.538461538462 286.769230769231 291.769230769231 430.846153846154 433.923076923077 435.769230769231 435.769230769231 417 403.615384615385 400.076923076923 -9999 -9999 -9999
-9999 -9999 -9999 -9999 -9999 -9999 -9999 -9999 -9999 -9999 -9999 -9999 -9999 -9999 -9999 -9999 -9999 -9999 -9999 -9999 -9999 -9999 47 33.8461538461538 75.2307692307692 103.538461538462 90.0769230769231 33.2307692307692 48.6923076923077 74.9230769230769 0 138.615384615385 156.076923076923 189.692307692308 101 188.615384615385 149.538461538462 176.923076923077 201.461538461538 211.461538461538 218.615384615385 226.846153846154 234.692307692308 246.230769230769 233.153846153846 236.538461538462 247.384615384615 252.230769230769 304.384615384615 251 254.153846153846 274.923076923077 366.846153846154 325.384615384615 337.846153846154 358.769230769231 376.846153846154 428.923076923077 429 313.230769230769 311.307692307692 -9999 -9999 -9999 -9999
-9999 -9999 -9999 -9999 -9999 -9999 -9999 -9999 -9999 -9999 -9999 -9999 -9999 -9999 -9999 -9999 -9999 -9999 -9999 -9999 -9999 -9999 52.8461538461538 36.9230769230769 80.6153846153846 87.8461538461538 97.3846153846154 37.3076923076923 30.3076923076923 42.6923076923077 115.230769230769 136.153846153846 139.461538461538 90.0769230769231 101 146.615384615385 161.076923076923 189.846153846154 210.461538461538 213.538461538462 222.153846153846 226.153846153846 279.153846153846 240.153846153846 233.769230769231 243.307692307692 248.230769230769 252.538461538462 295.538461538462 310.384615384615 264.769230769231 279.153846153846 321.384615384615 378.461538461538 325.769230769231 384.153846153846 343.615384615385 409.230769230769 409.307692307692 -9999 401.307692307692 -9999 -9999 -9999 -9999
-9999 -9999 -9999 -9999 -9999 -9999 -9999 -9999 -9999 -9999 -9999 -9999 -9999 -9999 -9999 -9999 -9999 -9999 -9999 -9999 -9999 -9999 126.769230769231 47.0769230769231 102.538461538462 97.5384615384615 114.538461538462 49.8461538461538 78.1538461538462 49.5384615384615 119.846153846154 133.846153846154 97.2307692307692 131.076923076923 108.307692307692 159.692307692308 182.307692307692 200.692307692308 213.615384615385 215.384615384615 220.307692307692 223.615384615385 224.384615384615 288.923076923077 238.076923076923 247.153846153846 251 263.846153846154 253.538461538462 295.384615384615 267.307692307692 271.692307692308 350.692307692308 357.923076923077 330.692307692308 248.692307692308 290.461538461538 303.384615384615 -9999 -9999 -9999 -9999 -9999 -9999 -9999
-9999 -9999 -9999 -9999 -9999 -9999 -9999 -9999 -9999 -9999 -9999 -9999 -9999 -9999 -9999 -9999 -9999 -9999 -9999 -9999 -9999 -9999 138.384615384615 51.4615384615385 95.6923076923077 96.9230769230769 105.307692307692 64.7692307692308 99.9230769230769 105.307692307692 126.923076923077 127.153846153846 121.692307692308 106.153846153846 143.538461538462 167.538461538462 188.769230769231 196.307692307692 204 213 215.692307692308 222.846153846154 221.769230769231 284.923076923077 289.769230769231 249.076923076923 250.615384615385 258.307692307692 269.538461538462 259.692307692308 308.538461538462 278.307692307692 323.846153846154 227.692307692308 299 286.384615384615 285.846153846154 303 396.076923076923 351.153846153846 -9999 -9999 -9999 -9999 -9999
-9999 -9999 -9999 -9999 -9999 -9999 -9999 -9999 -9999 -9999 -9999 -9999 -9999 -9999 -9999 -9999 -9999 -9999 -9999 -9999 -9999 -9999 131.461538461538 57.6153846153846 65.3846153846154 92.6153846153846 111.076923076923 133.230769230769 126 118.846153846154 79.7692307692308 129.923076923077 101 154.307692307692 149.230769230769 156.846153846154 173.923076923077 182 191.769230769231 200.769230769231 218.461538461538 221.769230769231 230.461538461538 238.307692307692 248.153846153846 316.769230769231 315.846153846154 267.538461538462 283.538461538462 300.230769230769 310.461538461538 315.153846153846 311.769230769231 218.692307692308 300.923076923077 304.769230769231 372.923076923077 400.692307692308 -9999 -9999 -9999 -9999 -9999 -9999 -9999
-9999 -9999 -9999 -9999 -9999 -9999 -9999 -9999 -9999 -9999 -9999 -9999 -9999 -9999 -9999 -9999 -9999 -9999 -9999 -9999 -9999 256.769230769231 243.692307692308 205.846153846154 103.384615384615 151.076923076923 116.923076923077 110.923076923077 126.461538461538 137.307692307692 85.5384615384615 124.461538461538 105.538461538462 108.538461538462 136.923076923077 194.076923076923 158.769230769231 172.230769230769 177.538461538462 195.538461538462 210.461538461538 222.846153846154 240.615384615385 248.307692307692 256.384615384615 253 262 270.615384615385 -9999 208.230769230769 279 275.307692307692 271.153846153846 319.076923076923 221.923076923077 229.692307692308 231.538461538462 390 -9999 -9999 -9999 -9999 -9999 -9999 -9999
-9999 -9999 -9999 -9999 -9999 -9999 -9999 -9999 -9999 -9999 -9999 -9999 -9999 -9999 -9999 -9999 -9999 -9999 -9999 -9999 -9999 106.692307692308 66.8461538461538 124.846153846154 177.615384615385 137.615384615385 115.692307692308 112.846153846154 89.2307692307692 132 137.692307692308 120.923076923077 112.846153846154 102.923076923077 131 138.230769230769 145.846153846154 159.230769230769 176.923076923077 192.384615384615 212.923076923077 232.307692307692 246.307692307692 250.153846153846 249.076923076923 255.153846153846 252.769230769231 264.230769230769 279.538461538462 -9999 -9999 262.307692307692 269.153846153846 202.153846153846 282.076923076923 294.769230769231 -9999 -9999 -9999 -9999 -9999 -9999 -9999 -9999 -9999
-9999 -9999 -9999 -9999 -9999 -9999 -9999 -9999 -9999 -9999 -9999 -9999 -9999 -9999 -9999 -9999 -9999 -9999 -9999 -9999 263.153846153846 103.384615384615 84.0769230769231 102.461538461538 119.076923076923 208.307692307692 107.692307692308 79.3846153846154 124.538461538462 137.461538461538 133.615384615385 121.538461538462 113 103.384615384615 122.769230769231 138.692307692308 149.615384615385 159.769230769231 162 176.307692307692 206.769230769231 238.384615384615 256.153846153846 268.846153846154 260.230769230769 255 235.153846153846 234.615384615385 254.153846153846 244.769230769231 239.384615384615 -9999 -9999 -9999 -9999 -9999 -9999 -9999 -9999 -9999 -9999 -9999 -9999 -9999 -9999
-9999 -9999 -9999 -9999 -9999 -9999 -9999 -9999 -9999 -9999 -9999 -9999 -9999 -9999 -9999 -9999 -9999 -9999 -9999 -9999 272 101 247.692307692308 62.6153846153846 60.0769230769231 60.7692307692308 68.5384615384615 76.8461538461538 124.923076923077 78.4615384615385 139.153846153846 133.846153846154 108 105.076923076923 127.615384615385 137 155.307692307692 162 153.076923076923 163.846153846154 201.461538461538 237.769230769231 255.769230769231 257.846153846154 239 247.615384615385 216.615384615385 243.769230769231 226.846153846154 237.692307692308 -9999 -9999 -9999 -9999 -9999 -9999 -9999 -9999 -9999 -9999 -9999 -9999 -9999 -9999 -9999
