rasters/veg/lai.asc
NCOLS 720 
NROWS 300 
XLLCORNER -180 
YLLCORNER -60 
CELLSIZE 0.5 
NODATA_value -9999 
[rows 112 to 139 of 300, columns 130 to 194 of 720]
52.6153846153846 63.5384615384615 90.6153846153846 106.230769230769 109.461538461538 109.538461538462 106.615384615385 104.153846153846 110.384615384615 111.538461538462 203.538461538462 216.538461538462 193.923076923077 168.230769230769 148.615384615385 118.230769230769 111.076923076923 109.769230769231 92.4615384615385 83.0769230769231 127.307692307692 124.076923076923 111 104.692307692308 106.615384615385 106.076923076923 105.923076923077 104.923076923077 107.307692307692 114.538461538462 120.076923076923 137.384615384615 153.692307692308 165.615384615385 170.307692307692 192.153846153846 193.846153846154 198.230769230769 202.923076923077 202.692307692308 257.538461538462 217.384615384615 218.153846153846 225.769230769231 226.692307692308 226.538461538462 262.153846153846 257.538461538462 258 236.153846153846 239.153846153846 208 244.769230769231 243.461538461538 247.923076923077 250.230769230769 260.615384615385 257.307692307692 262.076923076923 263.769230769231 256.615384615385 259.461538461538 254.307692307692 262.461538461538 264.923076923077
54.3076923076923 71.6923076923077 81.1538461538462 88.9230769230769 109.461538461538 110.615384615385 115.307692307692 104.846153846154 108.230769230769 108.307692307692 115.615384615385 192.846153846154 210.692307692308 198.307692307692 171.307692307692 107.307692307692 107.384615384615 121.923076923077 150.307692307692 105.076923076923 132.153846153846 117.615384615385 78.9230769230769 109.615384615385 106.615384615385 106.076923076923 106.153846153846 102.769230769231 102 109.307692307692 123.384615384615 135.538461538462 146.692307692308 155 160.538461538462 166.538461538462 168.923076923077 193.384615384615 198.615384615385 197.461538461538 207.230769230769 213.769230769231 219.923076923077 225.384615384615 278.230769230769 245.769230769231 266.538461538462 273 194.461538461538 234.076923076923 237.769230769231 233.923076923077 248.307692307692 244.230769230769 253.769230769231 251.923076923077 251 258.923076923077 260.846153846154 263 261.923076923077 258.538461538462 261.615384615385 260.923076923077 249.153846153846
43.5384615384615 61.3846153846154 76.1538461538462 79.4615384615385 90.3846153846154 106.615384615385 112.846153846154 115.461538461538 101 105.538461538462 114.076923076923 115.923076923077 103.923076923077 102 102.076923076923 110.153846153846 108.769230769231 114.538461538462 166.923076923077 80.2307692307692 129.769230769231 113.461538461538 116.076923076923 107.076923076923 111.153846153846 119.230769230769 114.846153846154 112.076923076923 102.769230769231 105.076923076923 117.230769230769 134.076923076923 143.846153846154 151.846153846154 167.538461538462 161.692307692308 187.692307692308 190 191.846153846154 198.230769230769 205.692307692308 208.153846153846 220.076923076923 222.153846153846 233.846153846154 302.615384615385 312.384615384615 314.307692307692 244.230769230769 242.846153846154 245.692307692308 252.769230769231 237.153846153846 325.153846153846 246.615384615385 238.076923076923 235.846153846154 248.769230769231 248.692307692308 246.923076923077 254.153846153846 259.461538461538 248.307692307692 235.307692307692 245.538461538462
41.5384615384615 50.7692307692308 64.5384615384615 82.3846153846154 101.846153846154 105.692307692308 118.538461538462 125.538461538462 121.307692307692 101 119.923076923077 119.615384615385 117.384615384615 115.769230769231 108.461538461538 111.461538461538 110.384615384615 126.307692307692 61.4615384615385 63.5384615384615 115.538461538462 112.923076923077 112.076923076923 118 118 119.769230769231 76.6153846153846 111.846153846154 104.538461538462 110.153846153846 116.384615384615 127.538461538462 138.230769230769 160.461538461538 155.384615384615 154.923076923077 197.615384615385 201.846153846154 193.769230769231 195.692307692308 209.692307692308 225.153846153846 239.769230769231 235.923076923077 246.846153846154 257.692307692308 342.692307692308 258.153846153846 272.384615384615 258.923076923077 221.230769230769 255.076923076923 255.846153846154 255.153846153846 254.923076923077 275.461538461538 280.846153846154 273.076923076923 249.230769230769 265.923076923077 271 270.461538461538 255.692307692308 266.615384615385 266.692307692308
53.0769230769231 48 56.3076923076923 81.1538461538462 109 122.461538461538 115.846153846154 101 101 104.692307692308 121.076923076923 105.846153846154 118.076923076923 48.2307692307692 58.3076923076923 91.4615384615385 93.3076923076923 97 126.230769230769 115.692307692308 121.153846153846 120.615384615385 117.615384615385 113.769230769231 119.769230769231 127.384615384615 122 87.6923076923077 104.153846153846 97.6153846153846 114.692307692308 120.230769230769 127.769230769231 138.461538461538 156.846153846154 178.615384615385 217.769230769231 239.461538461538 239.846153846154 241.692307692308 253.615384615385 251.923076923077 251 265.923076923077 264.153846153846 345.538461538462 365.692307692308 304.615384615385 289.846153846154 274.461538461538 281.153846153846 261.769230769231 277.307692307692 274.076923076923 287.307692307692 288.384615384615 286.769230769231 277.230769230769 266.615384615385 272.076923076923 270.615384615385 261.538461538462 264.769230769231 262.076923076923 270.076923076923
-9999 -9999 -9999 54.6923076923077 92.0769230769231 67.6153846153846 85.0769230769231 105.692307692308 101 114.153846153846 114.076923076923 114.384615384615 115.615384615385 47.7692307692308 93.3846153846154 78.4615384615385 82.6923076923077 45.4615384615385 71.3076923076923 53.5384615384615 56.0769230769231 126.384615384615 120.461538461538 119.307692307692 120 128 96.6923076923077 109.615384615385 86.6923076923077 97.6153846153846 100.384615384615 110.307692307692 122.384615384615 131.384615384615 174.923076923077 222 243.384615384615 254.692307692308 267.230769230769 275.538461538462 275.076923076923 283.076923076923 277.461538461538 281.615384615385 295.769230769231 371.230769230769 316.846153846154 327.307692307692 311.461538461538 356 295.923076923077 358.230769230769 302.923076923077 366.307692307692 308.923076923077 308.307692307692 312.461538461538 303.923076923077 302.769230769231 291 297 274.769230769231 278.692307692308 291.076923076923 279.153846153846
40.2307692307692 -9999 -9999 -9999 81.3076923076923 115.230769230769 66.6153846153846 92.4615384615385 117.692307692308 110.153846153846 115.307692307692 110.076923076923 102.692307692308 85.0769230769231 52.2307692307692 48.2307692307692 89.5384615384615 99.3076923076923 52 52.0769230769231 120.692307692308 70.2307692307692 115.153846153846 55 56.8461538461538 69.1538461538462 90.4615384615385 99.6923076923077 89.3846153846154 95.6923076923077 120.692307692308 121.538461538462 123.615384615385 138 182.384615384615 263.461538461538 271.769230769231 283 279.384615384615 292 282 294.846153846154 286.230769230769 285.230769230769 296.769230769231 386.769230769231 323.692307692308 328.538461538462 328.076923076923 381.769230769231 306.384615384615 385.384615384615 313.076923076923 330.230769230769 322.538461538462 317.384615384615 310.461538461538 324.307692307692 329.923076923077 312.153846153846 310.076923076923 314.923076923077 308.384615384615 300.692307692308 406.692307692308
52.3846153846154 -9999 -9999 -9999 69 120.153846153846 141.923076923077 155.846153846154 105.923076923077 106.538461538462 111.307692307692 105.307692307692 97.1538461538462 97.1538461538462 97.6153846153846 106.615384615385 47.3076923076923 47.3076923076923 50.6923076923077 55.1538461538462 58.0769230769231 67.3846153846154 70.8461538461538 67.3846153846154 76.2307692307692 63.9230769230769 109.076923076923 104.615384615385 134.538461538462 133.307692307692 153.615384615385 124.230769230769 122.615384615385 192.307692307692 241 257.923076923077 283.846153846154 291.692307692308 274.076923076923 301.461538461538 305.384615384615 305.461538461538 303.846153846154 307.692307692308 311.230769230769 330.153846153846 391.923076923077 392.307692307692 391.153846153846 330.230769230769 331.692307692308 -9999 -9999 -9999 -9999 -9999 -9999 -9999 306 323.461538461538 326.230769230769 330.538461538462 316.692307692308 323.692307692308 318.461538461538
52.5384615384615 36.3076923076923 -9999 -9999 -9999 79.6153846153846 121 116.307692307692 135.538461538462 183.153846153846 179.615384615385 165.692307692308 114.846153846154 167.846153846154 132.615384615385 114.230769230769 103.307692307692 63.6923076923077 48.3846153846154 58.6923076923077 60.8461538461538 52.0769230769231 58 84.8461538461538 68.3846153846154 73.9230769230769 71.3076923076923 101.923076923077 136.923076923077 154.230769230769 181.153846153846 180.923076923077 180.076923076923 242.923076923077 247.076923076923 258 273.769230769231 272.846153846154 286.230769230769 287.615384615385 287.461538461538 295.846153846154 -9999 -9999 306.230769230769 -9999 392.153846153846 392.153846153846 394.538461538462 397.769230769231 381.076923076923 374.615384615385 -9999 -9999 -9999 -9999 -9999 -9999 -9999 296.615384615385 -9999 -9999 -9999 334.307692307692 342.846153846154
50.6923076923077 53.3076923076923 44.6153846153846 42.5384615384615 -9999 68.6153846153846 85.3846153846154 111.692307692308 122.384615384615 183.384615384615 199.769230769231 175.153846153846 130.307692307692 143 153.153846153846 108.076923076923 84.8461538461538 91.3846153846154 104.153846153846 54.0769230769231 46.6153846153846 51.3846153846154 62.5384615384615 62.4615384615385 57 80.6153846153846 83.1538461538462 100 134.384615384615 169.153846153846 159.615384615385 187 209.692307692308 242.538461538462 253.307692307692 266.846153846154 250.846153846154 271.538461538462 275.076923076923 250.692307692308 -9999 -9999 -9999 -9999 -9999 -9999 -9999 -9999 -9999 -9999 -9999 -9999 -9999 -9999 -9999 -9999 -9999 -9999 -9999 -9999 -9999 -9999 -9999 -9999 350.538461538462
-9999 45.5384615384615 60.6153846153846 35.0769230769231 -9999 -9999 69.8461538461538 93.5384615384615 122.846153846154 190.307692307692 200.076923076923 148.538461538462 144.076923076923 147.384615384615 133.153846153846 115.076923076923 115.538461538462 105.846153846154 56.7692307692308 62.6153846153846 53 123.307692307692 127.384615384615 116.153846153846 62.2307692307692 71.9230769230769 69.3846153846154 120.846153846154 142.384615384615 152.307692307692 176.692307692308 176.538461538462 211.769230769231 234.769230769231 251.923076923077 256.461538461538 258.923076923077 239.461538461538 249.538461538462 -9999 -9999 -9999 -9999 -9999 -9999 -9999 -9999 -9999 -9999 -9999 -9999 -9999 -9999 -9999 -9999 -9999 -9999 -9999 -9999 -9999 -9999 -9999 -9999 -9999 -9999
-9999 -9999 50.3846153846154 46.4615384615385 -9999 -9999 -9999 93.3076923076923 112.384615384615 146.230769230769 235.153846153846 251.846153846154 177.307692307692 172.769230769231 164.076923076923 172.307692307692 122.307692307692 127.461538461538 80.7692307692308 55.5384615384615 56.5384615384615 56.6923076923077 76.4615384615385 81.2307692307692 85.3846153846154 84 76.6923076923077 102.230769230769 129.230769230769 157.230769230769 172.461538461538 165.769230769231 210.153846153846 229.538461538462 230.153846153846 261 -9999 -9999 -9999 -9999 -9999 -9999 -9999 -9999 -9999 -9999 -9999 -9999 -9999 -9999 -9999 -9999 -9999 -9999 -9999 -9999 -9999 -9999 -9999 -9999 -9999 -9999 -9999 -9999 347.076923076923
39.3846153846154 44.6923076923077 45.7692307692308 50.3076923076923 47.6923076923077 -9999 -9999 -9999 -9999 122 187.076923076923 228.538461538462 317.769230769231 147.153846153846 165.769230769231 154.923076923077 125.846153846154 127.692307692308 133.923076923077 101.846153846154 65.9230769230769 58 79.0769230769231 110.538461538462 104.615384615385 108.769230769231 80.6923076923077 81.4615384615385 91.4615384615385 112.230769230769 134.384615384615 163.692307692308 180.230769230769 228.846153846154 235.846153846154 -9999 -9999 -9999 -9999 -9999 -9999 -9999 -9999 -9999 -9999 -9999 -9999 -9999 -9999 -9999 -9999 -9999 -9999 -9999 -9999 -9999 -9999 -9999 -9999 -9999 -9999 -9999 -9999 -9999 349.769230769231
-9999 38.9230769230769 48.5384615384615 51.7692307692308 96.9230769230769 48.3076923076923 -9999 -9999 -9999 107.153846153846 123.230769230769 205.461538461538 318.461538461538 305.769230769231 152.230769230769 153.307692307692 137.307692307692 133.692307692308 166.769230769231 144.384615384615 142.538461538462 111.846153846154 84.7692307692308 62.2307692307692 91.7692307692308 75.3076923076923 55.0769230769231 91.0769230769231 91 87.3846153846154 102.615384615385 151.923076923077 171.769230769231 193.076923076923 231.307692307692 -9999 -9999 -9999 -9999 -9999 -9999 -9999 -9999 -9999 -9999 -9999 -9999 -9999 -9999 -9999 -9999 -9999 -9999 -9999 -9999 -9999 -9999 -9999 -9999 -9999 -9999 -9999 -9999 -9999 -9999
-9999 -9999 -9999 -9999 73.5384615384615 115.923076923077 58.2307692307692 -9999 -9999 -9999 -9999 145.076923076923 230.923076923077 304.538461538462 319.461538461538 177.846153846154 169.538461538462 138.846153846154 115.923076923077 141.615384615385 178.692307692308 66.4615384615385 74.3846153846154 89.6923076923077 63.4615384615385 62.9230769230769 78.5384615384615 83.2307692307692 84.4615384615385 98.2307692307692 115.692307692308 157 161.769230769231 179.230769230769 187.615384615385 -9999 -9999 -9999 -9999 -9999 -9999 -9999 -9999 -9999 -9999 -9999 -9999 -9999 -9999 -9999 -9999 -9999 -9999 -9999 -9999 -9999 -9999 -9999 -9999 -9999 -9999 -9999 -9999 -9999 -9999
-9999 -9999 -9999 -9999 -9999 46.9230769230769 74.3076923076923 -9999 -9999 -9999 -9999 119.153846153846 146.384615384615 317.384615384615 324.307692307692 253.307692307692 208.615384615385 186.230769230769 107.923076923077 122.923076923077 138.461538461538 77.5384615384615 78.1538461538462 51.7692307692308 58.5384615384615 100.307692307692 100.692307692308 107.769230769231 158.692307692308 196.615384615385 175 152.076923076923 160.923076923077 158.923076923077 174.307692307692 -9999 -9999 -9999 -9999 -9999 -9999 -9999 -9999 -9999 -9999 -9999 -9999 -9999 -9999 -9999 -9999 -9999 -9999 -9999 -9999 -9999 -9999 -9999 -9999 -9999 -9999 -9999 -9999 -9999 -9999
-9999 -9999 -9999 -9999 -9999 -9999 50.7692307692308 72.3076923076923 -9999 -9999 -9999 103.384615384615 124.230769230769 153 323.769230769231 286.230769230769 214.153846153846 195.769230769231 144.846153846154 143.769230769231 154.692307692308 153.692307692308 63.9230769230769 62.1538461538462 76 100.615384615385 118 104.769230769231 174.307692307692 312.692307692308 227.692307692308 169.461538461538 160.461538461538 158.923076923077 205.384615384615 224.615384615385 -9999 -9999 -9999 -9999 -9999 -9999 -9999 -9999 -9999 -9999 -9999 -9999 -9999 -9999 -9999 -9999 -9999 -9999 -9999 -9999 -9999 -9999 -9999 -9999 -9999 -9999 -9999 -9999 -9999
-9999 -9999 -9999 -9999 -9999 -9999 46.6153846153846 93.0769230769231 -9999 -9999 -9999 -9999 -9999 120.153846153846 238.230769230769 318.692307692308 302.923076923077 216.538461538462 163.461538461538 121.461538461538 139.461538461538 134 85.4615384615385 133.307692307692 64.3846153846154 124.538461538462 134.769230769231 139.076923076923 123 148.230769230769 253.615384615385 202.769230769231 167.923076923077 163.153846153846 177.307692307692 -9999 -9999 -9999 -9999 -9999 -9999 -9999 -9999 -9999 -9999 -9999 -9999 -9999 -9999 -9999 -9999 -9999 -9999 -9999 -9999 -9999 -9999 -9999 -9999 -9999 -9999 -9999 -9999 -9999 -9999
-9999 -9999 -9999 -9999 -9999 -9999 40.2307692307692 57.9230769230769 62.0769230769231 -9999 -9999 -9999 -9999 -9999 131.923076923077 187.615384615385 346.153846153846 289.538461538462 198.538461538462 165.307692307692 116.769230769231 126.307692307692 140.923076923077 139.769230769231 163.769230769231 131.153846153846 120.846153846154 118.384615384615 143.076923076923 145.153846153846 261.153846153846 243.307692307692 227.615384615385 217.461538461538 236.230769230769 -9999 -9999 -9999 -9999 -9999 -9999 -9999 -9999 -9999 -9999 -9999 -9999 -9999 -9999 -9999 -9999 -9999 -9999 -9999 -9999 -9999 -9999 -9999 -9999 -9999 -9999 -9999 -9999 -9999 -9999
-9999 -9999 -9999 -9999 -9999 -9999 -9999 47.8461538461538 49.1538461538462 86.7692307692308 -9999 -9999 -9999 -9999 -9999 128.692307692308 339.076923076923 287.692307692308 276.846153846154 204.692307692308 145.307692307692 154.076923076923 152.692307692308 127 121.230769230769 179.307692307692 156.846153846154 108.692307692308 101 112.538461538462 170.692307692308 245.076923076923 188.461538461538 175.307692307692 253.307692307692 -9999 -9999 -9999 -9999 -9999 -9999 -9999 -9999 -9999 -9999 -9999 -9999 -9999 -9999 -9999 -9999 -9999 -9999 -9999 -9999 -9999 -9999 -9999 -9999 -9999 -9999 -9999 -9999 -9999 -9999
-9999 -9999 -9999 -9999 -9999 -9999 -9999 -9999 -9999 186.076923076923 167.692307692308 -9999 -9999 -9999 -9999 -9999 167.923076923077 343.461538461538 276.384615384615 248.846153846154 227.076923076923 156.230769230769 163.461538461538 127.769230769231 131.538461538462 170.153846153846 152.538461538462 111.692307692308 101 136.846153846154 125.692307692308 252.384615384615 185 289.923076923077 302 -9999 -9999 -9999 -9999 -9999 -9999 -9999 -9999 -9999 -9999 -9999 -9999 -9999 -9999 -9999 -9999 -9999 -9999 -9999 -9999 -9999 -9999 -9999 -9999 -9999 -9999 -9999 -9999 -9999 -9999
-9999 -9999 -9999 -9999 -9999 -9999 -9999 -9999 -9999 -9999 215 -9999 -9999 -9999 -9999 -9999 -9999 273.384615384615 325 246.384615384615 212.846153846154 176.769230769231 145.384615384615 149.076923076923 139.153846153846 129 101 115.153846153846 134.076923076923 101 140.461538461538 217.615384615385 206.307692307692 283.538461538462 326.692307692308 -9999 -9999 -9999 -9999 -9999 -9999 -9999 -9999 -9999 -9999 -9999 -9999 -9999 -9999 -9999 -9999 -9999 -9999 -9999 -9999 -9999 -9999 -9999 -9999 -9999 -9999 -9999 -9999 -9999 -9999
-9999 -9999 -9999 -9999 -9999 -9999 -9999 -9999 -9999 -9999 -9999 -9999 -9999 -9999 -9999 -9999 -9999 -9999 347.153846153846 390.461538461538 286.230769230769 201.923076923077 140.307692307692 137.230769230769 140.769230769231 150.076923076923 101 127.461538461538 175.461538461538 190.923076923077 267.307692307692 395.384615384615 266.692307692308 175.538461538462 -9999 -9999 -9999 -9999 -9999 -9999 -9999 -9999 -9999 -9999 -9999 -9999 -9999 -9999 -9999 -9999 -9999 -9999 -9999 -9999 -9999 -9999 -9999 -9999 -9999 -9999 -9999 -9999 404.384615384615 432.846153846154 414.846153846154
-9999 -9999 -9999 -9999 -9999 -9999 -9999 -9999 -9999 -9999 -9999 -9999 -9999 -9999 -9999 -9999 -9999 -9999 -9999 398.153846153846 395.076923076923 281 207.692307692308 128 128 130.538461538462 104 127.384615384615 117.230769230769 262.076923076923 266.153846153846 402.692307692308 388.923076923077 332.923076923077 -9999 -9999 -9999 -9999 -9999 -9999 -9999 -9999 -9999 -9999 -9999 -9999 -9999 -9999 -9999 -9999 -9999 -9999 -9999 -9999 -9999 -9999 -9999 -9999 -9999 -9999 -9999 420.307692307692 428.384615384615 -9999 -9999
-9999 -9999 -9999 -9999 -9999 -9999 -9999 -9999 -9999 -9999 -9999 -9999 -9999 -9999 -9999 -9999 -9999 -9999 -9999 383.307692307692 400.076923076923 328.461538461538 157.230769230769 138.692307692308 135.692307692308 119.153846153846 127.153846153846 113 115.615384615385 114.230769230769 325.615384615385 408.846153846154 414.153846153846 390.692307692308 351.615384615385 -9999 -9999 -9999 -9999 -9999 -9999 -9999 -9999 -9999 -9999 -9999 -9999 -9999 -9999 -9999 -9999 -9999 -9999 -9999 -9999 -9999 -9999 -9999 -9999 -9999 -9999 -9999 -9999 -9999 411.615384615385
-9999 -9999 -9999 -9999 -9999 -9999 -9999 -9999 -9999 -9999 -9999 -9999 -9999 -9999 -9999 -9999 -9999 -9999 -9999 -9999 377.538461538462 343.461538461538 332.846153846154 172 166.692307692308 135.769230769231 127.153846153846 158.230769230769 132 117.923076923077 265.461538461538 330.461538461538 412.307692307692 399.692307692308 397.769230769231 -9999 -9999 -9999 -9999 -9999 -9999 -9999 -9999 -9999 -9999 -9999 -9999 -9999 -9999 -9999 -9999 217.461538461538 314.846153846154 350.692307692308 393.461538461538 394.615384615385 -9999 -9999 -9999 -9999 -9999 -9999 -9999 -9999 -9999
-9999 -9999 -9999 -9999 -9999 -9999 -9999 -9999 -9999 -9999 -9999 -9999 -9999 -9999 -9999 -9999 -9999 -9999 -9999 394.769230769231 300.769230769231 265.769230769231 380.923076923077 372.846153846154 249.230769230769 152 205 154 178.230769230769 145.538461538462 165.846153846154 189.923076923077 245.769230769231 406.384615384615 414.153846153846 385.076923076923 -9999 -9999 -9999 -9999 -9999 -9999 -9999 -9999 -9999 -9999 -9999 -9999 -9999 179.153846153846 314.230769230769 333.230769230769 382.307692307692 396.307692307692 400.769230769231 412.153846153846 -9999 -9999 -9999 -9999 -9999 -9999 -9999 -9999 -9999
-9999 -9999 -9999 -9999 -9999 -9999 -9999 -9999 -9999 -9999 -9999 -9999 -9999 -9999 -9999 -9999 -9999 -9999 -9999 399.461538461538 304.307692307692 295.461538461538 242.461538461538 230.692307692308 246.923076923077 263.923076923077 274.153846153846 205 154.923076923077 188.538461538462 214.153846153846 220.923076923077 283.076923076923 374 417.230769230769 387.153846153846 -9999 -9999 -9999 -9999 -9999 -9999 -9999 -9999 -9999 -9999 -9999 -9999 -9999 336 333.076923076923 366.923076923077 391.307692307692 394.230769230769 412.692307692308 -9999 -9999 -9999 -9999 -9999 -9999 -9999 -9999 -9999 -9999
