rasters/terrain/altitude.asc
NCOLS 720 
NROWS 300 
XLLCORNER -180 
YLLCORNER -60 
CELLSIZE 0.5 
NODATA_value -3.4e+38 
[rows 100 to 124 of 300, columns 392 to 447 of 720]
584.908996582031 -3.4e+38 -3.4e+38 -3.4e+38 -3.4e+38 -3.4e+38 -3.4e+38 157.264953613281 433.121459960938 775.563354492188 1189.15551757812 542.971130371094 321.817779541016 370.194641113281 -3.4e+38 -3.4e+38 -3.4e+38 -3.4e+38 -3.4e+38 -3.4e+38 186.212966918945 398.316680908203 418.276672363281 316.461120605469 418.126678466797 652.562194824219 932.916687011719 1102.48449707031 982.862243652344 967.700012207031 1025.01440429688 886.125549316406 907.091125488281 1083.62438964844 1050.048828125 983.535583496094 998.648864746094 1164.56884765625 1172.77111816406 1260.61779785156 1463.79663085938 1468.76782226562 1493.98889160156 1640.04443359375 1740.59558105469 1705.10107421875 1920.96105957031 1983.19116210938 1812.81994628906 2042.314453125 2211.72338867188 2051.14990234375 2166.11669921875 1969.02331542969 2084.47338867188 1910.28552246094
736.527770996094 766.606201171875 -3.4e+38 -3.4e+38 -3.4e+38 -3.4e+38 -3.4e+38 -3.4e+38 -3.4e+38 456.816009521484 728.796691894531 766.715576171875 304.756652832031 366.929473876953 360.024658203125 -3.4e+38 -3.4e+38 -3.4e+38 -3.4e+38 -3.4e+38 224.673080444336 177.174026489258 391.939331054688 421.23779296875 661.146667480469 1024.73327636719 1122.60888671875 1176.85888671875 1169.09997558594 1176.43664550781 929.362243652344 931.864440917969 947.934448242188 1141.40112304688 968.681091308594 1082.18334960938 1167.435546875 1102.16552734375 1194.70336914062 1481.62109375 1465.51892089844 1608.69885253906 1640.76110839844 1681.935546875 1544.7578125 1677.9599609375 1765.193359375 1746.15112304688 1733.2255859375 2038.60217285156 2117.14892578125 1876.91223144531 1660.48107910156 1759.42883300781 2310.13232421875 2399.62670898438
449.377532958984 -3.4e+38 -3.4e+38 -3.4e+38 -3.4e+38 -3.4e+38 -3.4e+38 -3.4e+38 -3.4e+38 265.343017578125 279.800476074219 874.58251953125 840.365966796875 470.921905517578 -3.4e+38 -3.4e+38 -3.4e+38 -3.4e+38 -3.4e+38 -3.4e+38 -3.4e+38 -3.4e+38 354.729644775391 184.667770385742 473.548889160156 688.634460449219 883.146667480469 1208.92004394531 1259.93334960938 1174.9921875 1208.00891113281 1076.20776367188 1037.94445800781 1052.09338378906 920.188903808594 1083.38220214844 1117.60998535156 1212.1044921875 1312.46997070312 1480.22448730469 1693.548828125 1867.78112792969 1755.97998046875 1501.53771972656 1154.46447753906 1164.193359375 1110.20446777344 1160.29553222656 1435.47338867188 1506.18334960938 1646.37890625 1580.00109863281 1858.21997070312 1869.18994140625 1725.87219238281 2115.0078125
433.485015869141 -3.4e+38 -3.4e+38 -3.4e+38 -3.4e+38 -3.4e+38 -3.4e+38 -3.4e+38 -3.4e+38 -3.4e+38 -3.4e+38 478.8818359375 -3.4e+38 -3.4e+38 323.106048583984 298.304870605469 -3.4e+38 -3.4e+38 -3.4e+38 -3.4e+38 -3.4e+38 201.518966674805 243.316986083984 448.501098632812 707.896667480469 679.070007324219 787.845581054688 1002.02557373047 1263.04663085938 1250.4677734375 1374.3466796875 1240.2421875 1235.00219726562 1050.27551269531 991.707763671875 986.885559082031 1401.39331054688 1516.41662597656 1368.18774414062 1572.23449707031 1747.98559570312 1660.61779785156 1450.2255859375 1567.01440429688 1367.96557617188 1296.58666992188 1230.11108398438 973.130004882812 832.945556640625 881.245544433594 948.142211914062 1321.16223144531 1777.47448730469 2162.177734375 2124.49560546875 2478.37451171875
-3.4e+38 -3.4e+38 -3.4e+38 -3.4e+38 -3.4e+38 -3.4e+38 -3.4e+38 -3.4e+38 -3.4e+38 210.388534545898 -3.4e+38 502.51318359375 1001.86553955078 416.442535400391 -3.4e+38 -3.4e+38 -3.4e+38 -3.4e+38 -3.4e+38 -3.4e+38 -3.4e+38 272.790008544922 210.837844848633 342.747222900391 503.452209472656 719.053344726562 912.281127929688 1118.27331542969 1158.03332519531 1137.34558105469 1494.67883300781 1273.677734375 1447.06115722656 1019.65557861328 1055.58996582031 1083.01782226562 1148.58447265625 1557.04223632812 1750.46105957031 1055.06994628906 1333.12670898438 1125.86218261719 1410.14001464844 1093.11779785156 847.632202148438 704.854431152344 779.222229003906 1128.02783203125 783.732238769531 733.113342285156 819.234436035156 827.983337402344 1335.80224609375 1873.95446777344 2452.49877929688 2538.52880859375
-3.4e+38 -3.4e+38 -3.4e+38 -3.4e+38 -3.4e+38 -3.4e+38 -3.4e+38 -3.4e+38 -3.4e+38 -3.4e+38 -3.4e+38 394.48486328125 675.666687011719 724.432922363281 -3.4e+38 -3.4e+38 -3.4e+38 -3.4e+38 -3.4e+38 -3.4e+38 -3.4e+38 -3.4e+38 -3.4e+38 368.680511474609 723.929077148438 935.316650390625 1189.4111328125 1349.09887695312 1170.88549804688 575.748901367188 1058.57666015625 1453.10559082031 1469.6533203125 1199.685546875 1151.44445800781 1465.77331542969 2053.56567382812 1254.13439941406 386.361114501953 124.697776794434 354.269989013672 841.146667480469 860.132202148438 642.936645507812 593.735534667969 648.888916015625 636.35888671875 642.383361816406 642.602233886719 748.164428710938 781.476684570312 701.694458007812 606.183349609375 1001.69555664062 1463.564453125 1621.03894042969
-3.4e+38 -3.4e+38 -3.4e+38 -3.4e+38 -3.4e+38 -3.4e+38 -3.4e+38 -3.4e+38 -3.4e+38 -3.4e+38 -3.4e+38 -3.4e+38 -3.4e+38 -3.4e+38 -3.4e+38 -3.4e+38 -3.4e+38 -3.4e+38 126.809524536133 -3.4e+38 -3.4e+38 -3.4e+38 -3.4e+38 -3.4e+38 204.565322875977 275.989288330078 834.116882324219 1579.22448730469 1403.02893066406 -3.4e+38 -3.4e+38 678.977416992188 1533.49108886719 1519.65002441406 989.597778320312 1439.75671386719 1046.85192871094 -3.4e+38 18.1286773681641 77.5589752197266 689.751953125 555.125549316406 635.948913574219 513.906677246094 467.086669921875 427.239990234375 417.228881835938 426.476654052734 379.106658935547 371.246673583984 365.318878173828 383.427764892578 403.3466796875 416.134429931641 671.555541992188 710.303344726562
-3.4e+38 -3.4e+38 -3.4e+38 -3.4e+38 -3.4e+38 -3.4e+38 -3.4e+38 -3.4e+38 -3.4e+38 -3.4e+38 -3.4e+38 -3.4e+38 -3.4e+38 -3.4e+38 -3.4e+38 -3.4e+38 -3.4e+38 -3.4e+38 -3.4e+38 -3.4e+38 -3.4e+38 -3.4e+38 -3.4e+38 -3.4e+38 -3.4e+38 -3.4e+38 -3.4e+38 845.001708984375 -3.4e+38 -3.4e+38 -3.4e+38 -3.4e+38 -3.4e+38 1182.80407714844 844.960510253906 518.085388183594 -3.4e+38 -3.4e+38 -3.4e+38 -3.4e+38 342.114440917969 361.200012207031 425.852233886719 411.392211914062 394.274444580078 332.373321533203 338.187774658203 430.736663818359 466.773345947266 326.493347167969 410.817779541016 488.119995117188 348.232208251953 313.816680908203 282.140014648438 333.940002441406
-3.4e+38 -3.4e+38 -3.4e+38 -3.4e+38 -3.4e+38 -3.4e+38 -3.4e+38 -3.4e+38 -3.4e+38 -3.4e+38 -3.4e+38 -3.4e+38 -3.4e+38 -3.4e+38 -3.4e+38 -3.4e+38 -3.4e+38 -3.4e+38 -3.4e+38 -3.4e+38 -3.4e+38 -3.4e+38 -3.4e+38 -3.4e+38 -3.4e+38 -3.4e+38 -3.4e+38 -3.4e+38 -3.4e+38 -3.4e+38 -3.4e+38 -3.4e+38 -3.4e+38 -3.4e+38 -3.4e+38 -3.4e+38 -3.4e+38 -3.4e+38 -3.4e+38 -3.4e+38 472.872222900391 440.161102294922 334.171112060547 357.547790527344 352.711120605469 311.697784423828 319.274444580078 301.853332519531 304.302215576172 265.859985351562 281.842224121094 261.652221679688 250.315551757812 214.386672973633 209.544448852539 293.381103515625
-3.4e+38 -3.4e+38 -3.4e+38 -3.4e+38 -3.4e+38 -3.4e+38 -3.4e+38 -3.4e+38 -3.4e+38 -3.4e+38 -3.4e+38 -3.4e+38 -3.4e+38 -3.4e+38 -3.4e+38 -3.4e+38 615.156921386719 539.493103027344 405.173767089844 477.033111572266 298.800872802734 -3.4e+38 -3.4e+38 -3.4e+38 -3.4e+38 -3.4e+38 -3.4e+38 -3.4e+38 -3.4e+38 -3.4e+38 -3.4e+38 -3.4e+38 -3.4e+38 -3.4e+38 238.079879760742 108.252815246582 -3.4e+38 -3.4e+38 -3.4e+38 -3.4e+38 531.753356933594 366.363342285156 462.183319091797 538.912231445312 520.381103515625 479.971099853516 544.323303222656 377.585540771484 234.404449462891 218.757781982422 204.014450073242 265.614440917969 237.24333190918 182.927780151367 177.710006713867 186.382217407227
-3.4e+38 -3.4e+38 -3.4e+38 -3.4e+38 -3.4e+38 -3.4e+38 -3.4e+38 -3.4e+38 -3.4e+38 -3.4e+38 -3.4e+38 -3.4e+38 -3.4e+38 -3.4e+38 -3.4e+38 -3.4e+38 -3.4e+38 -3.4e+38 -3.4e+38 -3.4e+38 -3.4e+38 -3.4e+38 -3.4e+38 -3.4e+38 -3.4e+38 -3.4e+38 -3.4e+38 -3.4e+38 -3.4e+38 -3.4e+38 -3.4e+38 -3.4e+38 -3.4e+38 542.336547851562 429.586273193359 -3.4e+38 -3.4e+38 -3.4e+38 -3.4e+38 -3.4e+38 442.688690185547 538.115539550781 725.553344726562 788.494445800781 784.67333984375 538.036682128906 355.115570068359 308.131103515625 261.529998779297 206.688888549805 200.793334960938 290.838897705078 272.915557861328 169.946670532227 121.139999389648 132.72444152832
-3.4e+38 -3.4e+38 -3.4e+38 -3.4e+38 -3.4e+38 -3.4e+38 -3.4e+38 -3.4e+38 -3.4e+38 -3.4e+38 -3.4e+38 -3.4e+38 -3.4e+38 -3.4e+38 -3.4e+38 -3.4e+38 -3.4e+38 -3.4e+38 -3.4e+38 -3.4e+38 -3.4e+38 -3.4e+38 -3.4e+38 -3.4e+38 -3.4e+38 -3.4e+38 -3.4e+38 -3.4e+38 -3.4e+38 -3.4e+38 -3.4e+38 -3.4e+38 -3.4e+38 -3.4e+38 -3.4e+38 -3.4e+38 -3.4e+38 -3.4e+38 -3.4e+38 903.536560058594 1439.37329101562 1177.85559082031 817.407775878906 724.913330078125 510.228881835938 531.477783203125 559.158874511719 483.498901367188 390.051116943359 308.388885498047 277.111114501953 262.954437255859 177.155548095703 164.103332519531 77.6722259521484 82.6488876342773
-3.4e+38 -3.4e+38 -3.4e+38 -3.4e+38 -3.4e+38 -3.4e+38 -3.4e+38 -3.4e+38 -3.4e+38 -3.4e+38 -3.4e+38 -3.4e+38 -3.4e+38 -3.4e+38 -3.4e+38 -3.4e+38 -3.4e+38 -3.4e+38 -3.4e+38 -3.4e+38 -3.4e+38 -3.4e+38 -3.4e+38 -3.4e+38 -3.4e+38 -3.4e+38 -3.4e+38 -3.4e+38 -3.4e+38 -3.4e+38 -3.4e+38 -3.4e+38 -3.4e+38 -3.4e+38 -3.4e+38 -3.4e+38 -3.4e+38 -3.4e+38 -3.4e+38 1065.22863769531 1391.87670898438 940.506652832031 799.580017089844 807.603332519531 718.778869628906 685.200012207031 674.52001953125 628.654418945312 513.816650390625 471.0322265625 423.230010986328 361.776672363281 236.762222290039 109.212219238281 62.189998626709 59.3588905334473
-3.4e+38 -3.4e+38 -3.4e+38 -3.4e+38 -3.4e+38 -3.4e+38 -3.4e+38 -3.4e+38 -3.4e+38 -3.4e+38 -3.4e+38 -3.4e+38 -3.4e+38 -3.4e+38 -3.4e+38 -3.4e+38 -3.4e+38 -3.4e+38 -3.4e+38 -3.4e+38 -3.4e+38 -3.4e+38 -3.4e+38 -3.4e+38 -3.4e+38 -3.4e+38 -3.4e+38 -3.4e+38 -3.4e+38 -3.4e+38 -3.4e+38 -3.4e+38 -3.4e+38 -3.4e+38 -3.4e+38 -3.4e+38 -3.4e+38 -3.4e+38 392.158477783203 876.644470214844 721.194458007812 671.771118164062 655.0888671875 652.953308105469 743.637756347656 751.624450683594 740.466674804688 735.602233886719 645.097778320312 558.042236328125 472.046661376953 386.405548095703 303.227783203125 148.427780151367 69.9866638183594 52.0666656494141
-3.4e+38 -3.4e+38 -3.4e+38 -3.4e+38 -3.4e+38 -3.4e+38 -3.4e+38 -3.4e+38 -3.4e+38 -3.4e+38 329.770751953125 549.717956542969 487.245697021484 240.708236694336 -3.4e+38 -3.4e+38 -3.4e+38 -3.4e+38 -3.4e+38 -3.4e+38 -3.4e+38 -3.4e+38 -3.4e+38 -3.4e+38 -3.4e+38 -3.4e+38 -3.4e+38 -3.4e+38 -3.4e+38 -3.4e+38 -3.4e+38 -3.4e+38 -3.4e+38 -3.4e+38 -3.4e+38 -3.4e+38 -3.4e+38 -3.4e+38 206.572341918945 269.385559082031 626.466674804688 1140.10998535156 739.330017089844 693.743347167969 704.884460449219 798.51220703125 827.607788085938 781.666687011719 732.478881835938 625.776672363281 519.761108398438 423.735565185547 329.677764892578 215.471115112305 91.4077758789062 40.060001373291
-3.4e+38 -3.4e+38 -3.4e+38 -3.4e+38 -3.4e+38 -3.4e+38 -3.4e+38 -3.4e+38 135.587997436523 393.550598144531 384.185546875 358.002227783203 277.804443359375 191.265548706055 113.046028137207 -3.4e+38 -3.4e+38 -3.4e+38 -3.4e+38 -3.4e+38 -3.4e+38 -3.4e+38 -3.4e+38 -3.4e+38 -3.4e+38 -3.4e+38 -3.4e+38 -3.4e+38 -3.4e+38 -3.4e+38 -3.4e+38 -3.4e+38 -3.4e+38 -3.4e+38 -3.4e+38 -3.4e+38 -3.4e+38 -3.4e+38 348.364410400391 449.101104736328 670.91552734375 920.981140136719 758.301086425781 802.283325195312 733.9033203125 859.142211914062 897.186645507812 819.5888671875 756.602233886719 656.895568847656 545.380004882812 419.191101074219 319.290008544922 263.551116943359 176.531112670898 100.452224731445
-3.4e+38 -3.4e+38 -3.4e+38 -3.4e+38 -3.4e+38 -3.4e+38 -3.4e+38 -3.4e+38 83.7395706176758 218.383331298828 154.588882446289 151.614440917969 152.491104125977 150.031112670898 178.163330078125 167.085556030273 160.170761108398 165.146987915039 -3.4e+38 -3.4e+38 -3.4e+38 -3.4e+38 -3.4e+38 -3.4e+38 -3.4e+38 -3.4e+38 -3.4e+38 -3.4e+38 -3.4e+38 -3.4e+38 -3.4e+38 -3.4e+38 -3.4e+38 -3.4e+38 -3.4e+38 -3.4e+38 -3.4e+38 136.929702758789 540.071899414062 407.204437255859 761.126647949219 571.028869628906 588.567749023438 762.934448242188 728.953308105469 847.592224121094 874.295532226562 825.66552734375 738.348876953125 662.381103515625 538.830017089844 401.944458007812 316.353332519531 282.832214355469 253.164443969727 173.152221679688
-3.4e+38 -3.4e+38 -3.4e+38 -3.4e+38 -3.4e+38 -3.4e+38 -3.4e+38 -3.4e+38 41.4922828674316 80.8144454956055 92.6133346557617 129.473327636719 131.619995117188 135.504440307617 142.934448242188 141.267776489258 177.661117553711 189.257781982422 174.090286254883 155.364440917969 151.687774658203 158.159088134766 132.835891723633 -3.4e+38 -3.4e+38 -3.4e+38 -3.4e+38 -3.4e+38 -3.4e+38 14.9728326797485 9.66666698455811 -3.4e+38 -3.4e+38 -3.4e+38 -3.4e+38 -3.4e+38 93.8701095581055 288.683319091797 195.688888549805 618.082214355469 844.489990234375 736.393310546875 574.931091308594 604.481140136719 769.264465332031 807.674438476562 842.408874511719 816.607788085938 767.578918457031 659.007751464844 506.106658935547 391.066680908203 319.627777099609 312.418884277344 304.952209472656 264.894439697266
125.895553588867 127.997779846191 122.484443664551 99.2453079223633 68.9914016723633 -3.4e+38 -3.4e+38 -3.4e+38 58.9712753295898 59.168888092041 67.2322235107422 92.9911117553711 98.5488891601562 109.638885498047 107.066665649414 110.629997253418 158.153335571289 175.851104736328 196.345550537109 214.613327026367 210.002227783203 209.734451293945 208.157775878906 175.101104736328 116.940002441406 65.8785552978516 67.9812316894531 52.5916862487793 23.501859664917 16.404857635498 10.3179483413696 15.4576272964478 30.3866996765137 95.6689300537109 237.940002441406 172.274444580078 249.507781982422 538.067749023438 75.6277770996094 980.83447265625 911.646667480469 875.2744140625 704.2822265625 582.845581054688 565.243347167969 693.028869628906 865.204467773438 820.364440917969 770.789978027344 646.702209472656 529.553344726562 438.302215576172 381.187774658203 340.278900146484 358.878875732422 330.871124267578
239.718887329102 224.637771606445 195.997772216797 178.479995727539 135.835556030273 63.1315269470215 32.5404777526855 26.0043563842773 26.3203754425049 22.5222225189209 16.6044445037842 58.4633331298828 59.3600006103516 68.5722198486328 84.2766647338867 98.0166702270508 120.111114501953 133.009994506836 165.49333190918 189.664443969727 193.718887329102 122.792221069336 77.0666656494141 4.78000020980835 9.51222229003906 45.843334197998 81.9488906860352 108.11888885498 78.4700012207031 68.3488922119141 38.3444442749023 144.10888671875 127.328887939453 213.89111328125 451.878875732422 360.166656494141 381.776672363281 529.797790527344 547.124450683594 1138.62890625 875.493347167969 902.861083984375 886.67333984375 700.152221679688 587.182250976562 585.37890625 738.768859863281 794.431091308594 696.461120605469 670.830017089844 577.993347167969 491.133331298828 444.277770996094 397.29443359375 365.242218017578 376.542236328125
384.614440917969 341.989990234375 253.945556640625 273.263336181641 276.252227783203 155.139999389648 91.1322250366211 6.54444456100464 19.9577770233154 15.3344440460205 4.39555549621582 26.9466667175293 55.4755554199219 62.3133316040039 53.2799987792969 50.0633316040039 44.4977760314941 57.0944442749023 132.642227172852 162.4677734375 177.015548706055 -15.993332862854 -70.1866683959961 -25.3255558013916 55.147777557373 117.139999389648 164.122222900391 194.132217407227 220.027770996094 138.862228393555 105.616668701172 400.714447021484 220.789993286133 125.273330688477 573.461120605469 523.426696777344 624.873352050781 604.622192382812 768.023315429688 1055.17224121094 876.387756347656 977.602233886719 987.619995117188 862.92333984375 683.606689453125 616.5966796875 702.177795410156 675.45556640625 664.103332519531 695.6533203125 631.039978027344 564.312194824219 525.875549316406 466.037780761719 436.777770996094 420.657775878906
383.694458007812 390.497772216797 228.247772216797 233.460006713867 284.707763671875 152.929992675781 88.3566665649414 115.172225952148 51.3188896179199 71.9800033569336 48.2188873291016 36.1855545043945 89.7111129760742 101.762222290039 84.7188873291016 75.6100006103516 72.3322219848633 68.9700012207031 62.0499992370605 37.7566680908203 78.6788864135742 -70.1022186279297 -75.5999984741211 -12.2722225189209 107.72444152832 185.395553588867 227.295562744141 251.712219238281 72.0611114501953 12.1711111068726 120.104446411133 532.785583496094 598.155578613281 22.7566661834717 511.227783203125 929.672241210938 952.931091308594 187.372222900391 1032.40222167969 1025.92333984375 748.525573730469 1020.78112792969 1090.87890625 809.037780761719 757.08447265625 749.682250976562 830.571105957031 785.9033203125 756.353332519531 753.922241210938 726.997802734375 675.443359375 616.001098632812 588.974426269531 534.772216796875 490.048889160156
447.393341064453 354.223327636719 285.483337402344 180.982223510742 278.383331298828 147.792221069336 145.935562133789 196.373336791992 145.966659545898 122.114440917969 102.876663208008 63.3066673278809 84.2466659545898 121.226669311523 117.562225341797 111.413330078125 106.867774963379 107.055557250977 102.158889770508 93.8199996948242 80.9811096191406 41.831111907959 36.2366676330566 93.9100036621094 171.651107788086 185.797775268555 171.445556640625 163.665557861328 156.361114501953 67.4611129760742 202.092224121094 327.574432373047 711.474426269531 132.036666870117 151.524444580078 1035.177734375 1021.89221191406 50.5277786254883 1085.54113769531 1147.42883300781 778.337768554688 850.702209472656 1035.86999511719 901.571105957031 883.768859863281 827.006652832031 856.257751464844 898.008911132812 868.036682128906 820.682250976562 773.5966796875 734.167785644531 701.62890625 667.166687011719 622.743347167969 555.515563964844
517.914428710938 432.853332519531 378.997772216797 318.167785644531 251.518890380859 229.068893432617 201.092224121094 174.561111450195 215.494445800781 168.265548706055 134.437774658203 102.473335266113 86.6777801513672 133.145553588867 132.422225952148 136.176666259766 137.533340454102 133.734451293945 134.022216796875 126.943336486816 120.125556945801 137.697784423828 149.477783203125 182.915557861328 213.71110534668 193.241104125977 183.5322265625 126.514442443848 133.60888671875 83.4899978637695 234.382217407227 443.019989013672 703.047790527344 513.781127929688 134.212936401367 542.032409667969 805.587097167969 144.177520751953 426.194244384766 1041.20336914062 965.280029296875 861.210021972656 975.586669921875 997.424438476562 944.54443359375 866.213317871094 899.072204589844 960.742248535156 940.442199707031 897.690002441406 840.503356933594 786.704467773438 745.763305664062 732.42333984375 678.724426269531 608.756652832031
557.95556640625 634.22998046875 671.219970703125 505.888885498047 360.984436035156 271.4677734375 249.917770385742 209.827774047852 187.110000610352 174.763336181641 155.816665649414 126.732223510742 104.021110534668 136.784439086914 141.287780761719 154.513336181641 160.449996948242 156.354446411133 157.834442138672 166.162216186523 147.715560913086 141.515548706055 166.877777099609 200.671112060547 200.735549926758 224.554443359375 232.603332519531 146.526672363281 117.24666595459 101.458885192871 266.978881835938 404.746673583984 662.541137695312 600.951110839844 233.624298095703 -3.4e+38 -3.4e+38 -3.4e+38 -3.4e+38 533.813354492188 999.44775390625 1293.685546875 1134.11999511719 1029.02893066406 921.204467773438 883.188903808594 988.291137695312 1015.56555175781 966.798889160156 906.078918457031 945.426696777344 918.314453125 793.484436035156 737.58447265625 697.12109375 620.525573730469
