rasters/terrain/altitude.asc
NCOLS 720 
NROWS 300 
XLLCORNER -180 
YLLCORNER -60 
CELLSIZE 0.5 
NODATA_value -3.4e+38 
[rows 75 to 99 of 300, columns 392 to 447 of 720]
80.8155517578125 78.89111328125 88.9688873291016 95.9344482421875 98.9655532836914 105.336669921875 112.924446105957 94.6366653442383 91.424446105957 95.9955520629883 100.217781066895 145.337783813477 156.089996337891 152.594451904297 153.965560913086 146.803329467773 146.678894042969 146.487777709961 145.89778137207 145.033340454102 138.592224121094 135.448883056641 131.202224731445 132.008895874023 135.933334350586 129.196670532227 131.498886108398 135.707778930664 132.264450073242 124.948890686035 140.077774047852 147.611114501953 154.758895874023 167.155548095703 156.124450683594 160.237777709961 180.050003051758 196.339996337891 204.148895263672 212.157775878906 226.698883056641 221.627777099609 198.845550537109 190.156661987305 189.183334350586 178.418884277344 145.087783813477 140.735549926758 141.741104125977 152.798889160156 159.572219848633 163.992218017578 160.707778930664 157.313339233398 174.27555847168 180.585556030273
94.4188919067383 98.053337097168 117.451110839844 131.94221496582 134.210006713867 137.791107177734 169.341110229492 189.052215576172 159.856674194336 156.317779541016 121.538887023926 146.131103515625 158.792221069336 150.617782592773 156.002227783203 156.246673583984 156.007781982422 153.001113891602 150.197784423828 146.433334350586 147.255554199219 140.078887939453 138.182220458984 144.937774658203 143.822219848633 143.354446411133 137.266662597656 117.155555725098 117.324447631836 130.78889465332 137.60221862793 128.297775268555 138.958892822266 158.419998168945 147.867782592773 175.111114501953 184.031112670898 178.718887329102 181.888885498047 203.948883056641 202.663330078125 216.565551757812 210.992218017578 207.208892822266 204.46110534668 173.386672973633 125.470001220703 146.864440917969 152.872222900391 147.985549926758 153.112228393555 151.368896484375 131.715560913086 134.331115722656 145.309997558594 183.096664428711
152.308883666992 127.201110839844 142.926666259766 175.985549926758 176.163330078125 185.253326416016 202.167770385742 211.339996337891 220.716659545898 240.00666809082 187.935562133789 156.603332519531 194.793334960938 191.771118164062 186.194442749023 176.58332824707 185.015548706055 175.419998168945 172.734451293945 174.85888671875 168.10888671875 161.402221679688 178.835556030273 186.085556030273 197.588882446289 168.082229614258 150.994445800781 133.631103515625 111.886665344238 117.60555267334 116.635559082031 116.76000213623 122.25333404541 133.266662597656 143.683334350586 152.441116333008 160.794448852539 173.742218017578 181.435562133789 195.9677734375 209.533340454102 213.454437255859 219.88444519043 176.410003662109 184.693328857422 171.00666809082 131.272216796875 131.468887329102 129.172225952148 144.165557861328 131.504440307617 118.694442749023 115.874443054199 145.10221862793 154.736663818359 158.50666809082
452.177764892578 271.074432373047 178.535552978516 164.138885498047 207.270004272461 259.808898925781 279.303344726562 259.321105957031 250.415557861328 275.755554199219 252.075561523438 171.427780151367 211.346664428711 244.592224121094 242.825561523438 214.964447021484 203.373336791992 217.03889465332 200.121109008789 209.864440917969 200.309997558594 198.30778503418 208.353332519531 209.61555480957 210.821105957031 189.002227783203 165.675552368164 149.646667480469 131.381103515625 109.114440917969 115.372222900391 126.35221862793 133.059997558594 147.028884887695 151.787780761719 158.248886108398 161.676666259766 158.584442138672 185.17333984375 186.523330688477 197.712219238281 185.694442749023 194.975555419922 178.007781982422 181.652221679688 163.888885498047 164.713333129883 144.507781982422 140.407775878906 178.873336791992 185.028884887695 153.521118164062 123.150001525879 115.875556945801 128.727783203125 142.563339233398
450.395568847656 566.393310546875 547.316650390625 285.317779541016 219.517776489258 264.077789306641 285.529998779297 340.5 248.228881835938 196.067779541016 188.029998779297 205.163330078125 198.876663208008 203.165557861328 259.436676025391 247.544448852539 213.336669921875 221.464447021484 227.252227783203 254.684448242188 255.368896484375 237.38444519043 248.994445800781 236.53889465332 233.982223510742 216.704437255859 194.264450073242 180.435562133789 172.17333984375 122.23999786377 101.415557861328 119.004447937012 117.508888244629 133.5322265625 126.407775878906 132.684448242188 137.218887329102 144.844451904297 148.068893432617 173.566665649414 174.13444519043 155.071105957031 172.856674194336 162.085556030273 154.902221679688 171.483337402344 153.413330078125 138.550003051758 126.791114807129 138.578887939453 153.935562133789 159.578887939453 111.180000305176 124.401107788086 127.325553894043 131.794448852539
515.917785644531 442.981109619141 417.268890380859 427.274444580078 328.126678466797 436.1533203125 521.461120605469 503.116668701172 492.348876953125 364.057769775391 357.89111328125 331.224456787109 347.776672363281 299.856658935547 255.405548095703 289.226654052734 292.088897705078 308.085540771484 356.344451904297 336.611114501953 295.497772216797 300.607788085938 295.720001220703 277.093322753906 272.014434814453 270.788879394531 236.514450073242 202.834442138672 184.388885498047 166.821105957031 142.247772216797 98.9733352661133 109.423332214355 97.7455520629883 110.716667175293 111.002220153809 138.071105957031 121.434448242188 149.242218017578 165.277770996094 141.344451904297 128.311111450195 152.515548706055 133.218887329102 152.087783813477 145.802215576172 138.533340454102 167.664443969727 159.997772216797 139.726669311523 123.795555114746 143.619995117188 116.915557861328 91.5255584716797 98.587776184082 136.795562744141
425.288879394531 356.615570068359 268.581115722656 368.004455566406 560.466674804688 601.456665039062 778.62109375 905.446655273438 889.398864746094 720.909973144531 483.299987792969 397.664459228516 561.156677246094 652.445556640625 575.578918457031 359.790008544922 292.537780761719 294.514434814453 350.140014648438 322.515563964844 312.306671142578 313.134429931641 308.648895263672 310.686676025391 277.812225341797 274.551116943359 256.848876953125 230.107772827148 216.44221496582 202.85221862793 171.89111328125 135.862228393555 122.788887023926 92.1800003051758 91.4333343505859 86.4733352661133 94.8211135864258 97.9111099243164 115.501113891602 143.701110839844 150.568893432617 124.294441223145 132.695556640625 128.710006713867 129.455551147461 117.951110839844 140.869995117188 120.860000610352 152.598892211914 143.084442138672 153.139999389648 155.052215576172 148.348892211914 137.970001220703 136.367782592773 100.273330688477
244.106674194336 204.309997558594 235.742218017578 338.933319091797 375.474456787109 588.695556640625 731.837768554688 850.425537109375 691.281127929688 561.442199707031 376.347778320312 199.828887939453 281.977783203125 550.62890625 739.85888671875 913.648864746094 655.215576171875 355.031097412109 297.92333984375 275.271118164062 246.465560913086 260.101104736328 250.216659545898 264.215545654297 271.844451904297 258.258880615234 227.796661376953 226.485549926758 216.404449462891 175.998886108398 182.99333190918 190.541107177734 178.570007324219 162.535552978516 143.408889770508 127.671112060547 92.1255569458008 80.2488861083984 97.728889465332 109.313331604004 133.911117553711 147.457778930664 151.093338012695 138.675552368164 145.895553588867 126.657775878906 96.6255569458008 100.691108703613 123.341110229492 121.395553588867 108.834442138672 130.841110229492 107.113334655762 117.191108703613 112.046669006348 73.6800003051758
268.087768554688 167.011108398438 209.395553588867 139.652221679688 198.655548095703 307.567779541016 373.8466796875 279.502227783203 287.345550537109 231.429992675781 199.240005493164 112.792221069336 106.846664428711 146.296661376953 352.647766113281 672.946655273438 1024.10778808594 883.54443359375 499.461120605469 313.231109619141 234.401107788086 185.943328857422 213.165557861328 197.509994506836 179.53889465332 217.017776489258 222.64778137207 182.855560302734 164.415557861328 147.759994506836 171.196670532227 202.262222290039 153.824447631836 155.990005493164 127.737777709961 126.663330078125 130.660003662109 115.817779541016 110.488891601562 128.992218017578 120.27222442627 135.003326416016 170.675552368164 186.143325805664 217.16667175293 235.92333984375 201.276672363281 164.986663818359 137.535552978516 100.408889770508 101.145553588867 114.788887023926 79.5933303833008 73.5055541992188 60.3622207641602 101.816665649414
425.026672363281 168.051116943359 117.703330993652 122.426666259766 153.265548706055 235.270004272461 206.907775878906 211.726669311523 163.558883666992 110.815551757812 90.5688858032227 127.107780456543 132.80778503418 125.206665039062 227.559997558594 584.535583496094 773.386657714844 1226.70446777344 1048.4599609375 625.773315429688 326.834442138672 181.309997558594 130.247772216797 148.456665039062 150.10221862793 186.036666870117 175.324447631836 179.847778320312 138.815551757812 118.556663513184 96.2544479370117 114.309997558594 97.696662902832 100.241111755371 84.4177780151367 84.142219543457 61.554443359375 78.2866668701172 66.4866638183594 104.571113586426 126.744445800781 144.100006103516 173.136672973633 173.745559692383 137.020004272461 98.7533340454102 116.338890075684 139.987777709961 118.945556640625 80.478889465332 63.8488883972168 66.1255569458008 48.3022232055664 61.0322227478027 74.4044418334961 107.261108398438
375.578887939453 199.868896484375 146.355560302734 292.134429931641 195.242218017578 138.789993286133 115.318885803223 116.245552062988 82.75 82.3166656494141 85.4555587768555 105.207778930664 199.133331298828 303.815551757812 314.537780761719 402.207763671875 474.591125488281 839.474426269531 1178.427734375 991.516662597656 543.525573730469 277.566680908203 137.582229614258 115.306663513184 195.921112060547 145.753326416016 105.282218933105 145.376663208008 108.518890380859 91.1699981689453 78.6144409179688 61.5533332824707 59.581111907959 60.560001373291 64.804443359375 63.7144432067871 57.9866676330566 61.8800010681152 74.6166687011719 86.1766662597656 160.347778320312 164.086669921875 126.24666595459 72.1733322143555 47.5099983215332 33.2633323669434 25.6966667175293 41.9700012207031 28.7322216033936 19.9966659545898 27.7477779388428 58.2555541992188 63.918888092041 67.7077789306641 88.0155563354492 88.7222213745117
238 204.039993286133 160.443328857422 174.104446411133 149.968887329102 120.702224731445 97.4766693115234 103.879997253418 79.3000030517578 82.2200012207031 84.1900024414062 111.536666870117 337.402221679688 890.104431152344 762.778869628906 430.165557861328 384.619995117188 498.708892822266 961.526672363281 1032.43664550781 809.883361816406 283.138885498047 268.537780761719 214.649993896484 124.937774658203 156.564437866211 106.417778015137 71.8567581176758 82.6133804321289 57.4007682800293 42.5684051513672 37.5762710571289 39.2172088623047 27.9544448852539 31.0077781677246 44.6511116027832 45.1633338928223 44.9677772521973 25.9388885498047 30.28444480896 32.9911117553711 16.0622215270996 -1.17111110687256 -3.58333325386047 4.19555568695068 17.5244445800781 35.6155548095703 44.8022232055664 69.1922225952148 94.9222259521484 63.9544448852539 50.5944442749023 83.8833312988281 104.424446105957 123.043334960938 112.835556030273
231.225555419922 169.175552368164 142.487777709961 163.759994506836 198.860000610352 116.821113586426 120.378890991211 105.997779846191 76.3000030517578 88.3788909912109 107.008888244629 184.436660766602 358.843322753906 632.957763671875 828.804443359375 386.817779541016 379.779998779297 470.718902587891 627.356689453125 864.668884277344 875.62109375 430.288879394531 213.242218017578 174.949996948242 111.589996337891 121.307777404785 110.255554199219 83.6275177001953 -3.4e+38 -3.4e+38 -3.4e+38 -3.4e+38 14.5060977935791 22.5497550964355 17.9981956481934 12.404444694519 11.6288890838623 10.6066665649414 -2.16888880729675 -8.8100004196167 -9.82666683197021 -11.8744440078735 -10.2455558776855 -4.80444431304932 4.06444454193115 17.9088897705078 33.8077774047852 47.1555557250977 65.2866668701172 80.4422225952148 73.4877777099609 62.9888877868652 49.4044456481934 31.9344444274902 44.3333320617676 94.7155532836914
140.005554199219 142.215560913086 195.277770996094 161.991104125977 106.323333740234 89.1233367919922 90.2644424438477 92.1055526733398 74.1455535888672 77.1244430541992 100.877777099609 162.690002441406 384.182220458984 509.517791748047 662.239990234375 961.531127929688 685.131103515625 909.027770996094 755.481140136719 728.406677246094 968.5966796875 666.613342285156 100.361114501953 105.624443054199 83.216667175293 81.8422241210938 51.3621940612793 30.5714282989502 -3.4e+38 -3.4e+38 -3.4e+38 -3.4e+38 -3.4e+38 -3.4e+38 51.0508079528809 31.296667098999 19.3233337402344 5.00555562973022 -5.46888875961304 -11.147777557373 -13.6411113739014 -14.460000038147 -12.567777633667 -5.01666688919067 -1.91777777671814 8.52666664123535 28.7122230529785 55.3022232055664 79.8233337402344 100.452224731445 94.6977767944336 99.4477767944336 120.606666564941 129.403335571289 111.957778930664 75.120002746582
228.271118164062 172.982223510742 209.277770996094 209.565551757812 128.136672973633 85.3611145019531 93.6977767944336 123.657775878906 82.4822235107422 84.1455535888672 98.6888885498047 323.816680908203 670.260009765625 1173.72888183594 756.977783203125 1021.31774902344 696.047790527344 796.130004882812 916.344421386719 799.051086425781 509.234436035156 254.130004882812 53.0555572509766 13.7299995422363 52.1599998474121 67.1601486206055 30.1451606750488 -3.4e+38 -3.4e+38 -3.4e+38 -3.4e+38 -3.4e+38 -3.4e+38 -3.4e+38 48.7916679382324 71.1246948242188 130.520004272461 122.372413635254 91.7951507568359 46.9678115844727 61.5867500305176 37.4307708740234 38.1255226135254 77.7868881225586 2.97888898849487 13.9799995422363 34.3199996948242 60.9044456481934 91.946662902832 132.963333129883 200.545562744141 268.216674804688 296.928894042969 240.387771606445 232.953338623047 195.24333190918
596.788879394531 432.309997558594 409.465545654297 305.374450683594 274.831115722656 240.820007324219 135.058883666992 108.419998168945 101.594444274902 125.821113586426 117.261108398438 352.412231445312 496.952209472656 309.731109619141 223.152221679688 274.394439697266 264.333343505859 301.946655273438 249.957778930664 170.637771606445 94.1933364868164 63.6111106872559 42.2888870239258 17.7511119842529 140.231262207031 99.2408065795898 -3.4e+38 -3.4e+38 -3.4e+38 -3.4e+38 -3.4e+38 -3.4e+38 -3.4e+38 -3.4e+38 -3.4e+38 204.755310058594 567.96142578125 -3.4e+38 -3.4e+38 -3.4e+38 -3.4e+38 -3.4e+38 -3.4e+38 192.274642944336 202.212478637695 151.529739379883 101.440002441406 140.00666809082 209.987777709961 263.162231445312 336.486663818359 386.540008544922 446.378875732422 394.135559082031 292.744445800781 186.987777709961
805.257751464844 1048.39892578125 925.535583496094 877.646667480469 706.196655273438 705.295532226562 515.057800292969 471.421112060547 320.994445800781 271.871124267578 185.751113891602 564.178894042969 348.2177734375 98.75 159.944442749023 131.053329467773 133.448883056641 132.336669921875 111.157775878906 90.6933364868164 57.1677780151367 47.3188896179199 42.6399993896484 57.2844429016113 84.6415328979492 -3.4e+38 -3.4e+38 -3.4e+38 -3.4e+38 -3.4e+38 -3.4e+38 -3.4e+38 -3.4e+38 -3.4e+38 -3.4e+38 -3.4e+38 -3.4e+38 -3.4e+38 -3.4e+38 -3.4e+38 -3.4e+38 -3.4e+38 -3.4e+38 -3.4e+38 -3.4e+38 -3.4e+38 381.478973388672 689.566650390625 793.836669921875 653.945556640625 743.155578613281 659.425537109375 687.309997558594 528.485534667969 366.329986572266 226.832229614258
404.663238525391 769.305908203125 1114.03552246094 1057.10559082031 996.936645507812 974.091125488281 858.299987792969 807.244445800781 600.16552734375 466.715545654297 259.816680908203 507.732208251953 434.20556640625 269.624450683594 105.502220153809 84.2077789306641 90.7955551147461 80.6022186279297 73.3155517578125 91.4811096191406 162.77555847168 232.286666870117 221.110000610352 206.764450073242 133.195556640625 -3.4e+38 -3.4e+38 -3.4e+38 -3.4e+38 -3.4e+38 -3.4e+38 -3.4e+38 -3.4e+38 -3.4e+38 -3.4e+38 -3.4e+38 -3.4e+38 -3.4e+38 -3.4e+38 -3.4e+38 -3.4e+38 -3.4e+38 -3.4e+38 -3.4e+38 -3.4e+38 -3.4e+38 -3.4e+38 731.227783203125 1537.27783203125 1882.12219238281 1628.01220703125 1392.22778320312 1681.83666992188 1561.74328613281 819.091125488281 318.155548095703
-3.4e+38 252.577880859375 456.339477539062 429.735931396484 1054.65551757812 1234.9599609375 1252.60339355469 1072.1533203125 1118.23107910156 891.4677734375 625.7744140625 378.164459228516 628.816650390625 883.456665039062 612.854431152344 348.264434814453 234.881103515625 285.244445800781 209.998886108398 184.671112060547 363.829986572266 288.628875732422 206.596664428711 186.441360473633 -3.4e+38 -3.4e+38 -3.4e+38 -3.4e+38 -3.4e+38 -3.4e+38 -3.4e+38 -3.4e+38 -3.4e+38 -3.4e+38 -3.4e+38 -3.4e+38 -3.4e+38 -3.4e+38 -3.4e+38 -3.4e+38 -3.4e+38 -3.4e+38 -3.4e+38 -3.4e+38 -3.4e+38 -3.4e+38 -3.4e+38 -3.4e+38 -3.4e+38 1109.00402832031 1706.37219238281 2196.58227539062 2570.3466796875 2690.87109375 2244.36767578125 1010.53442382812
-3.4e+38 -3.4e+38 -3.4e+38 276.531829833984 604.326477050781 988.506652832031 1129.18884277344 1317.23107910156 1214.05334472656 711.150024414062 749.342224121094 645.785583496094 953.138916015625 867.960021972656 809.593322753906 777.611083984375 919.028869628906 763.995544433594 655.733337402344 556.476684570312 493.026672363281 331.767791748047 221.793334960938 155.036148071289 -3.4e+38 -3.4e+38 -3.4e+38 -3.4e+38 -3.4e+38 -3.4e+38 -3.4e+38 -3.4e+38 -3.4e+38 -3.4e+38 -3.4e+38 -3.4e+38 -3.4e+38 -3.4e+38 -3.4e+38 -3.4e+38 -3.4e+38 -3.4e+38 -3.4e+38 -3.4e+38 -3.4e+38 -3.4e+38 -3.4e+38 -3.4e+38 -3.4e+38 -3.4e+38 -3.4e+38 713.347412109375 1346.6611328125 1711.12219238281 2068.70556640625 2429.064453125
-3.4e+38 -3.4e+38 -3.4e+38 -3.4e+38 -3.4e+38 -3.4e+38 306.147094726562 923.507263183594 727.207763671875 926.985534667969 756.745544433594 572.898864746094 1059.58447265625 879.344421386719 1163.39782714844 1208.06225585938 467.786651611328 264.105560302734 283.541107177734 172.482223510742 209.179992675781 219.841110229492 225.906661987305 150.281311035156 -3.4e+38 -3.4e+38 -3.4e+38 -3.4e+38 -3.4e+38 -3.4e+38 -3.4e+38 -3.4e+38 -3.4e+38 -3.4e+38 -3.4e+38 -3.4e+38 -3.4e+38 -3.4e+38 -3.4e+38 -3.4e+38 -3.4e+38 -3.4e+38 -3.4e+38 -3.4e+38 -3.4e+38 -3.4e+38 -3.4e+38 -3.4e+38 -3.4e+38 -3.4e+38 -3.4e+38 65.3454513549805 139.857772827148 405.637786865234 841.513305664062 1170.68774414062
-3.4e+38 -3.4e+38 -3.4e+38 -3.4e+38 -3.4e+38 -3.4e+38 -3.4e+38 376.563201904297 965.808898925781 1392.0810546875 1008.76000976562 456.73779296875 513.606689453125 919.656677246094 1012.5244140625 1201.02111816406 1341.70446777344 1230.58666992188 532.787780761719 287.279998779297 191.978881835938 173.316665649414 294.778900146484 304.815216064453 -3.4e+38 -3.4e+38 -3.4e+38 -3.4e+38 -3.4e+38 -3.4e+38 -3.4e+38 -3.4e+38 -3.4e+38 618.85693359375 842.028930664062 1005.20001220703 882.7822265625 727.022521972656 -3.4e+38 -3.4e+38 -3.4e+38 -3.4e+38 -3.4e+38 -3.4e+38 -3.4e+38 -3.4e+38 -3.4e+38 -3.4e+38 -3.4e+38 -3.4e+38 -3.4e+38 477.056304931641 1313.04772949219 1668.20446777344 1475.62438964844 1745.99560546875
246.302291870117 -3.4e+38 -3.4e+38 -3.4e+38 -3.4e+38 -3.4e+38 -3.4e+38 239.022842407227 954.387756347656 1081.47778320312 873.248901367188 837.053344726562 657.710021972656 358.968902587891 349.676666259766 702.265563964844 589.412231445312 662.995544433594 408.892639160156 433.178894042969 166.340850830078 92.2877807617188 98.7977752685547 125.693855285645 147.851760864258 81.9163665771484 -3.4e+38 -3.4e+38 -3.4e+38 -3.4e+38 -3.4e+38 481.833129882812 607.473327636719 846.332214355469 1084.7822265625 1238.41772460938 1159.47888183594 838.902221679688 789.763305664062 663.112243652344 524.857116699219 178.107757568359 -3.4e+38 -3.4e+38 -3.4e+38 -3.4e+38 -3.4e+38 -3.4e+38 -3.4e+38 -3.4e+38 1258.38537597656 1279.72045898438 1817.65783691406 2146.85107421875 2086.81323242188 2272.19897460938
411.983337402344 297.253326416016 259.937805175781 -3.4e+38 -3.4e+38 -3.4e+38 -3.4e+38 181.931381225586 878.721130371094 1085.01110839844 1073.52001953125 907.973327636719 312.246246337891 113.106086730957 348.651123046875 263.993591308594 -3.4e+38 200.185180664062 -3.4e+38 -3.4e+38 69.2330093383789 102.515556335449 70.2744445800781 -398.513336181641 -364.125549316406 260.203552246094 234.998199462891 378.144775390625 302.066741943359 491.563323974609 799.369995117188 1212.04223632812 1318.81225585938 1391.70336914062 1334.08227539062 1115.943359375 1084.25329589844 887.6611328125 1039.94885253906 801.37109375 883.671081542969 782.005554199219 1028.72888183594 965.680480957031 1156.01501464844 1162.52453613281 1402.09997558594 1369.15148925781 1372.42065429688 1994.63000488281 2107.27221679688 1623.84338378906 1903.38220214844 2201.015625 1975.02783203125 1744.31994628906
534.528869628906 -3.4e+38 -3.4e+38 -3.4e+38 59.0266265869141 -3.4e+38 -3.4e+38 609.944946289062 806.768859863281 1162.78112792969 905.702209472656 781.849975585938 798.695556640625 -3.4e+38 245.245727539062 -3.4e+38 296.748077392578 -3.4e+38 -3.4e+38 -3.4e+38 111.704048156738 210.382217407227 158.451110839844 107.375556945801 70.6933364868164 184.496673583984 556.396667480469 485.035552978516 517.952209472656 835.168884277344 983.313354492188 997.004455566406 1111.00329589844 1178.05773925781 1157.22216796875 853.968872070312 814.795532226562 1052.0322265625 1022.05334472656 995.335571289062 1052.70776367188 1287.95227050781 1400.12219238281 1608.61999511719 1528.44116210938 1720.64331054688 1830.12561035156 1843.26000976562 1940.46447753906 2100.06103515625 2289.919921875 2119.36669921875 2057.765625 2003.08996582031 1927.86218261719 1324.01110839844
