rasters/terrain/altitude.asc
NCOLS 720 
NROWS 300 
XLLCORNER -180 
YLLCORNER -60 
CELLSIZE 0.5 
NODATA_value -3.4e+38 
[rows 200 to 224 of 300, columns 392 to 447 of 720]
1148.80004882812 1088.36889648438 1109.44885253906 1170.82885742188 1160.72778320312 1111.6611328125 1225.83447265625 1252.47888183594 1161.16442871094 1120.3310546875 1087.50439453125 1072.39660644531 1029.814453125 1004.91668701172 998.62890625 1090.58776855469 1118.43005371094 1050.7177734375 1066.86669921875 1505.693359375 1360.36560058594 1036.93005371094 917.875549316406 1531.26892089844 1038.67333984375 1100.81994628906 1267.39331054688 1383.75439453125 1339.20886230469 1320.59558105469 1304.40893554688 1243.81774902344 1281.95227050781 1089.22216796875 1315.68115234375 1352.97888183594 530.25 998.323303222656 848.309997558594 939.962219238281 794.466674804688 712.647766113281 720.396667480469 626.993347167969 389.414459228516 385.135559082031 429.817779541016 148.216720581055 -3.4e+38 -3.4e+38 -3.4e+38 -3.4e+38 -3.4e+38 -3.4e+38 -3.4e+38 -3.4e+38
1430.75891113281 1127.61560058594 1120.46887207031 1128.92004394531 1252.16772460938 1193.01330566406 1305.18774414062 1320.18005371094 1233.22888183594 1156.82885742188 1108.68225097656 1086.53332519531 1070.14221191406 1086.21667480469 1113.32885742188 1165.20776367188 1238.76892089844 1206.01330566406 1341.20336914062 1365.96667480469 1369.10107421875 1217.09887695312 1091.31115722656 1251.58447265625 1112.806640625 1149.45886230469 1252.47778320312 1194.44665527344 1213.83776855469 1221.77661132812 1246.68115234375 1335.36779785156 1270.08447265625 846.47998046875 1050.01782226562 1733.55554199219 786.973327636719 928.387756347656 1024.56115722656 959.316650390625 836.075561523438 783.578918457031 590.390014648438 475.854431152344 394.245544433594 348.215545654297 516.263305664062 228.952224731445 95.2602081298828 -3.4e+38 -3.4e+38 -3.4e+38 -3.4e+38 -3.4e+38 -3.4e+38 -3.4e+38
1627.93774414062 1402.306640625 1384.33227539062 1163.73107910156 1281.05444335938 1297.65783691406 1358.35888671875 1317.55224609375 1239.80224609375 1167.65002441406 1112.21337890625 1094.05444335938 1110.35559082031 1141.88671875 1171.31774902344 1201.35888671875 1361.1533203125 1367.7255859375 1433.2099609375 1398.31994628906 1508.30334472656 1278.53332519531 1268.822265625 1197.27893066406 1113.79333496094 1219.43444824219 1214.54772949219 1169.58557128906 1172.41223144531 1205.31994628906 1341.16223144531 1503.04333496094 1119.83776855469 728.609985351562 988.806640625 1218.7822265625 848.562194824219 759.786682128906 979.66552734375 667.145568847656 670.648864746094 631.442199707031 580.685546875 371.436676025391 258.873321533203 213.596664428711 310.551116943359 311.761108398438 88.6868667602539 -3.4e+38 -3.4e+38 -3.4e+38 -3.4e+38 -3.4e+38 -3.4e+38 -3.4e+38
1574.92663574219 1669.27331542969 1507.25671386719 1259.35217285156 1305.01782226562 1359.06225585938 1379.98107910156 1354.56115722656 1250.50219726562 1152.65002441406 1110.36450195312 1089.42114257812 1083.82885742188 1100.75219726562 1142.63781738281 1254.54443359375 1393.65222167969 1420.29553222656 1458.08337402344 1411.0400390625 1462.34106445312 1333.49560546875 1317.37438964844 1207.55004882812 1129.56115722656 1205.57775878906 1144.11889648438 1171.83557128906 1169.52331542969 1216.5888671875 1354.81994628906 1263.99780273438 755.79443359375 728.254455566406 1130.75561523438 1397.61450195312 565.795532226562 509.788879394531 807.426696777344 659.855529785156 545.906677246094 490.32666015625 411.768890380859 367.855560302734 251.237777709961 330.382232666016 417.868896484375 405.286651611328 93.3295745849609 -3.4e+38 -3.4e+38 -3.4e+38 -3.4e+38 -3.4e+38 -3.4e+38 -3.4e+38
1680.60888671875 1718.8544921875 1485.89111328125 1338.98889160156 1398.2900390625 1419.63000488281 1367.15551757812 1322.57995605469 1299.31555175781 1154.29443359375 1109.80444335938 1090.57995605469 1077.28332519531 1089.69226074219 1238.3544921875 1373.22888183594 1333.03771972656 1319.41333007812 1252.09216308594 1323.0810546875 1359.39892578125 1332.81884765625 1311.78332519531 1301.94445800781 1237.69116210938 1149.41662597656 1172.048828125 1171.87561035156 1187.45776367188 1283.798828125 1427.17443847656 767.32666015625 613.888916015625 872.895568847656 1192.28442382812 1321.21105957031 487.336669921875 585.706665039062 803.227783203125 817.32666015625 668.842224121094 623.986694335938 456.859985351562 378.675567626953 290.174438476562 393.187774658203 307.381103515625 266.166656494141 144.874282836914 -3.4e+38 -3.4e+38 -3.4e+38 -3.4e+38 -3.4e+38 -3.4e+38 -3.4e+38
1740.47448730469 1672.78332519531 1435.63781738281 1389.86889648438 1450.62780761719 1420.63781738281 1395.25219726562 1369.39440917969 1293.12329101562 1208.26672363281 1136.01110839844 1106.13671875 1087.40222167969 1123.10888671875 1222.18774414062 1217.70886230469 1211.0810546875 1158.71887207031 1184.99890136719 1246.44226074219 1277.39892578125 1259.82666015625 1274.52661132812 1281.77783203125 1255.17224121094 1270.30773925781 1229.5400390625 1245.00891113281 1279.35998535156 1458.564453125 1265.06665039062 614.30224609375 648.668884277344 1013.91442871094 1119.84777832031 1062.75329589844 551.812194824219 618.345581054688 1122.064453125 1112.80224609375 775.20556640625 502.906677246094 431.421112060547 448.745544433594 410.791107177734 413.593322753906 385.35888671875 305.036651611328 112.618202209473 -3.4e+38 -3.4e+38 -3.4e+38 -3.4e+38 -3.4e+38 -3.4e+38 -3.4e+38
1653.41442871094 1606.54223632812 1438.69116210938 1435.95556640625 1463.94665527344 1459.70446777344 1406.94665527344 1360.13439941406 1305.52661132812 1250.59448242188 1157.9921875 1104.63549804688 1083.8388671875 1071.23889160156 1099.58337402344 1134.66552734375 1128.2578125 1155.76110839844 1203.64892578125 1293.39660644531 1285.76892089844 1206.21447753906 1189.07775878906 1186.30224609375 1204.77783203125 1288.63549804688 1306.49670410156 1413.46337890625 1396.51782226562 1318.71887207031 831.9033203125 603.203308105469 733.638916015625 1007.28332519531 1066.99438476562 1150.39001464844 602.222229003906 604.263305664062 1114.46667480469 985.323303222656 652.321105957031 614.892211914062 645.363342285156 619.881103515625 518.808898925781 514.624450683594 441.301116943359 320.0966796875 145.660614013672 -3.4e+38 -3.4e+38 -3.4e+38 -3.4e+38 -3.4e+38 -3.4e+38 -3.4e+38
1609.57336425781 1574.28002929688 1525.25671386719 1522.06225585938 1454.314453125 1412.46447753906 1362.00561523438 1313.81994628906 1301.04663085938 1259.49328613281 1184.05554199219 1101.69116210938 1070.56335449219 1059.92883300781 1073.85217285156 1099.36779785156 1126.40112304688 1155.80773925781 1169.47998046875 1191.87219238281 1196.20446777344 1246.97888183594 1171.68334960938 1168.20227050781 1230.06774902344 1255.27331542969 1254.10668945312 1349.01892089844 1052.73559570312 722 665.668884277344 777.247802734375 970.37109375 1141.95227050781 1101.51000976562 1202.22216796875 757.219970703125 486.124450683594 916.099975585938 829.5322265625 653.604431152344 791.417785644531 720.735534667969 547.086669921875 491.01220703125 425.498901367188 328.290008544922 290.57666015625 199 -3.4e+38 -3.4e+38 -3.4e+38 -3.4e+38 -3.4e+38 -3.4e+38 -3.4e+38
1549.95886230469 1520.65222167969 1497.25561523438 1487.78332519531 1470.9921875 1385.35339355469 1332.94116210938 1261.52661132812 1257.32116699219 1237.49438476562 1170.39660644531 1093.32116699219 1054.15002441406 1046.39331054688 1049.44226074219 1081.6611328125 1145.26550292969 1186.201171875 1172.22448730469 1132.76110839844 1133.87890625 1202.27783203125 1141.62109375 1122.05554199219 1169.87329101562 1181.41223144531 1172.22216796875 1138.60998535156 647.643310546875 649.132202148438 920.192199707031 1032.0400390625 973.606689453125 909.258911132812 1102.49890136719 1188.0322265625 1289.55114746094 544.461120605469 722.482238769531 767.344421386719 684.419982910156 633.12890625 544.162231445312 479.489990234375 414.196655273438 377.218902587891 373.628875732422 303.691101074219 167.871109008789 -3.4e+38 -3.4e+38 -3.4e+38 -3.4e+38 -3.4e+38 -3.4e+38 -3.4e+38
1461.15112304688 1414.87890625 1427.99438476562 1421.61889648438 1410.92114257812 1361.23889160156 1288.30554199219 1238.548828125 1207.62329101562 1181.22338867188 1174.30554199219 1092.76550292969 1041.72216796875 1030.20886230469 1034.7099609375 1076.40002441406 1138.47448730469 1173.1533203125 1188.31005859375 1131.55224609375 1131.11450195312 1199.79333496094 1219.69665527344 1142.72216796875 1149.46997070312 1012.81335449219 756.984436035156 673.193359375 612.254455566406 809.299987792969 978.654418945312 997.431091308594 830.109985351562 593.833312988281 807.491088867188 1171.02551269531 1180.75671386719 927.26220703125 604.427795410156 707.418884277344 645.228881835938 641.527770996094 606.707763671875 615.369995117188 560.1611328125 527.464416503906 437.619995117188 298.188903808594 168.624450683594 63.1720657348633 -3.4e+38 -3.4e+38 -3.4e+38 -3.4e+38 -3.4e+38 -3.4e+38
1359.30883789062 1341.74438476562 1314.67443847656 1326.66442871094 1328.03771972656 1294.89782714844 1243.322265625 1240.15893554688 1209.62670898438 1151.548828125 1108.16003417969 1070.88330078125 1052.52221679688 1036.73779296875 1052.54663085938 1079.61669921875 1123.66662597656 1156.73217773438 1178.52893066406 1115.15661621094 1174.59216308594 1065.87329101562 1076.70776367188 1050.13439941406 1163.93774414062 1105.88781738281 1051.78332519531 806.401123046875 480.715545654297 763.062194824219 795.446655273438 827.266662597656 654.616638183594 459.363342285156 542.603332519531 800.646667480469 976.678894042969 850.881103515625 716.365539550781 638.828918457031 715.694458007812 801.386657714844 944.883361816406 669.196655273438 565.574462890625 459.336669921875 327.557769775391 205.804443359375 93.8188858032227 -3.4e+38 -3.4e+38 -3.4e+38 -3.4e+38 -3.4e+38 -3.4e+38 -3.4e+38
1286.94995117188 1282.46557617188 1262.79663085938 1240.31665039062 1253.4921875 1237.72448730469 1215.38781738281 1229.59777832031 1202.3310546875 1159.23217773438 1102.31884765625 1057.41552734375 1044.10668945312 1040.51000976562 1031.83557128906 1069.4599609375 1110.95666503906 1155.43115234375 1183.69445800781 1101.26892089844 1024.52331542969 998.215576171875 982.443359375 1008.27331542969 1086.48327636719 868.023315429688 659.036682128906 476.213348388672 538.083312988281 387.14111328125 392.848876953125 420.278900146484 382.185546875 447.452209472656 359.918884277344 390.345550537109 536.901123046875 480.062225341797 851.7255859375 840.662231445312 728.862243652344 650.69775390625 611.013305664062 517.62890625 373.947784423828 293.726654052734 173.070007324219 120.11222076416 57.1137199401855 -3.4e+38 -3.4e+38 -3.4e+38 -3.4e+38 -3.4e+38 -3.4e+38 -3.4e+38
1185.67004394531 1190.63110351562 1202.97998046875 1194.31005859375 1188.40661621094 1199.12219238281 1193.03662109375 1215.02893066406 1180.20776367188 1136.61889648438 1088.13110351562 1046.67883300781 1031.57446289062 1023.60668945312 1016.74334716797 1051.97338867188 1080.47448730469 1129.66223144531 1145.13671875 1079.42004394531 1069.28662109375 1113.92004394531 1069.21447753906 1091.56225585938 923.615539550781 546.023315429688 775.982238769531 825.29443359375 618.236694335938 526.504455566406 491.059997558594 590.738891601562 564.473327636719 398.993347167969 325.572235107422 227.292221069336 321.894439697266 169.922225952148 490.371124267578 574.462219238281 533.776672363281 448.138885498047 363.175567626953 279.593322753906 232.008895874023 159.304443359375 84.9677810668945 44.2827949523926 -3.4e+38 -3.4e+38 -3.4e+38 -3.4e+38 -3.4e+38 -3.4e+38 -3.4e+38 -3.4e+38
1140.42224121094 1160.38000488281 1177.69116210938 1179.42004394531 1170.38781738281 1185.78552246094 1162.943359375 1176.44555664062 1147.36669921875 1116.36328125 1070.13549804688 1037.84887695312 1018.63110351562 1010.46667480469 1012.19219970703 1017.53558349609 1052.63671875 1084.37219238281 1014.17224121094 1073.62438964844 1206.76440429688 1294.76000976562 1197.59997558594 737.195556640625 523.693359375 624.37890625 988.894470214844 1193.26110839844 1081.89001464844 1236.95336914062 1146.09448242188 917.424438476562 717.562194824219 574.342224121094 327.041107177734 349.911102294922 197.584442138672 163.107772827148 155.452224731445 324.095550537109 348.645568847656 220.158889770508 164.02555847168 144.389999389648 95.1888885498047 55.8613395690918 41.2442588806152 -3.4e+38 -3.4e+38 -3.4e+38 -3.4e+38 -3.4e+38 -3.4e+38 -3.4e+38 -3.4e+38 -3.4e+38
1123.6455078125 1147.12438964844 1164.29772949219 1168.06225585938 1154.01110839844 1159.27551269531 1153.89111328125 1140.86560058594 1128.98217773438 1104.65661621094 1073.17114257812 1038.16003417969 1014.25555419922 998.845581054688 1001.09332275391 1018.91998291016 1015.74664306641 976.265563964844 973.106689453125 1101.58666992188 1199.68664550781 1256.89892578125 850.312194824219 568.986694335938 665.572204589844 778.390014648438 906.154418945312 1124.29772949219 1186.23559570312 1360.39660644531 1168.21337890625 1030.50329589844 972.859985351562 742.711120605469 620.913330078125 511.140014648438 289.486663818359 159.847778320312 143.259994506836 300.75 164.236663818359 113.467636108398 63.9965515136719 43.8794441223145 -3.4e+38 -3.4e+38 -3.4e+38 -3.4e+38 -3.4e+38 -3.4e+38 -3.4e+38 -3.4e+38 -3.4e+38 -3.4e+38 -3.4e+38 -3.4e+38
1109.90222167969 1133.54443359375 1149.27001953125 1151.21447753906 1142.62780761719 1128.54333496094 1124.43115234375 1112.564453125 1093.25109863281 1084.01782226562 1069.4677734375 1042.24670410156 1018.98669433594 1001.32775878906 984.380004882812 981.323303222656 945.258911132812 946.426696777344 975.130004882812 1014.45666503906 956.493347167969 924.616638183594 586.73779296875 854.711120605469 850.037780761719 815.484436035156 873.312194824219 994.0966796875 1253.97668457031 1402.02221679688 1406.56115722656 1315.98107910156 1100.16662597656 1083.70336914062 796.599975585938 576.306640625 374.630004882812 192.392227172852 66.8122253417969 111.096664428711 46.2255554199219 27.7548389434814 -3.4e+38 -3.4e+38 -3.4e+38 -3.4e+38 -3.4e+38 -3.4e+38 -3.4e+38 -3.4e+38 -3.4e+38 -3.4e+38 -3.4e+38 -3.4e+38 -3.4e+38 -3.4e+38
1095.25671386719 1115.29223632812 1132.32995605469 1147.08996582031 1162.15551757812 1165.4599609375 1161.2578125 1139.04223632812 1109.51672363281 1086.03771972656 1069.00439453125 1028.5322265625 1010.38665771484 986.308898925781 959.498901367188 946.472229003906 947.265563964844 994.972229003906 1052.26672363281 1034.71667480469 859.866638183594 735.924438476562 887.462219238281 1016.97113037109 1008.60668945312 1139.12890625 1039.76220703125 1074.26672363281 1200.66772460938 1320.15222167969 1475.17553710938 1501.63549804688 1454.58666992188 1478.0244140625 653.948913574219 526.174438476562 381.306671142578 103.949996948242 169.27555847168 33.9988899230957 10.4952383041382 9.48387050628662 -3.4e+38 -3.4e+38 -3.4e+38 -3.4e+38 -3.4e+38 -3.4e+38 -3.4e+38 -3.4e+38 -3.4e+38 -3.4e+38 -3.4e+38 -3.4e+38 -3.4e+38 -3.4e+38
1086.7421875 1092.26330566406 1130.7822265625 1160.03894042969 1177.30114746094 1193.23559570312 1191.63110351562 1165.58447265625 1148.95666503906 1094.10559082031 1055.13110351562 1016.47998046875 987.696655273438 971.655578613281 955.564453125 943.525573730469 931.986694335938 983.724426269531 1036.96557617188 1064.5 1002.47222900391 1055.72668457031 1016.50445556641 1031.49328613281 1092.01550292969 1138.5 1179.81665039062 1147.41223144531 1232.40112304688 1362.51782226562 1412.70886230469 1220.06665039062 1206.35778808594 1183.03771972656 613.582214355469 433.375549316406 179.683334350586 145.410003662109 125.930000305176 31.1064510345459 9.53846168518066 -3.4e+38 -3.4e+38 -3.4e+38 -3.4e+38 -3.4e+38 -3.4e+38 -3.4e+38 -3.4e+38 -3.4e+38 -3.4e+38 -3.4e+38 -3.4e+38 -3.4e+38 -3.4e+38 -3.4e+38
1126.58557128906 1168.064453125 1234.63671875 1326.5 1271.31665039062 1211.564453125 1200.14111328125 1201.193359375 1172.75 1123.83337402344 1062.01892089844 995.875549316406 970.537780761719 965.195556640625 955.036682128906 942.491088867188 954.417785644531 972.33447265625 990.35888671875 1015.20111083984 999.995544433594 1013.38665771484 1014.27001953125 1027.27221679688 1112.82336425781 1217.05114746094 1257.46887207031 1324.96887207031 1358.3310546875 1429.17004394531 1301.4755859375 970.421081542969 900.515563964844 1037.4921875 656.497802734375 342.514434814453 64.2688903808594 91.525520324707 55.1913375854492 -3.4e+38 -3.4e+38 -3.4e+38 -3.4e+38 -3.4e+38 -3.4e+38 -3.4e+38 -3.4e+38 -3.4e+38 -3.4e+38 -3.4e+38 -3.4e+38 -3.4e+38 -3.4e+38 -3.4e+38 -3.4e+38 -3.4e+38
1292.23559570312 1393.03002929688 1461.51220703125 1542.88110351562 1311.59338378906 1236.56665039062 1224.79333496094 1210.22338867188 1182.29113769531 1162.26220703125 1065.96337890625 975.305541992188 955.393310546875 953.668884277344 945.440002441406 942.702209472656 950.521118164062 943.861083984375 958.206665039062 950.928894042969 952.489990234375 968.85888671875 1035.11560058594 1096.13110351562 1177.185546875 1289.12438964844 1361.05773925781 1305.34777832031 1148.24328613281 1234.30114746094 1229.52001953125 961.559997558594 681.299987792969 1256.93774414062 600.07666015625 127.900001525879 62.1985893249512 28.5081958770752 -3.4e+38 -3.4e+38 -3.4e+38 -3.4e+38 -3.4e+38 -3.4e+38 -3.4e+38 -3.4e+38 -3.4e+38 -3.4e+38 -3.4e+38 -3.4e+38 -3.4e+38 -3.4e+38 -3.4e+38 -3.4e+38 -3.4e+38 -3.4e+38
1279.21557617188 1442.09997558594 1527.55444335938 1357.24328613281 1283.02001953125 1293.54113769531 1262.25671386719 1209.92883300781 1166.07995605469 1104.38000488281 1013.00555419922 962.5966796875 942.82666015625 938.291137695312 956.257751464844 947.067749023438 939.441101074219 923.42333984375 923.01220703125 912.766662597656 921.246643066406 998.309997558594 1135.51000976562 1263.60778808594 1332.48889160156 1325.09106445312 1205.93774414062 1127.81884765625 926.726684570312 990.695556640625 947.245544433594 765.251098632812 577.306640625 880.284423828125 256.758880615234 188.577774047852 99.4514312744141 -3.4e+38 -3.4e+38 -3.4e+38 -3.4e+38 -3.4e+38 -3.4e+38 -3.4e+38 -3.4e+38 -3.4e+38 -3.4e+38 -3.4e+38 -3.4e+38 -3.4e+38 -3.4e+38 -3.4e+38 -3.4e+38 -3.4e+38 -3.4e+38 -3.4e+38
1452.07775878906 1549.82336425781 1406.81665039062 1314.32556152344 1354.32885742188 1361.47668457031 1334.33337402344 1245.46337890625 1170.76000976562 1076.17114257812 1025.80554199219 1010.96331787109 981.296691894531 987.940002441406 998.494445800781 963.119995117188 937.168884277344 913.694458007812 906.211120605469 905.982238769531 933.844421386719 1045.67553710938 1129.84216308594 1181.25671386719 1168.55773925781 1101.01672363281 1002.71112060547 1004.24890136719 823.448913574219 686.69775390625 578.617797851562 494.339996337891 458.601104736328 429.130004882812 284.961120605469 164.136672973633 60.6166648864746 38.1659393310547 -3.4e+38 -3.4e+38 -3.4e+38 -3.4e+38 -3.4e+38 -3.4e+38 -3.4e+38 -3.4e+38 -3.4e+38 -3.4e+38 -3.4e+38 -3.4e+38 -3.4e+38 -3.4e+38 -3.4e+38 -3.4e+38 -3.4e+38 -3.4e+38
1462.81884765625 1449.94445800781 1399.88330078125 1451.73669433594 1526.35559082031 1486.98669433594 1423.4189453125 1325.31335449219 1227.19226074219 1176.32775878906 1163.09997558594 1146.20336914062 1101.76110839844 1037.40661621094 1001.29553222656 971.340026855469 942.766662597656 926.239990234375 949.434448242188 970.368896484375 1001.29113769531 1069.01110839844 1037.08337402344 974.803344726562 937.315551757812 883.731140136719 828.580017089844 781.101135253906 658.348876953125 533.777770996094 445.838897705078 369.209991455078 315.201110839844 225.784439086914 201.034439086914 109.371109008789 92.2588882446289 64.9370651245117 -3.4e+38 -3.4e+38 -3.4e+38 -3.4e+38 -3.4e+38 -3.4e+38 -3.4e+38 -3.4e+38 -3.4e+38 -3.4e+38 -3.4e+38 -3.4e+38 -3.4e+38 -3.4e+38 -3.4e+38 -3.4e+38 -3.4e+38 52.8575057983398
1347.11779785156 1484.59777832031 1516.78112792969 1659.26000976562 1635.66003417969 1560.12780761719 1476.8466796875 1380.00671386719 1299.29113769531 1243.60998535156 1184.45446777344 1127.70336914062 1072.98107910156 1028.82446289062 1002.41778564453 982.942199707031 972.72998046875 1003.30554199219 1038.17553710938 1064.96997070312 1109.28332519531 1044.98779296875 969.553344726562 891.698913574219 809.396667480469 733.885559082031 672.598876953125 603.307800292969 587.835571289062 498.863342285156 457.264434814453 427.461120605469 308.194458007812 190.697784423828 132.830001831055 163.084442138672 166.776672363281 108.258888244629 29.1962261199951 -3.4e+38 -3.4e+38 -3.4e+38 -3.4e+38 -3.4e+38 -3.4e+38 -3.4e+38 -3.4e+38 -3.4e+38 -3.4e+38 -3.4e+38 -3.4e+38 -3.4e+38 -3.4e+38 -3.4e+38 -3.4e+38 56.1757354736328
1187.64892578125 1426.99438476562 1735.74560546875 1666.69995117188 1560.89892578125 1512.32995605469 1497.814453125 1396.33776855469 1257.80224609375 1195.34448242188 1142.35217285156 1096.35668945312 1058.3388671875 1027.22668457031 1007.08447265625 988.635559082031 985.041137695312 1025.20227050781 1063.53442382812 1111.31774902344 1177.65441894531 1149.3544921875 993.667785644531 909.157775878906 797.426696777344 671.445556640625 603.431091308594 589.876647949219 526.306640625 424.188903808594 307.581115722656 333.995544433594 222.67333984375 135 110.553337097168 158.586669921875 169.71110534668 131.252227783203 40.386302947998 -3.4e+38 -3.4e+38 -3.4e+38 -3.4e+38 -3.4e+38 -3.4e+38 -3.4e+38 -3.4e+38 -3.4e+38 -3.4e+38 -3.4e+38 -3.4e+38 -3.4e+38 -3.4e+38 -3.4e+38 -3.4e+38 224.762222290039
