rasters/terrain/altitude.asc
NCOLS 720 
NROWS 300 
XLLCORNER -180 
YLLCORNER -60 
CELLSIZE 0.5 
NODATA_value -3.4e+38 
[rows 25 to 49 of 300, columns 112 to 167 of 720]
-3.4e+38 -3.4e+38 -3.4e+38 -3.4e+38 -3.4e+38 -3.4e+38 -3.4e+38 -3.4e+38 -3.4e+38 22.605770111084 25.1524753570557 25.4078426361084 46.2131767272949 48.8318977355957 26.1620559692383 14.3402490615845 -3.4e+38 -3.4e+38 -3.4e+38 -3.4e+38 -3.4e+38 -3.4e+38 -3.4e+38 -3.4e+38 -3.4e+38 -3.4e+38 -3.4e+38 -3.4e+38 -3.4e+38 -3.4e+38 -3.4e+38 -3.4e+38 -3.4e+38 -3.4e+38 -3.4e+38 -3.4e+38 -3.4e+38 22.4811325073242 23.8894004821777 -3.4e+38 -3.4e+38 -3.4e+38 -3.4e+38 -3.4e+38 -3.4e+38 -3.4e+38 -3.4e+38 -3.4e+38 -3.4e+38 -3.4e+38 -3.4e+38 -3.4e+38 -3.4e+38 -3.4e+38 -3.4e+38 -3.4e+38
-3.4e+38 -3.4e+38 -3.4e+38 -3.4e+38 -3.4e+38 -3.4e+38 -3.4e+38 36.4415321350098 39.4775123596191 35.9976348876953 59.8060607910156 -3.4e+38 87.6988296508789 81.9886245727539 68.7740173339844 50.0230751037598 -3.4e+38 -3.4e+38 -3.4e+38 -3.4e+38 -3.4e+38 -3.4e+38 -3.4e+38 -3.4e+38 -3.4e+38 -3.4e+38 -3.4e+38 -3.4e+38 -3.4e+38 82.8726425170898 66.3103485107422 -3.4e+38 -3.4e+38 -3.4e+38 -3.4e+38 -3.4e+38 -3.4e+38 -3.4e+38 -3.4e+38 -3.4e+38 -3.4e+38 -3.4e+38 -3.4e+38 -3.4e+38 -3.4e+38 -3.4e+38 -3.4e+38 -3.4e+38 -3.4e+38 -3.4e+38 -3.4e+38 -3.4e+38 -3.4e+38 -3.4e+38 108.888389587402 135.791488647461
-3.4e+38 -3.4e+38 -3.4e+38 14.8316831588745 22.4847393035889 48.4915924072266 42.6569213867188 104.870681762695 96.6432571411133 119.745002746582 -3.4e+38 -3.4e+38 -3.4e+38 -3.4e+38 -3.4e+38 -3.4e+38 166.322723388672 118.909240722656 92.0901718139648 74.2564849853516 -3.4e+38 -3.4e+38 -3.4e+38 -3.4e+38 -3.4e+38 -3.4e+38 -3.4e+38 -3.4e+38 -3.4e+38 94.3298263549805 111.989402770996 43.6865653991699 -3.4e+38 -3.4e+38 -3.4e+38 -3.4e+38 -3.4e+38 -3.4e+38 -3.4e+38 68.2405090332031 94.2314376831055 105.767791748047 98.6331634521484 -3.4e+38 143.967849731445 133.944961547852 -3.4e+38 121.733604431152 141.185699462891 150.820678710938 149.930908203125 137.831115722656 79.8487091064453 -3.4e+38 -3.4e+38 -3.4e+38
-3.4e+38 -3.4e+38 -3.4e+38 -3.4e+38 -3.4e+38 -3.4e+38 -3.4e+38 -3.4e+38 -3.4e+38 -3.4e+38 126.391716003418 115.008399963379 -3.4e+38 -3.4e+38 158.508728027344 207.371047973633 227.589019775391 208.022216796875 287.542236328125 314.162231445312 299.584442138672 269.1533203125 262.944458007812 231.821304321289 94.6368408203125 -3.4e+38 -3.4e+38 -3.4e+38 -3.4e+38 -3.4e+38 107.937767028809 133.702789306641 127.553520202637 136.867706298828 129.878829956055 142.050003051758 110.789886474609 -3.4e+38 -3.4e+38 -3.4e+38 -3.4e+38 -3.4e+38 -3.4e+38 82.5404891967773 113.886444091797 115.678955078125 134.218078613281 114.545127868652 81.2600021362305 137.968887329102 153.874450683594 126.970916748047 57.5334663391113 -3.4e+38 -3.4e+38 -3.4e+38
-3.4e+38 -3.4e+38 -3.4e+38 -3.4e+38 -3.4e+38 -3.4e+38 -3.4e+38 -3.4e+38 -3.4e+38 -3.4e+38 -3.4e+38 -3.4e+38 -3.4e+38 171.007781982422 216.868072509766 234.333847045898 263.822662353516 365.1884765625 376.657775878906 277.097137451172 253.208679199219 219.99333190918 175.871109008789 168.448883056641 155.072555541992 54.8669738769531 47.5902862548828 113.393974304199 148.007781982422 107.125289916992 46.2880859375 94.4677047729492 114.697784423828 146.19221496582 119.6083984375 106.055130004883 -3.4e+38 -3.4e+38 -3.4e+38 32.4014854431152 -3.4e+38 -3.4e+38 -3.4e+38 -3.4e+38 -3.4e+38 -3.4e+38 -3.4e+38 57.0400009155273 65.8436737060547 131.992767333984 162.524200439453 132.154144287109 -3.4e+38 -3.4e+38 -3.4e+38 66.0773468017578
-3.4e+38 -3.4e+38 -3.4e+38 -3.4e+38 -3.4e+38 -3.4e+38 -3.4e+38 -3.4e+38 -3.4e+38 -3.4e+38 -3.4e+38 -3.4e+38 -3.4e+38 -3.4e+38 -3.4e+38 -3.4e+38 -3.4e+38 -3.4e+38 -3.4e+38 -3.4e+38 175.46125793457 138.67448425293 167.157165527344 152.273635864258 123.399765014648 83.3872833251953 70.6438369750977 -3.4e+38 -3.4e+38 -3.4e+38 -3.4e+38 -3.4e+38 -3.4e+38 -3.4e+38 -3.4e+38 -3.4e+38 -3.4e+38 -3.4e+38 -3.4e+38 -3.4e+38 -3.4e+38 -3.4e+38 -3.4e+38 -3.4e+38 -3.4e+38 -3.4e+38 -3.4e+38 -3.4e+38 -3.4e+38 -3.4e+38 -3.4e+38 -3.4e+38 -3.4e+38 -3.4e+38 -3.4e+38 -3.4e+38
51.7712211608887 122.349266052246 147.159805297852 175.504745483398 189.513458251953 162.903472900391 133.939910888672 117.041038513184 -3.4e+38 -3.4e+38 -3.4e+38 179.482376098633 260.202606201172 -3.4e+38 -3.4e+38 -3.4e+38 -3.4e+38 -3.4e+38 -3.4e+38 -3.4e+38 -3.4e+38 -3.4e+38 -3.4e+38 -3.4e+38 -3.4e+38 -3.4e+38 -3.4e+38 -3.4e+38 -3.4e+38 -3.4e+38 -3.4e+38 -3.4e+38 -3.4e+38 -3.4e+38 -3.4e+38 -3.4e+38 -3.4e+38 -3.4e+38 -3.4e+38 -3.4e+38 -3.4e+38 -3.4e+38 -3.4e+38 -3.4e+38 -3.4e+38 -3.4e+38 -3.4e+38 -3.4e+38 -3.4e+38 -3.4e+38 -3.4e+38 -3.4e+38 -3.4e+38 -3.4e+38 -3.4e+38 -3.4e+38
39.8135299682617 96.8644409179688 155.277770996094 165.882217407227 161.655548095703 203.518890380859 191.607772827148 154.291107177734 127.332221984863 166.774597167969 278.824066162109 273.892211914062 293.816680908203 231.962219238281 161.428573608398 139.018600463867 -3.4e+38 -3.4e+38 -3.4e+38 -3.4e+38 -3.4e+38 -3.4e+38 -3.4e+38 -3.4e+38 -3.4e+38 -3.4e+38 -3.4e+38 -3.4e+38 -3.4e+38 -3.4e+38 -3.4e+38 -3.4e+38 -3.4e+38 -3.4e+38 -3.4e+38 130.644332885742 -3.4e+38 -3.4e+38 -3.4e+38 -3.4e+38 -3.4e+38 -3.4e+38 -3.4e+38 -3.4e+38 -3.4e+38 -3.4e+38 34.1470603942871 78.890754699707 139.964828491211 106.123512268066 117.741767883301 124.770645141602 116.049110412598 119.843460083008 -3.4e+38 -3.4e+38
114.301910400391 132.270004272461 132.661117553711 147.339996337891 124.104446411133 211.098892211914 256.724456787109 221.184448242188 123.396667480469 152.751113891602 152.468887329102 188.61555480957 199.161437988281 143.182525634766 59.8477783203125 143.995971679688 -3.4e+38 -3.4e+38 146.258010864258 111.082252502441 -3.4e+38 -3.4e+38 -3.4e+38 -3.4e+38 -3.4e+38 -3.4e+38 -3.4e+38 -3.4e+38 -3.4e+38 -3.4e+38 -3.4e+38 -3.4e+38 108.532493591309 -3.4e+38 76.7385025024414 80.2465744018555 97.6943283081055 114.338249206543 104.489959716797 -3.4e+38 -3.4e+38 -3.4e+38 -3.4e+38 -3.4e+38 -3.4e+38 -3.4e+38 -3.4e+38 99.3426818847656 106.091110229492 132.465560913086 136.924438476562 117.653007507324 -3.4e+38 -3.4e+38 -3.4e+38 -3.4e+38
117.955558776855 165.234451293945 165.630004882812 197.306671142578 157.60221862793 146.703338623047 195.928894042969 189.766662597656 162.321105957031 166.706924438477 147.460220336914 -3.4e+38 -3.4e+38 142.531600952148 116.779998779297 163.171997070312 175.531112670898 207.257781982422 175.441619873047 108.312980651855 -3.4e+38 105.375419616699 150.309494018555 164.130981445312 127.181480407715 -3.4e+38 -3.4e+38 -3.4e+38 148.302734375 231.620452880859 -3.4e+38 -3.4e+38 163.58464050293 202.477783203125 167.020004272461 123.657775878906 59.6571846008301 -3.4e+38 -3.4e+38 -3.4e+38 -3.4e+38 -3.4e+38 -3.4e+38 38.9096031188965 32.319881439209 -3.4e+38 16.496000289917 19.3562870025635 52.4000015258789 73.2366638183594 26.9755554199219 30.7947025299072 58.6004943847656 31.2846450805664 149.888107299805 -3.4e+38
146.5 175.279998779297 193.41667175293 195.842224121094 165.96110534668 188.5 184.747772216797 147.555236816406 160.154190063477 -3.4e+38 -3.4e+38 -3.4e+38 146.194198608398 170.814437866211 187.863327026367 172.593338012695 181.926666259766 154.481109619141 137.820007324219 162.798889160156 173.873336791992 211.118896484375 205.289993286133 177.932220458984 201.067001342773 254.338989257812 291.761474609375 265.71142578125 248.363845825195 215.468887329102 103.51587677002 -3.4e+38 -3.4e+38 132.651290893555 165.368896484375 201.621109008789 145.728881835938 43.1351356506348 -3.4e+38 -3.4e+38 -3.4e+38 -3.4e+38 -3.4e+38 -3.4e+38 -3.4e+38 -3.4e+38 9 22.7639255523682 47.6922225952148 59.7966651916504 70.7322235107422 42.3944435119629 111.577774047852 101.242225646973 107.528228759766 -3.4e+38
175.121063232422 211.513336181641 273.298889160156 318.440002441406 210.07795715332 234.559997558594 261.534240722656 -3.4e+38 -3.4e+38 -3.4e+38 142.317733764648 173.749206542969 196.52229309082 243.164443969727 276.893341064453 249.555557250977 244.407775878906 239.325561523438 246.298889160156 303.220001220703 311.01220703125 299.552215576172 367.746673583984 297.525543212891 275.547790527344 304.551116943359 301.984436035156 335.304443359375 316.165557861328 151.38444519043 101.61555480957 38.7660102844238 -3.4e+38 23.040885925293 71.1233367919922 108.806663513184 110.809997558594 65.2341613769531 31.6431541442871 -3.4e+38 -3.4e+38 -3.4e+38 -3.4e+38 -3.4e+38 -3.4e+38 -3.4e+38 -3.4e+38 -3.4e+38 -3.4e+38 23.6468524932861 35.8347091674805 21.2842102050781 73.870491027832 56.5188293457031 -3.4e+38 -3.4e+38
-3.4e+38 363.700775146484 328.244232177734 235.75 -3.4e+38 -3.4e+38 -3.4e+38 -3.4e+38 -3.4e+38 -3.4e+38 -3.4e+38 -3.4e+38 -3.4e+38 -3.4e+38 179.182861328125 121.766670227051 209.744445800781 252.778884887695 277.463348388672 271.54443359375 243.770004272461 243.834442138672 250.259994506836 260.853332519531 292.337768554688 289.463348388672 293.216674804688 266.186676025391 204.601104736328 153.094451904297 100.032218933105 78.7049026489258 65.9045257568359 36.4588890075684 56.2433319091797 59.7633323669434 58.2566680908203 56.5633316040039 38.3013916015625 -3.4e+38 -3.4e+38 -3.4e+38 -3.4e+38 -3.4e+38 -3.4e+38 -3.4e+38 -3.4e+38 -3.4e+38 -3.4e+38 -3.4e+38 -3.4e+38 -3.4e+38 -3.4e+38 -3.4e+38 -3.4e+38 154.528839111328
-3.4e+38 -3.4e+38 -3.4e+38 -3.4e+38 -3.4e+38 -3.4e+38 -3.4e+38 -3.4e+38 -3.4e+38 -3.4e+38 -3.4e+38 -3.4e+38 185.095153808594 211.107284545898 296.491271972656 305.867797851562 279.644348144531 202.144439697266 162.520004272461 107.798889160156 96.2477798461914 119.657775878906 157.742218017578 167.753326416016 202.919998168945 205.303329467773 216.468887329102 236.119995117188 195.011108398438 151.106674194336 130.523330688477 124.60555267334 126.85221862793 139.164443969727 129.561111450195 108.127777099609 107.655555725098 99.7077789306641 76.2477798461914 49.0826988220215 -3.4e+38 -3.4e+38 -3.4e+38 -3.4e+38 -3.4e+38 -3.4e+38 -3.4e+38 -3.4e+38 -3.4e+38 -3.4e+38 -3.4e+38 -3.4e+38 -3.4e+38 -3.4e+38 -3.4e+38 121.17684173584
-3.4e+38 -3.4e+38 -3.4e+38 -3.4e+38 -3.4e+38 -3.4e+38 -3.4e+38 -3.4e+38 -3.4e+38 -3.4e+38 -3.4e+38 -3.4e+38 -3.4e+38 -3.4e+38 -3.4e+38 -3.4e+38 211.085052490234 98.6611099243164 124.77555847168 127.294441223145 98.3477783203125 78.4088897705078 56.7133331298828 51.5177764892578 64.0188903808594 69.9222259521484 78.5844421386719 114.347778320312 132.182220458984 143.924438476562 147.637771606445 149.001113891602 146.754440307617 132.495559692383 143.768890380859 150.062225341797 164.580001831055 144.17333984375 107.870002746582 74.6277770996094 64.7344436645508 49.8998870849609 39.8599090576172 23.8571434020996 20.5062656402588 -3.4e+38 -3.4e+38 -3.4e+38 -3.4e+38 -3.4e+38 -3.4e+38 -3.4e+38 -3.4e+38 -3.4e+38 -3.4e+38 75.8470458984375
-3.4e+38 -3.4e+38 96.2508926391602 283.631591796875 340.488708496094 -3.4e+38 -3.4e+38 -3.4e+38 -3.4e+38 -3.4e+38 -3.4e+38 -3.4e+38 -3.4e+38 -3.4e+38 131.489013671875 180.294448852539 215.955551147461 261.578887939453 280.029998779297 315.963348388672 303.454437255859 280.943328857422 250.543334960938 256.206665039062 213.078887939453 174.437774658203 138.055557250977 135.398895263672 112.335556030273 93.3211135864258 82.3566665649414 78.6233367919922 89.1511077880859 80.0233306884766 95.572380065918 103.818885803223 128.632217407227 127.36888885498 87.553337097168 60.1866683959961 44.9833335876465 22.3744449615479 31.3152904510498 -3.4e+38 28.6218090057373 19.7926559448242 -3.4e+38 -3.4e+38 -3.4e+38 -3.4e+38 -3.4e+38 -3.4e+38 47.3030776977539 -3.4e+38 -3.4e+38 -3.4e+38
226.826217651367 213.550598144531 368.258880615234 539.08447265625 646.136657714844 636.624450683594 517.458312988281 403.898773193359 354.251647949219 222.199996948242 -3.4e+38 -3.4e+38 -3.4e+38 -3.4e+38 -3.4e+38 -3.4e+38 -3.4e+38 -3.4e+38 -3.4e+38 -3.4e+38 81.2929077148438 96.9211120605469 133.448883056641 140.824447631836 145.163330078125 136.586669921875 122.955558776855 134.660003662109 131.213333129883 136.021118164062 137.017776489258 157.174438476562 147.162216186523 77.642951965332 -3.4e+38 37.2024383544922 34.6040267944336 42.15625 31.7309474945068 46.4366683959961 58.6555557250977 32.7435569763184 42.8288421630859 26.5470581054688 -3.4e+38 -3.4e+38 -3.4e+38 -3.4e+38 -3.4e+38 -3.4e+38 -3.4e+38 24.3196849822998 50.530200958252 66.2844467163086 55.8145523071289 32.3225212097168
333.815551757812 453.421112060547 469.390014648438 519.023315429688 642.090026855469 665.995544433594 589.233337402344 645.311096191406 569.388916015625 554.674438476562 358.011108398438 197.748886108398 165.572250366211 144.159896850586 104.61360168457 81.5887451171875 69.1131134033203 76.2284927368164 53.9002075195312 -3.4e+38 -3.4e+38 61.4494857788086 94.6447219848633 121.807197570801 132.261825561523 134.742095947266 103.164886474609 102.440704345703 118.541732788086 120.037521362305 -3.4e+38 -3.4e+38 -3.4e+38 -3.4e+38 94.5607147216797 115.34831237793 76.3777770996094 -3.4e+38 -3.4e+38 -3.4e+38 -3.4e+38 -3.4e+38 -3.4e+38 -3.4e+38 20.5200004577637 -3.4e+38 -3.4e+38 18.844898223877 -3.4e+38 -3.4e+38 -3.4e+38 -3.4e+38 51.7402420043945 43.6322212219238 47.2755546569824 39.6686477661133
386.932220458984 464.091125488281 512.486694335938 469.301116943359 482.643341064453 533.313354492188 605.675537109375 672.922241210938 602.7744140625 537.693359375 321.328887939453 246.844451904297 209.232223510742 226.835556030273 230.4677734375 223.718887329102 186.153335571289 72.1666641235352 53.3619995117188 -3.4e+38 -3.4e+38 -3.4e+38 -3.4e+38 -3.4e+38 -3.4e+38 -3.4e+38 -3.4e+38 -3.4e+38 -3.4e+38 -3.4e+38 -3.4e+38 29.9273052215576 35.2449798583984 -3.4e+38 -3.4e+38 61.0344314575195 64.9068603515625 36.6414489746094 27.5420360565186 -3.4e+38 -3.4e+38 -3.4e+38 -3.4e+38 -3.4e+38 -3.4e+38 -3.4e+38 -3.4e+38 -3.4e+38 -3.4e+38 -3.4e+38 -3.4e+38 23.3664588928223 24.9830074310303 22.3400001525879 3.77333331108093 20.5498275756836
329.446655273438 349.126678466797 358.859985351562 372.924438476562 440.693328857422 480.031097412109 492.709991455078 503.594451904297 462.617767333984 385.462219238281 348.541107177734 339.974456787109 328.459991455078 276.343322753906 187.272216796875 143.668884277344 108.556663513184 88.5800018310547 179.01286315918 193.542449951172 -3.4e+38 -3.4e+38 -3.4e+38 -3.4e+38 -3.4e+38 195.110275268555 165.862014770508 159.353851318359 157.199996948242 70.2584915161133 -3.4e+38 -3.4e+38 96.2211837768555 137.685562133789 128.286666870117 112.815551757812 110.205558776855 78.445556640625 67.3055572509766 57.4421997070312 61.5852012634277 44.914249420166 35.145580291748 30.3714962005615 23.1078948974609 30.9773292541504 31.2137088775635 30.4346351623535 30.5765590667725 27.1382713317871 23.9103145599365 26.2546424865723 8.81999969482422 14.7322225570679 32.8011093139648 28.3894004821777
300.061096191406 314.712219238281 367.773345947266 369.502227783203 392.706665039062 361.764434814453 321.8466796875 304.333343505859 319.525543212891 331.1533203125 346.694458007812 323.384429931641 376.092224121094 417.008880615234 407.89111328125 366.156677246094 316.495544433594 423.779998779297 461.295562744141 432.527770996094 441.2177734375 399.953338623047 382.523345947266 373.138885498047 402.213348388672 381.533325195312 339.402221679688 349.214447021484 326.356658935547 267.913330078125 145.478973388672 87.1984481811523 -3.4e+38 141.67366027832 196.729995727539 193.331115722656 181.02555847168 166.254440307617 150.270004272461 142.864440917969 134.972229003906 119.754447937012 105.245552062988 94.129997253418 83.60888671875 94.7866668701172 90.6322250366211 87.4166641235352 82.3788909912109 87.2811126708984 68.0122222900391 57.8166656494141 73.2688903808594 59.6500015258789 34.728889465332 22.5342674255371
310.465545654297 316.549987792969 382.059997558594 316.329986572266 214.951110839844 163.889999389648 159.742218017578 157.475555419922 196.706665039062 251.353332519531 296.267791748047 322.115570068359 366.781097412109 426.871124267578 403.679992675781 377.613342285156 375.336669921875 377.006652832031 429.843322753906 466.327789306641 495.448883056641 466.359985351562 478.922210693359 482.623321533203 473.480010986328 424.545562744141 390.514434814453 368.968902587891 347.656677246094 309.656677246094 291.867767333984 242.358764648438 125.730766296387 153.944442749023 185.598892211914 215.637771606445 231.823333740234 236.520004272461 200.436660766602 184.497772216797 169.668884277344 173.885559082031 166.855560302734 145.481109619141 151.971115112305 146.468887329102 144.053329467773 161.196670532227 149.324447631836 131.693328857422 123.945556640625 128.705551147461 127.346664428711 118.512222290039 85.5500030517578 52.0822219848633
188.554443359375 179.36555480957 204.059997558594 262.121124267578 228.725555419922 169.737777709961 156 157.25 184.577774047852 197.081115722656 204.328887939453 177.866668701172 236.588882446289 303.922210693359 345.097778320312 417.125549316406 476.566680908203 419.541107177734 333.215545654297 332.85888671875 404.991119384766 410.157775878906 424.965545654297 487.958892822266 478.884429931641 451.14111328125 489.721099853516 479.541107177734 442.339996337891 347.167785644531 321.4677734375 331.707763671875 291.875549316406 193.268890380859 265.79443359375 299.363342285156 295.572235107422 250.292221069336 247.873336791992 248.482223510742 233.005554199219 211.001113891602 181.9677734375 175.585556030273 163.051116943359 158.938888549805 156.374450683594 175.541107177734 178.481109619141 150.824447631836 146.321105957031 148.564437866211 139.622222900391 124.519996643066 114.970001220703 117.986663818359
223.086669921875 279.946655273438 279.314453125 203.685562133789 179.201110839844 164.736663818359 185.809997558594 158.046661376953 182.665557861328 234.513336181641 215.548889160156 225.154449462891 292.686676025391 306.79443359375 372.998901367188 424.084442138672 476.817779541016 492.535552978516 450.022216796875 383.072235107422 424.585540771484 524.12890625 487.843322753906 482.674438476562 512.268859863281 472.594451904297 484.540008544922 510.684448242188 553.034423828125 470.235565185547 393.236663818359 400.92333984375 364.885559082031 308.435546875 283.818878173828 293.693328857422 293.746673583984 285.502227783203 294.033325195312 277.26220703125 244.341110229492 206.511108398438 183.289993286133 160.896667480469 161.484451293945 177.584442138672 161.095550537109 161.962219238281 156.311111450195 153.617782592773 142.476669311523 140.229995727539 143.215560913086 130.721115112305 139.277770996094 146.112228393555
182.386672973633 266.561096191406 178.279998779297 156.00666809082 161.110000610352 320.089996337891 345.670013427734 185.403335571289 230.435562133789 288.006652832031 243.893325805664 264.953338623047 276.946655273438 300.425567626953 332.588897705078 370.657775878906 387.637786865234 453.910003662109 524.147766113281 516.51220703125 425.943328857422 480.871124267578 442.113342285156 438.149993896484 469.263336181641 499.414459228516 498.045562744141 480.209991455078 474.204437255859 481.693328857422 457.633331298828 425.586669921875 322.522216796875 312.251098632812 306.691101074219 303.805541992188 300.132232666016 286.598876953125 267.932220458984 254.815551757812 219.458892822266 189.283340454102 197.895553588867 196.915557861328 181.821105957031 191.619995117188 171.776672363281 183.99333190918 177.843338012695 164.874450683594 170.039993286133 162.727783203125 145.05778503418 136.601104736328 149.504440307617 144.335556030273
