rasters/terrain/dist_coast.asc
NCOLS 720 
NROWS 300 
XLLCORNER -180 
YLLCORNER -60 
CELLSIZE 0.5 
NODATA_value -9999 
[rows 40 to 59 of 300, columns 138 to 183 of 720]
0.883511184108906 1.10391409454009 1.06699093992841 1.00807003808061 0.788184234357293 0.768842674260161 0.762284630951186 0.471435902311395 0.262284636571214 0.331245585349931 0.562284642872115 0.637734484058128 0.691971905730423 0.717446550181625 0.260501655442144 0.0622846289504158 0.100000001490116 0 0.0622846289504158 0.0622846289504158 0.115622216350376 0.566019196686371 0.637734484058128 0.562284642872115 0.192610247943494 0.0377153725397003 0.115622216350376 0.0622846289504158 0.162284630440532 0.100000001490116 0 0.0622846289504158 0.0622846289504158 0.262284636571214 0.251598265992523 0.303636461242813 0.0622846289504158 0.0622846289504158 0.0377153725397003 0.0622846289504158 0.192610247943494 0.262284636571214 0.480091409169557 0.462284630270314 0.551755531807935 0.537715380969743
0.662154454874667 0.63762028803721 0.571045953584441 0.55164736283889 0.331144423397035 0.281174851846814 0.262154461798247 0.12574521285749 0.137845548793085 0 0.0621544541871475 0.162154455677264 0.260424545249864 0.262154461798247 0.337637703521653 0.0621544541871475 0.115676136489148 0 0.0621544541871475 0.137845548793085 0.260424545249864 0.12574521285749 0.260424545249864 0.0621544541871475 0 0.115676136489148 0.333003691274865 0.352590816087502 0.231352272978296 0 0.0378455473029686 0.246024945535734 0.271088581333132 0 0 0.172524879695343 0.43784555044372 0.337845556404185 0.237845553102914 0.0378455473029686 0 0 0.192503263233734 0.0378455473029686 0.12574521285749 0.281174851846814
0.162024280913987 0.162024280913987 0.125691292718715 0.0620242794238704 0.0379757220662457 0.100000001490116 0.0620242794238704 0.0620242794238704 0.0379757220662457 0.100000001490116 0.0620242794238704 0.16366701478496 0.100000001490116 0.137975723556362 0.0379757220662457 0.0379757220662457 0.0379757220662457 0.0620242794238704 0 0.400000005960464 0.115730056627923 0.0379757220662457 0.25878027624207 0.115730056627923 0.0379757220662457 0 0.0620242794238704 0.192396278523966 0.262024287025271 0.192396278523966 0 0.0379757220662457 0.115730056627923 0.0379757220662457 0 0.125691292718715 0.605133292149443 0.796827522993787 0.670995977514074 0.481886514425295 0.16366701478496 0.200000002980232 0 0.404675020339286 0.312354546630818 0.137975723556362
0.200000002980232 0.161894106150709 0.0618941046605933 0.192289293814199 0 0.0618941046605933 0 0.0381058968295228 0 0.100000001490116 0.138105898319639 0.0381058968295228 0 0.161894106150709 0.161894106150709 0.125637372579939 0.375697337429103 0.348149927550227 0.338105905911341 0.461894106009588 0.361894111970052 0.0381058968295228 0.306183742252334 0.192289293814199 0.100000001490116 0 0.115783976766698 0.172738849114878 0.0381058968295228 0.0618941046605933 0.115783976766698 0.161894106150709 0.161894106150709 0.0381058968295228 0.238105902648866 0.393577102007944 0.743941283965081 1.18488722962801 1.09265675326829 0.617489979257237 0.172738849114878 0 0.246179165920304 0.604898335154554 0.300000011920929 0.0381058968295228
0.115837896905474 0.138236073082916 0 0 0.125583452441164 0.100000001490116 0.100000001490116 0.323153903133614 0.33823608066492 0.449625657748504 0.638236081190611 0.531772336977508 0.384914904546486 0.238236077421841 0.238236077421841 0.231675793810947 0.0382360715928 0 0.0617639298973161 0 0.0382360715928 0.115837896905474 0.0382360715928 0 0.0382360715928 0.115837896905474 0.0617639298973161 0.0617639298973161 0.238236077421841 0 0.0617639298973161 0.17760182680279 0.259021414492286 0.449625657748504 0.671206334178526 0.839950528003004 1.09251789827731 1.44625040637068 1.27243717509751 0.876603444536072 0.646065156221015 0.438236074704455 0.61663784835015 0.904952527830983 0.425656095460288 0.0382360715928
0.547644469294593 0.61675204437107 0.438366249458028 0.31265803248952 0.100000001490116 0.100000001490116 0.100000001490116 0.0616337551340445 0.506102937869179 0.901275540109497 1.11409446176847 0.985264481423145 0.797190019461482 0.738366243010667 0.738366243010667 0.669116579747463 0.538366254931596 0.438366249458028 0.438366249458028 0.438366249458028 0.538366254931596 0.547644469294593 0.538366254931596 0.438366249458028 0.482243074311295 0.531880505946556 0.353091118188961 0.338366255418493 0.34354837289795 0.0383662463560717 0.0616337551340445 0 0.404723095966842 0.902124922448859 1.11123929475051 1.30144955757218 1.51053821707185 1.49412424118287 1.29686109363858 1.2326637167652 1.06350604602859 0.938366231089738 1.06350604602859 1.10411351206707 0.735466416346741 0.393802716941205
1.04331011759136 1.06362121285814 0.938496405882103 0.671416690842967 0.312759194442416 0.115945737183018 0 0.115945737183018 0.306247115564525 0.802396708501827 1.30147838674104 1.46821959666155 1.27436357065199 1.23849643151637 1.23849643151637 1.15278496977821 1.02035915152065 0.938496405882103 0.938496405882103 0.938496405882103 1.03849642972396 1.04331011759136 1.03849642972396 0.938496405882103 0.959622980547584 0.98538859967936 0.844457642997431 0.836351091765767 0.453419675861332 0.138496422609456 0 0.138496422609456 0.520917507174143 1.01069126321459 1.49687295169613 1.78081416271852 1.50720419213018 1.10505610943512 0.818666793302975 0.761503582196968 0.818666793302975 0.787429662794677 0.761503582196968 0.860472797026282 1.03293782942976 0.778765370376772
1.54187602619747 1.52312133439269 1.37468179051427 1.0181720857016 0.765328192561995 0.532096843884653 0.312860356395318 0.138626597372733 0.42579240034432 0.91187945991355 1.40109515553109 1.87943790651153 1.76433839960158 1.73862660615356 1.73862660615356 1.61789845279758 1.49325632095761 1.43862658067448 1.43862658067448 1.43862658067448 1.52312133439269 1.54187602619747 1.52312133439269 1.43862658067448 1.4524774344857 1.46707620833361 1.3423613266106 1.15948658536445 0.811620168223861 0.525372030321997 0.33862660492564 0.59451127685824 0.811620168223861 1.18722842842346 1.63090166719143 1.81951695900579 1.32687687987105 0.842897624277393 0.399655452537545 0.261373413160406 0.361373412955753 0.330537451679633 0.261373413160406 0.375197035327652 0.561373419325524 0.596170064949203
2.04120910453387 2.00222983786251 1.7250092936204 1.4230549313067 1.19983361046544 0.976792870083452 0.754098263484941 0.63875678004973 0.754098263484941 1.10434200807979 1.53946851852498 2.00502738983886 2.2587768754939 2.23875678079075 2.23875678079075 2.09920518376992 1.9796145552149 1.93875675546685 1.93875675546685 1.93875675546685 2.00222983786251 2.04120910453387 2.00222983786251 1.93875675546685 1.94905163136707 1.93423166806628 1.84147589608017 1.51584616395924 1.23075932443354 0.929486024113683 0.838756768128801 0.976792870083452 1.24384278358163 1.51584616395924 1.56124324453315 1.58983206382865 1.30827968627455 0.813355202610517 0.333407612415411 0.13875677213601 0.13875677213601 0.0387567706458943 0 0.0387567706458943 0.0612432308442219 0.214457564940815
2.53739013775013 2.43205292667562 2.11293366172891 1.87458155860907 1.64649648803756 1.42316849310529 1.20719524075447 1.13888697794293 1.20719524075447 1.45188387820986 1.80512678436846 2.21558186763337 2.65687707511937 2.73888695542794 2.72878428780473 2.58766979604353 2.47148364314643 2.43888700311165 2.43888700311165 2.43888700311165 2.48963132425876 2.54085643213674 2.48963132425876 2.43888700311165 2.44707693941513 2.41465050368881 2.22194199310699 1.92004930300808 1.61348999734186 1.39742994020927 1.33888690641736 1.42930234637854 1.45845529440732 1.17320115025333 1.06111306974079 1.10278768821836 1.27689682676203 1.02450446304286 0.706112961565257 0.575046494592204 0.617208828454756 0.538886954101072 0.394253946807722 0.173380757373465 0.0388869454091627 0.0388869454091627
3.02124951224209 2.81141638452709 2.54041830407872 2.31692099766441 2.09344755246009 1.8700061481054 1.68716007276769 1.63901715273531 1.68716007276769 1.8700061481054 2.1557767666678 2.50952859786421 2.90654304396237 3.23901713006513 3.19935243848088 3.07376378989357 2.96611950476176 2.93901717774885 2.93901717774885 2.93901717774885 2.98125607371026 3.04066245941678 2.98125607371026 2.93901717774885 2.94581617121254 2.90174421169966 2.61269465102494 2.31146077459 2.04754474536935 1.88204421327941 1.83901708120973 1.60212342180039 1.14740115318823 0.752184230849818 0.560982894948409 0.636592523848901 0.786926615086256 0.911896780219848 0.960982871106551 0.992054664374143 0.893305600015516 0.595803210084564 0.460982882734559 0.523488447867267 0.539017128893449 0.4794042633391
3.50638201005759 3.22390869784854 2.99053656174126 2.7640482928386 2.54053315930601 2.32084164648726 2.17624241345762 2.13914725498559 2.17624241345762 2.32084164648726 2.55668937497229 2.86129274211744 3.21516293189058 3.60381591398866 3.67773568615786 3.55498030655629 3.46233522993179 3.43914735238603 3.43914735238603 3.43914735238603 3.47531048740055 3.54055989079321 3.47531048740055 3.43914735238603 3.44495890134571 3.31148958345187 3.01372731964412 2.72621234812537 2.50637477184449 2.37311559502797 2.0015203368723 1.50202617278271 1.0030350154625 0.50602559890218 0.0608527065544047 0.260852714068517 0.330132803868036 0.460852707980989 0.460852707980989 0.55056567314839 0.55056567314839 0.191433416136082 0 0.0608527065544047 0.191433416136082 0.0608527065544047
3.91582285633068 3.65833704804447 3.43478136002018 3.21123245052455 2.98769243142226 2.78855374144005 2.66942664156675 2.63927742993315 2.66942664156675 2.78855374144005 2.98769243142226 3.25216784718566 3.56747257124402 3.92136273067362 4.16123768192077 4.04079524012607 3.95953653210117 3.93927752702323 3.93927752702323 3.93927752702323 3.97088705938555 4.04051523531512 3.97088705938555 3.93927752702323 3.94435190235834 3.71786036962568 3.41646455302578 3.16574807596873 2.97010422315555 2.51189477671077 2.01484532807144 1.51972831482326 1.02931954952539 0.556025859172599 0.173701711502763 0.0392774696989886 0.0392774696989886 0 0 0.125152091330974 0.0607225317911276 0.0607225317911276 0.173701711502763 0.232538516031327 0.23927747560562 0.339277478693518
4.33863798827842 4.1077460203317 3.88201448918703 3.65845239364186 3.43748074841157 3.26589353056688 3.16479360514803 3.1394076048807 3.16479360514803 3.26589353056688 3.43748074841157 3.66967534462725 3.95180425343978 4.27398819976964 4.62786834256958 4.5297277422974 4.45739379981402 4.43940770166042 4.43940770166042 4.43940770166042 4.46747909167524 4.54050905344685 4.46747909167524 4.43940770166042 4.41543308128344 4.11247566937085 3.84216406798278 3.57537302580153 3.09014093517482 2.60747275187939 2.13279562915227 1.67291199800425 1.24428805103318 0.877463687904614 0.647223027775799 0.539407653270561 0.385661301088819 0.239407650378596 0.333696127515799 0.232646356308877 0 0.339407653447096 0.525885065131122 0.670111692736447 0.739407641349632 0.79815667670866
4.77641975089473 4.55284230599962 4.32926773314672 4.10569660894833 3.89955669899119 3.74918300013807 3.66145663580303 3.63953777982825 3.66145663580303 3.74918300013807 3.89955669899119 4.10569660894833 4.35969693312912 4.65372520509243 4.98069733968703 5.02086742970887 4.95570873442095 4.93953787629761 4.93953787629761 4.93953787629761 4.96478168712585 5.03975473916307 4.96478168712585 4.90765049525473 4.50793539921675 4.08305658238903 3.67711606992602 3.29711402845333 2.93202355653703 2.50250852829805 2.10053665531848 1.74980327259984 1.33788466982172 0.969142493170006 0.617689984530977 0.360462189680726 0.125044251053427 0 0.0395378192255357 0.0604621822645804 0.139537820715652 0.468084185138191 0.915878851424968 1.15698606737747 1.23953782861389 1.27537617123153
5.22540655677616 5.00011561951634 4.77653535409159 4.55491663605252 4.37002261465097 4.23638513205938 4.15895087378399 4.13966786019993 4.15895087378399 4.23638513205938 4.37002261465097 4.55491663605252 4.7851279601546 5.05446685822041 5.35703411844716 5.51362411427453 5.45435609733157 5.43966805093479 5.43966805093479 5.43966805093479 5.4626008227977 5.53082874615735 5.20681208176457 4.73928609138335 4.27910739468962 3.82892437939457 3.39271598302516 2.976630870913 2.590379074516 2.23780824571803 1.81715102713776 1.39702198915132 1.04927037252302 0.655601798122882 0.27948688409534 0.100000001490116 0 0.139667995478922 0.313669652018513 0.439667996993774 0.394930791607502 0.77928845971249 1.16555664512194 1.58397249422748 1.73966800325108 1.67199251513276
5.67098468707923 5.44739826838424 5.22381395162238 5.0137879265748 4.84643416379064 4.72628957861314 4.65701002334511 4.63979803483712 4.65701002334511 4.72628957861314 4.84643416379064 5.0137879265748 5.22381395162238 5.47159931771704 5.75226570268301 6.0075997779693 5.95325225877811 5.93979822557199 5.93979822557199 5.93979822557199 5.96080704491396 5.54530298821094 5.05967961385397 4.57715266407637 4.09881476423811 3.6263232448197 3.16229807112915 2.71108708303346 2.28030285743601 1.88399634365684 1.53202499378248 1.15841332831849 0.701095777969467 0.374071355599385 0.12493641077588 0 0.139798170242199 0.395043599074135 0.754984655217797 0.891923213830481 0.86335798027209 1.09372322547512 1.465215652138 1.87040987010354 2.23979817788827 2.0941346019235
6.1182778996229 5.8946884929718 5.67267951484854 5.4798859659494 5.32719706896209 5.21813515088017 5.15547074151595 5.13992820947431 5.15547074151595 5.21813515088017 5.32719706896209 5.4798859659494 5.67267951484854 5.90164721435008 6.1627585370597 6.45211114922905 6.45233975048873 6.43992840020918 6.43992840020918 6.41523973632992 5.94895522546679 5.45344499223275 4.95883585708533 4.46542713632829 3.97366603687373 3.48424967186983 2.9983257395744 2.51791463633177 2.04689620112332 1.59360381890786 1.17861173272841 0.828606274010705 0.539458303088884 0.100000001490116 0.116538858709533 0.439928346500931 0.618122396622139 0.812651250479652 1.09382366940828 1.37314274654839 1.35479130688738 1.51192481857382 1.79901840759889 2.16492002550024 2.57273649359731 2.54472638477068
6.5655757897737 6.34198378448922 6.12948834991436 5.9515126796279 5.81123052502047 5.71142043707826 5.6542259284538 5.64005838411151 5.6542259284538 5.71142043707826 5.81123052502047 5.9515126796279 6.12948834991436 6.34198378448922 6.58565852578485 6.85718850854955 6.95157657494538 6.94005857484637 6.90116088682152 6.40546379581821 5.9059265159608 5.40647464988481 4.90713393563543 4.40794307648496 3.90895898335123 3.41027231313165 2.9120360189715 2.41452793512535 1.91831435959479 1.4247444103934 0.937976097240089 0.478854546674735 0.159941484701595 0.100000001490116 0.395269214007401 0.7794628228244 1.06500321481282 1.24503642507399 1.51075942950348 1.79911568492063 1.85090337225318 1.96878544048973 2.19693577283137 2.50537722312282 2.86831349184438 3.01101236220449
7.01287786021066 6.79060798525178 6.5925892062146 6.42745088812593 6.297780057892 6.20580098540348 6.15320476553412 6.14018855874869 6.15320476553412 6.20580098540348 6.297780057892 6.42745088812593 6.5925892062146 6.79060798525178 7.01872344722196 7.27410535127553 7.45093409848488 7.39171887318339 6.89706965111127 6.39998401592701 5.90338897705078 5.40370273590088 4.90407991409302 4.40454292297363 3.90512466430664 3.40587735176087 2.90688848495483 2.40831899642944 1.9104973077774 1.41421353816986 0.921954452991486 0.447213590145111 0 0.37640749933472 0.745189186459678 1.09402455727458 1.44776712185894 1.67149332423799 1.92116245552634 2.19704497607784 2.34872307383013 2.44267856765111 2.63001528421792 2.89263000657851 3.21210306384266 3.41037606491082
