rasters/terrain/dist_rivers_3.asc
ncols        720
nrows        300
xllcorner    -180.000000000000
yllcorner    -60.000000000000
cellsize     0.500000000000
NODATA_value  nan
[rows 57 to 75 of 300, columns 396 to 439 of 720]
0.70710676908493041992 1.1180340051651000977 1.5811388492584228516 2.0615527629852294922 2.5495097637176513672 3.0413813591003417969 3.535533905029296875 4.0311288833618164062 4.2720017433166503906 4.1231055259704589844 4.0311288833618164062 4 4 4 3.5 3 2.5 2 1.5 1 0.5 0 0.5 0.5 0.5 0.5 0.70710676908493041992 1.1180340051651000977 1.5811388492584228516 2.0615527629852294922 2.5495097637176513672 3.0413813591003417969 3.1622776985168457031 2.6925823688507080078 2.2360680103302001953 1.8027756214141845703 1.4142135381698608398 1.1180340051651000977 1 1 1 1.1180340051651000977 1.4142135381698608398 1.8027756214141845703
0.5 1 1.5 2 2.5 3 3.5 4 3.8078866004943847656 3.6400549411773681641 3.535533905029296875 3.5 3.5 3.535533905029296875 3.535533905029296875 3.0413813591003417969 2.5495097637176513672 2.0615527629852294922 1.5811388492584228516 1.1180340051651000977 0.70710676908493041992 0.5 0 0 0 0 0.5 1 1.5 2 2.5 3 3.0413813591003417969 2.5495097637176513672 2.0615527629852294922 1.5811388492584228516 1.1180340051651000977 0.70710676908493041992 0.5 0.5 0.5 0.70710676908493041992 1.1180340051651000977 1.5811388492584228516
0.70710676908493041992 1.1180340051651000977 1.5811388492584228516 2.0615527629852294922 2.5495097637176513672 3.0413813591003417969 3.535533905029296875 3.6055512428283691406 3.3541018962860107422 3.1622776985168457031 3.0413813591003417969 3 3 3.0413813591003417969 3.1622776985168457031 3.1622776985168457031 2.6925823688507080078 2.2360680103302001953 1.8027756214141845703 1.4142135381698608398 1.1180340051651000977 0.70710676908493041992 0.5 0.5 0 0 0.5 1 1.5 2 2.5 3 3 2.5 2 1.5 1 0.5 0 0 0 0.5 1 1.5
1.1180340051651000977 1.4142135381698608398 1.8027756214141845703 2.2360680103302001953 2.6925823688507080078 3.1622776985168457031 3.535533905029296875 3.2015621662139892578 2.9154758453369140625 2.6925823688507080078 2.5495097637176513672 2.5 2.5 2.5495097637176513672 2.6925823688507080078 2.9154758453369140625 2.9154758453369140625 2.5 2.1213202476501464844 1.8027756214141845703 1.4142135381698608398 1.1180340051651000977 1 0.70710676908493041992 0.5 0.5 0.70710676908493041992 1.1180340051651000977 1.5811388492584228516 2.0615527629852294922 2.5495097637176513672 3.0413813591003417969 3.0413813591003417969 2.5495097637176513672 2.0615527629852294922 1.5811388492584228516 1.1180340051651000977 0.70710676908493041992 0.5 0.5 0 0.5 1 1.5
1.4142135381698608398 1.8027756214141845703 2.1213202476501464844 2.5 2.9154758453369140625 3.3541018962860107422 3.2015621662139892578 2.8284270763397216797 2.5 2.2360680103302001953 2.0615527629852294922 2 2 2.0615527629852294922 2.2360680103302001953 2.5 2.5495097637176513672 2.6925823688507080078 2.5 2.1213202476501464844 1.8027756214141845703 1.5811388492584228516 1.4142135381698608398 1.1180340051651000977 1 1 1.1180340051651000977 1.4142135381698608398 1.8027756214141845703 2.2360680103302001953 2.6925823688507080078 2.9154758453369140625 3.1622776985168457031 2.6925823688507080078 2.2360680103302001953 1.8027756214141845703 1.4142135381698608398 1.1180340051651000977 1 0.70710676908493041992 0.5 0.70710676908493041992 1.1180340051651000977 1.5811388492584228516
1.8027756214141845703 2.1213202476501464844 2.5 2.8284270763397216797 3.2015621662139892578 3.3541018962860107422 2.9154758453369140625 2.5 2.1213202476501464844 1.8027756214141845703 1.5811388492584228516 1.5 1.5 1.5811388492584228516 1.8027756214141845703 2 2.0615527629852294922 2.2360680103302001953 2.5 2.5 2.2360680103302001953 2.0615527629852294922 1.8027756214141845703 1.5811388492584228516 1.5 1.5 1.5811388492584228516 1.8027756214141845703 2 2.0615527629852294922 2.2360680103302001953 2.5 2.8284270763397216797 2.9154758453369140625 2.5 2.1213202476501464844 1.8027756214141845703 1.5811388492584228516 1.4142135381698608398 1.1180340051651000977 1 1.1180340051651000977 1.4142135381698608398 1.8027756214141845703
2.2360680103302001953 2.5 2.8284270763397216797 3.2015621662139892578 3.535533905029296875 3.1622776985168457031 2.6925823688507080078 2.2360680103302001953 1.8027756214141845703 1.4142135381698608398 1.1180340051651000977 1 1 1.1180340051651000977 1.4142135381698608398 1.5 1.5811388492584228516 1.8027756214141845703 2 2.0615527629852294922 2.2360680103302001953 2.5 2.2360680103302001953 2.0615527629852294922 2 1.8027756214141845703 1.5811388492584228516 1.5 1.5 1.5811388492584228516 1.8027756214141845703 2.1213202476501464844 2.5 2.5495097637176513672 2.5 2.5 2.2360680103302001953 2.0615527629852294922 1.8027756214141845703 1.5811388492584228516 1.5 1.5811388492584228516 1.8027756214141845703 2.1213202476501464844
2.6925823688507080078 2.9154758453369140625 3.2015621662139892578 3.535533905029296875 3.535533905029296875 3.0413813591003417969 2.5495097637176513672 2.0615527629852294922 1.5811388492584228516 1.1180340051651000977 0.70710676908493041992 0.5 0.5 0.70710676908493041992 1 1 1.1180340051651000977 1.4142135381698608398 1.5 1.5811388492584228516 1.8027756214141845703 2 2 2.0615527629852294922 1.8027756214141845703 1.4142135381698608398 1.1180340051651000977 1 1 1.1180340051651000977 1.4142135381698608398 1.8027756214141845703 2.2360680103302001953 2.0615527629852294922 2 2 2 2 2 2 2 2.0615527629852294922 2.2360680103302001953 2.5
3.0413813591003417969 3 3 3.0413813591003417969 3.1622776985168457031 3 2.5 2 1.5 1 0.5 0 0 0.5 0.5 0.5 0.70710676908493041992 1.1180340051651000977 1 1.1180340051651000977 1.4142135381698608398 1.5 1.5 1.5811388492584228516 1.4142135381698608398 1.1180340051651000977 0.70710676908493041992 0.5 0.5 0.70710676908493041992 1.1180340051651000977 1.5811388492584228516 1.8027756214141845703 1.5811388492584228516 1.5 1.5 1.5 1.5 1.5 1.5 1.5 1.5811388492584228516 1.8027756214141845703 2
2.5495097637176513672 2.5 2.5 2.5495097637176513672 2.6925823688507080078 2.9154758453369140625 2.5495097637176513672 2.0615527629852294922 1.5811388492584228516 1.1180340051651000977 0.70710676908493041992 0.5 0 0 0 0 0.5 0.70710676908493041992 0.5 0.70710676908493041992 1 1 1 1.1180340051651000977 1.1180340051651000977 0.70710676908493041992 0.5 0 0 0.5 1 1.5 1.4142135381698608398 1.1180340051651000977 1 1 1 1 1 1 1 1.1180340051651000977 1.4142135381698608398 1.5
2.0615527629852294922 2 2 2.0615527629852294922 2.2360680103302001953 2.5 2.6925823688507080078 2.2360680103302001953 1.8027756214141845703 1.4142135381698608398 1.1180340051651000977 0.70710676908493041992 0.5 0.5 0 0 0 0.5 0 0.5 0.5 0.5 0.5 0.70710676908493041992 0.70710676908493041992 0.5 0 0 0 0.5 1 1.5 1.1180340051651000977 0.70710676908493041992 0.5 0.5 0.5 0.5 0.5 0.5 0.5 0.70710676908493041992 1 1
1.5811388492584228516 1.5 1.5 1.5811388492584228516 1.8027756214141845703 2.1213202476501464844 2.5 2.5 2.1213202476501464844 1.8027756214141845703 1.4142135381698608398 1.1180340051651000977 1 0.70710676908493041992 0.5 0.5 0 0 0 0 0 0 0 0.5 0.5 0 0 0 0.5 0.70710676908493041992 1 1.1180340051651000977 1 0.5 0 0 0 0 0 0 0 0.5 0.5 0.5
1.1180340051651000977 1 1 1.1180340051651000977 1.4142135381698608398 1.8027756214141845703 2.2360680103302001953 2.5 2.5 2.1213202476501464844 1.8027756214141845703 1.5811388492584228516 1.4142135381698608398 1.1180340051651000977 1 0.70710676908493041992 0.5 0.5 0.5 0.5 0 0 0 0 0 0 0 0.5 0.70710676908493041992 0.70710676908493041992 0.5 0.70710676908493041992 1 0.70710676908493041992 0.5 0.5 0 0 0.5 0 0 0 0 0
0.70710676908493041992 0.5 0.5 0.70710676908493041992 1.1180340051651000977 1.5811388492584228516 2 2 2 2 2.0615527629852294922 2.0615527629852294922 1.8027756214141845703 1.5811388492584228516 1.4142135381698608398 1.1180340051651000977 1 1 1 0.70710676908493041992 0.5 0.5 0 0.5 0.5 0.5 0.5 0.70710676908493041992 0.70710676908493041992 0.5 0 0.5 0.5 0.5 0.70710676908493041992 0.5 0 0 0 0 0 0 0 0
0.5 0 0 0.5 1 1.5 1.5 1.5 1.5 1.5 1.5811388492584228516 1.8027756214141845703 2 2.0615527629852294922 1.8027756214141845703 1.5811388492584228516 1.5 1.5 1.4142135381698608398 1.1180340051651000977 1 0.70710676908493041992 0.5 0.70710676908493041992 1 1 1 1 0.5 0 0 0 0 0 0.5 0 0 0 0.5 0.5 0.5 0.5 0.5 0.5
0.5 0 0 0.5 1 1 1 1 1 1 1.1180340051651000977 1.4142135381698608398 1.5 1.5811388492584228516 1.5 1.5 1.5 1.5 1.5 1.5 1.4142135381698608398 1.1180340051651000977 1 1.1180340051651000977 1.4142135381698608398 1.5 1.5 1.1180340051651000977 0.70710676908493041992 0.5 0.5 0 0 0 0.5 0 0 0.5 0.70710676908493041992 1 1 1 1 0.70710676908493041992
0.70710676908493041992 0.5 0.5 0.70710676908493041992 0.70710676908493041992 0.5 0.5 0.5 0.5 0.5 0.70710676908493041992 1 1 1.1180340051651000977 1 1 1 1 1 1 1 1 1 1 1.1180340051651000977 1.4142135381698608398 1.5 1.4142135381698608398 1.1180340051651000977 1 0.5 0 0 0 0.5 0.5 0 0 0.5 1 1.5 1.5 1.4142135381698608398 1.1180340051651000977
0.5 0.5 0.70710676908493041992 1 0.5 0 0 0 0 0 0.5 0.5 0.5 0.70710676908493041992 0.5 0.5 0.5 0.5 0.5 0.5 0.5 0.5 0.5 0.5 0.70710676908493041992 1.1180340051651000977 1 1 1 0.70710676908493041992 0.5 0 0 0.5 0.5 0 0 0.5 0.70710676908493041992 1.1180340051651000977 1.5811388492584228516 2 1.8027756214141845703 1.5811388492584228516
0 0 0.5 0.70710676908493041992 0.5 0 0 0 0 0 0 0 0 0.5 0 0 0 0 0 0 0 0 0 0 0.5 0.70710676908493041992 0.5 0.5 0.5 0.5 0 0 0 0.5 0.5 0 0 0.5 1 1.4142135381698608398 1.8027756214141845703 2.2360680103302001953 2.2360680103302001953 2.0615527629852294922
