rasters/terrain/dist_rivers_3.asc
ncols        720
nrows        300
xllcorner    -180.000000000000
yllcorner    -60.000000000000
cellsize     0.500000000000
NODATA_value  nan
[rows 38 to 56 of 300, columns 440 to 483 of 720]
10.688778877258300781 10.793516159057617188 10.920165061950683594 10.735455513000488281 10.511898040771484375 10.295630455017089844 10.062305450439453125 9.848857879638671875 9.4868326187133789062 9.01387786865234375 8.5440034866333007812 8.077747344970703125 7.6157732009887695312 7.1589107513427734375 6.7082037925720214844 6.2649822235107421875 5.830951690673828125 5.4083271026611328125 5 4.6097722053527832031 4.2426404953002929688 3.9051249027252197266 3.535533905029296875 3.2015621662139892578 2.9154758453369140625 2.6925823688507080078 2.5495097637176513672 2.5 2.5495097637176513672 2.6925823688507080078 2.9154758453369140625 3.2015621662139892578 3.535533905029296875 3.9051249027252197266 4.3011627197265625 4.7169904708862304688 5.1478152275085449219 5.5901699066162109375 6.041522979736328125 6.5 6.9641942977905273438 7.4330344200134277344 7.9056940078735351562 8.381526947021484375
10.198039054870605469 10.307764053344726562 10.440306663513183594 10.295630455017089844 10.062305450439453125 9.848857879638671875 9.6176919937133789062 9.3941469192504882812 9.1923885345458984375 8.8600225448608398438 8.381526947021484375 7.9056940078735351562 7.4330344200134277344 6.9641942977905273438 6.5 6.041522979736328125 5.5901699066162109375 5.1478152275085449219 4.7169904708862304688 4.3011627197265625 3.9051249027252197266 3.535533905029296875 3.2015621662139892578 2.8284270763397216797 2.5 2.2360680103302001953 2.0615527629852294922 2 2.0615527629852294922 2.2360680103302001953 2.5 2.8284270763397216797 3.2015621662139892578 3.6055512428283691406 4.0311288833618164062 4.4721360206604003906 4.9244289398193359375 5.3851647377014160156 5.8523497581481933594 6.3245553970336914062 6.8007354736328125 7.2801098823547363281 7.7620873451232910156 8.2462110519409179688
9.70824432373046875 9.8234415054321289062 9.962429046630859375 9.861541748046875 9.6176919937133789062 9.3941469192504882812 9.17877960205078125 8.9442720413208007812 8.73212432861328125 8.5 8.2462110519409179688 7.7620873451232910156 7.2801098823547363281 6.8007354736328125 6.3245553970336914062 5.8523497581481933594 5.3851647377014160156 4.9244289398193359375 4.4721360206604003906 4.0311288833618164062 3.6055512428283691406 3.2015621662139892578 2.8284270763397216797 2.5 2.1213202476501464844 1.8027756214141845703 1.5811388492584228516 1.5 1.5811388492584228516 1.8027756214141845703 2.1213202476501464844 2.5 2.9154758453369140625 3.3541018962860107422 3.8078866004943847656 4.2720017433166503906 4.7434163093566894531 5.2201533317565917969 5.7008771896362304688 6.1846585273742675781 6.6708321571350097656 7.1589107513427734375 7.648529052734375 8.1394100189208984375
9.2195444107055664062 9.340770721435546875 9.4868326187133789062 9.4339809417724609375 9.17877960205078125 8.9442720413208007812 8.73212432861328125 8.5 8.2764730453491210938 8.0622577667236328125 7.8262381553649902344 7.6157732009887695312 7.1589107513427734375 6.6708321571350097656 6.1846585273742675781 5.7008771896362304688 5.2201533317565917969 4.7434163093566894531 4.2720017433166503906 3.8078866004943847656 3.3541018962860107422 2.9154758453369140625 2.5 2.1213202476501464844 1.8027756214141845703 1.4142135381698608398 1.1180340051651000977 1 1.1180340051651000977 1.4142135381698608398 1.8027756214141845703 2.2360680103302001953 2.6925823688507080078 3.1622776985168457031 3.6400549411773681641 4.1231055259704589844 4.6097722053527832031 5.0990195274353027344 5.5901699066162109375 6.0827627182006835938 6.576473236083984375 7.07106781005859375 7.5663728713989257812 8.0622577667236328125
8.73212432861328125 8.8600225448608398438 9.01387786865234375 9.01387786865234375 8.7464275360107421875 8.5 8.2764730453491210938 8.0622577667236328125 7.8262381553649902344 7.6157732009887695312 7.3824114799499511719 7.1589107513427734375 6.9641942977905273438 6.576473236083984375 6.0827627182006835938 5.5901699066162109375 5.0990195274353027344 4.6097722053527832031 4.1231055259704589844 3.6400549411773681641 3.1622776985168457031 2.6925823688507080078 2.2360680103302001953 1.8027756214141845703 1.4142135381698608398 1.1180340051651000977 0.70710676908493041992 0.5 0.70710676908493041992 1.1180340051651000977 1.5811388492584228516 2.0615527629852294922 2.5495097637176513672 3.0413813591003417969 3.535533905029296875 4.0311288833618164062 4.5276927947998046875 5.0249376296997070312 5.5226802825927734375 6.0207972526550292969 6.5192022323608398438 7.0178341865539550781 7.5166482925415039062 8.0156097412109375
8.2462110519409179688 8.381526947021484375 8.5440034866333007812 8.602325439453125 8.3216581344604492188 8.0622577667236328125 7.8262381553649902344 7.6157732009887695312 7.3824114799499511719 7.1589107513427734375 6.9462218284606933594 6.7082037925720214844 6.5 6.3245553970336914062 6.0207972526550292969 5.5226802825927734375 5.0249376296997070312 4.5276927947998046875 4.0311288833618164062 3.535533905029296875 3.0413813591003417969 2.5495097637176513672 2.0615527629852294922 1.5811388492584228516 1.1180340051651000977 0.70710676908493041992 0.5 0 0.5 1 1.5 2 2.5 3 3.5 4 4.5 5 5.5 6 6.5 7 7.5 8
7.7620873451232910156 7.9056940078735351562 8.077747344970703125 8.2006101608276367188 7.9056940078735351562 7.6321687698364257812 7.3824114799499511719 7.1589107513427734375 6.9462218284606933594 6.7082037925720214844 6.5 6.2649822235107421875 6.041522979736328125 5.8523497581481933594 5.7008771896362304688 5.5 5 4.5 4 3.5 3 2.5 2 1.5 1 0.5 0 0.5 0.70710676908493041992 1.1180340051651000977 1.5811388492584228516 2.0615527629852294922 2.5495097637176513672 3.0413813591003417969 3.535533905029296875 4.0311288833618164062 4.5276927947998046875 5.0249376296997070312 5.5226802825927734375 6.0207972526550292969 6.5192022323608398438 7.0178341865539550781 7.5166482925415039062 8.0156097412109375
7.2801098823547363281 7.4330344200134277344 7.6157732009887695312 7.8102498054504394531 7.5 7.2111024856567382812 6.9462218284606933594 6.7082037925720214844 6.5 6.2649822235107421875 6.041522979736328125 5.830951690673828125 5.5901699066162109375 5.3851647377014160156 5.2201533317565917969 5.0990195274353027344 5.0249376296997070312 4.5276927947998046875 4.0311288833618164062 3.535533905029296875 3.0413813591003417969 2.5495097637176513672 2.0615527629852294922 1.5811388492584228516 1.1180340051651000977 0.70710676908493041992 0.5 0.70710676908493041992 1.1180340051651000977 1.4142135381698608398 1.8027756214141845703 2.2360680103302001953 2.6925823688507080078 3.1622776985168457031 3.6400549411773681641 4.1231055259704589844 4.6097722053527832031 5.0990195274353027344 5.5901699066162109375 6.0827627182006835938 6.576473236083984375 7.07106781005859375 7.4330344200134277344 7.8102498054504394531
6.8007354736328125 6.9641942977905273438 7.1589107513427734375 7.3824114799499511719 7.1063351631164550781 6.8007354736328125 6.5192022323608398438 6.2649822235107421875 6.041522979736328125 5.830951690673828125 5.5901699066162109375 5.3851647377014160156 5.1478152275085449219 4.9244289398193359375 4.7434163093566894531 4.6097722053527832031 4.5276927947998046875 4.5 4.1231055259704589844 3.6400549411773681641 3.1622776985168457031 2.6925823688507080078 2.2360680103302001953 1.8027756214141845703 1.4142135381698608398 1.1180340051651000977 1 1.1180340051651000977 1.4142135381698608398 1.8027756214141845703 2.1213202476501464844 2.5 2.9154758453369140625 3.3541018962860107422 3.8078866004943847656 4.2720017433166503906 4.7434163093566894531 5.2201533317565917969 5.6568541526794433594 6.0207972526550292969 6.3639612197875976562 6.7268118858337402344 7.1063351631164550781 7.5
6.3245553970336914062 6.5 6.7082037925720214844 6.9462218284606933594 6.7268118858337402344 6.4031243324279785156 6.1032776832580566406 5.830951690673828125 5.5901699066162109375 5.3851647377014160156 5.1478152275085449219 4.9244289398193359375 4.7169904708862304688 4.4721360206604003906 4.2720017433166503906 4.1231055259704589844 4.0311288833618164062 4 4 3.8078866004943847656 3.3541018962860107422 2.9154758453369140625 2.5 2.1213202476501464844 1.8027756214141845703 1.5811388492584228516 1.5 1.5811388492584228516 1.8027756214141845703 2.1213202476501464844 2.5 2.8284270763397216797 3.2015621662139892578 3.6055512428283691406 4.0311288833618164062 4.3011627197265625 4.6097722053527832031 4.9497475624084472656 5.3150730133056640625 5.6568541526794433594 6.0207972526550292969 6.4031243324279785156 6.8007354736328125 7.2111024856567382812
5.8523497581481933594 6.041522979736328125 6.2649822235107421875 6.5192022323608398438 6.3639612197875976562 6.0207972526550292969 5.7008771896362304688 5.4083271026611328125 5.1478152275085449219 4.9244289398193359375 4.7169904708862304688 4.4721360206604003906 4.2720017433166503906 4.0311288833618164062 3.8078866004943847656 3.6400549411773681641 3.535533905029296875 3.5 3.5 3.5 3.5 3.2015621662139892578 2.8284270763397216797 2.5 2.2360680103302001953 2.0615527629852294922 2 2.0615527629852294922 2.2360680103302001953 2.5 2.8284270763397216797 3.0413813591003417969 3.1622776985168457031 3.3541018962860107422 3.6055512428283691406 3.9051249027252197266 4.2426404953002929688 4.6097722053527832031 4.9497475624084472656 5.3150730133056640625 5.7008771896362304688 6.1032776832580566406 6.5192022323608398438 6.9462218284606933594
5.3851647377014160156 5.5901699066162109375 5.830951690673828125 6.1032776832580566406 6.0207972526550292969 5.6568541526794433594 5.3150730133056640625 5 4.7169904708862304688 4.4721360206604003906 4.2720017433166503906 4.0311288833618164062 3.8078866004943847656 3.6055512428283691406 3.3541018962860107422 3.1622776985168457031 3.0413813591003417969 3 3 3 3 3 3.0413813591003417969 2.9154758453369140625 2.6925823688507080078 2.5495097637176513672 2.5 2.5495097637176513672 2.5495097637176513672 2.5 2.5 2.5495097637176513672 2.6925823688507080078 2.9154758453369140625 3.2015621662139892578 3.535533905029296875 3.9051249027252197266 4.2426404953002929688 4.6097722053527832031 5 5.4083271026611328125 5.830951690673828125 6.2649822235107421875 6.7082037925720214844
4.9244289398193359375 5.1478152275085449219 5.4083271026611328125 5.7008771896362304688 5.6568541526794433594 5.3150730133056640625 4.9497475624084472656 4.6097722053527832031 4.3011627197265625 4.0311288833618164062 3.8078866004943847656 3.6055512428283691406 3.3541018962860107422 3.1622776985168457031 2.9154758453369140625 2.6925823688507080078 2.5495097637176513672 2.5 2.5 2.5 2.5 2.5 2.5495097637176513672 2.5495097637176513672 2.5 2.5495097637176513672 2.5 2.2360680103302001953 2.0615527629852294922 2 2 2.0615527629852294922 2.2360680103302001953 2.5 2.8284270763397216797 3.2015621662139892578 3.535533905029296875 3.9051249027252197266 4.3011627197265625 4.7169904708862304688 5.1478152275085449219 5.5901699066162109375 6.041522979736328125 6.5
4.4721360206604003906 4.7169904708862304688 5 5.3150730133056640625 5.3150730133056640625 4.9497475624084472656 4.6097722053527832031 4.2426404953002929688 3.9051249027252197266 3.6055512428283691406 3.3541018962860107422 3.1622776985168457031 2.9154758453369140625 2.6925823688507080078 2.5 2.2360680103302001953 2.0615527629852294922 2 2 2 2 2 2.0615527629852294922 2.0615527629852294922 2 2.0615527629852294922 2.1213202476501464844 1.8027756214141845703 1.5811388492584228516 1.5 1.5 1.5811388492584228516 1.8027756214141845703 2.1213202476501464844 2.5 2.8284270763397216797 3.2015621662139892578 3.6055512428283691406 4.0311288833618164062 4.4721360206604003906 4.9244289398193359375 5.3851647377014160156 5.8523497581481933594 6.3245553970336914062
4.0311288833618164062 4.3011627197265625 4.6097722053527832031 4.9497475624084472656 5 4.6097722053527832031 4.2426404953002929688 3.9051249027252197266 3.535533905029296875 3.2015621662139892578 2.9154758453369140625 2.6925823688507080078 2.5 2.2360680103302001953 2.0615527629852294922 1.8027756214141845703 1.5811388492584228516 1.5 1.5 1.5 1.5 1.5 1.5811388492584228516 1.5811388492584228516 1.5 1.5811388492584228516 1.8027756214141845703 1.4142135381698608398 1.1180340051651000977 1 1 1.1180340051651000977 1.4142135381698608398 1.8027756214141845703 2.1213202476501464844 2.5 2.9154758453369140625 3.3541018962860107422 3.8078866004943847656 4.2720017433166503906 4.7434163093566894531 5.2201533317565917969 5.7008771896362304688 6.1846585273742675781
3.6055512428283691406 3.9051249027252197266 4.2426404953002929688 4.6097722053527832031 4.7169904708862304688 4.3011627197265625 3.9051249027252197266 3.535533905029296875 3.2015621662139892578 2.8284270763397216797 2.5 2.2360680103302001953 2.0615527629852294922 1.8027756214141845703 1.5811388492584228516 1.4142135381698608398 1.1180340051651000977 1 1 1 1 1 1.1180340051651000977 1.1180340051651000977 1 1.1180340051651000977 1.4142135381698608398 1.1180340051651000977 0.70710676908493041992 0.5 0.5 0.70710676908493041992 1.1180340051651000977 1.4142135381698608398 1.8027756214141845703 2.2360680103302001953 2.6925823688507080078 3.1622776985168457031 3.6400549411773681641 4.1231055259704589844 4.6097722053527832031 5.0990195274353027344 5.5901699066162109375 6.0827627182006835938
3.2015621662139892578 3.535533905029296875 3.9051249027252197266 4.3011627197265625 4.4721360206604003906 4.0311288833618164062 3.6055512428283691406 3.2015621662139892578 2.8284270763397216797 2.5 2.1213202476501464844 1.8027756214141845703 1.5811388492584228516 1.4142135381698608398 1.1180340051651000977 1 0.70710676908493041992 0.5 0.5 0.5 0.5 0.5 0.70710676908493041992 0.70710676908493041992 0.5 0.70710676908493041992 1 0.70710676908493041992 0.5 0 0 0.5 0.70710676908493041992 1.1180340051651000977 1.5811388492584228516 2.0615527629852294922 2.5495097637176513672 3.0413813591003417969 3.535533905029296875 4.0311288833618164062 4.5276927947998046875 5.0249376296997070312 5.5226802825927734375 5.830951690673828125
2.8284270763397216797 3.2015621662139892578 3.6055512428283691406 4.0311288833618164062 4.2720017433166503906 3.8078866004943847656 3.3541018962860107422 2.9154758453369140625 2.5 2.1213202476501464844 1.8027756214141845703 1.4142135381698608398 1.1180340051651000977 1 0.70710676908493041992 0.5 0.5 0 0 0 0 0 0.5 0.5 0 0.5 0.5 0.5 0 0 0 0 0.5 1 1.5 2 2.5 3 3.5 4 4.5 5 5.5 5.4083271026611328125
2.5 2.9154758453369140625 3.3541018962860107422 3.8078866004943847656 4.1231055259704589844 3.6400549411773681641 3.1622776985168457031 2.6925823688507080078 2.2360680103302001953 1.8027756214141845703 1.4142135381698608398 1.1180340051651000977 0.70710676908493041992 0.5 0.5 0 0 0 0.5 0.5 0 0 0 0 0 0 0 0 0 0 0.5 0.5 0.70710676908493041992 1.1180340051651000977 1.5811388492584228516 2.0615527629852294922 2.5495097637176513672 3.0413813591003417969 3.535533905029296875 4.0311288833618164062 4.5276927947998046875 5.0249376296997070312 5.3150730133056640625 5
