rasters/terrain/dist_rivers_2.asc
ncols        720
nrows        300
xllcorner    -180.000000000000
yllcorner    -60.000000000000
cellsize     0.500000000000
NODATA_value  nan
[rows 228 to 246 of 300, columns 516 to 558 of 720]
42.35858917236328125 42.854404449462890625 43.35031890869140625 43.188541412353515625 43.017436981201171875 42.8514862060546875 42.6907501220703125 42.5352783203125 42.38513946533203125 42.240383148193359375 42.101070404052734375 41.967250823974609375 41.838977813720703125 41.62030792236328125 41.38236236572265625 41.149120330810546875 40.920654296875 40.697052001953125 40.478389739990234375 40.26474761962890625 40.056209564208984375 39.852855682373046875 39.654758453369140625 39.462005615234375 39.2746734619140625 39.092838287353515625 38.916576385498046875 38.745967864990234375 38.581085205078125 38.4219970703125 38.268787384033203125 38.121517181396484375 37.980258941650390625 37.8450775146484375 37.716045379638671875 37.5932159423828125 37.476657867431640625 37.366428375244140625 37.26258087158203125 37.165172576904296875 37.074249267578125 36.989864349365234375 36.91205596923828125
42.4264068603515625 42.92144012451171875 43.41658782958984375 43.6577606201171875 43.48850250244140625 43.324359893798828125 43.165378570556640625 43.011627197265625 42.863155364990234375 42.720020294189453125 42.582271575927734375 42.449970245361328125 42.299526214599609375 42.059482574462890625 41.82403564453125 41.59326934814453125 41.36725616455078125 41.14608001708984375 40.92981719970703125 40.718547821044921875 40.5123443603515625 40.31128692626953125 40.115459442138671875 39.924930572509765625 39.739780426025390625 39.56008148193359375 39.3859100341796875 39.217342376708984375 39.05445098876953125 38.89730072021484375 38.745967864990234375 38.60051727294921875 38.461017608642578125 38.32753753662109375 38.200130462646484375 38.07886505126953125 37.96379852294921875 37.85498809814453125 37.752483367919921875 37.656341552734375 37.566608428955078125 37.48332977294921875 37.406551361083984375
42.5 42.9941864013671875 43.48850250244140625 43.982952117919921875 43.960208892822265625 43.797832489013671875 43.6405792236328125 43.48850250244140625 43.34166717529296875 43.200115203857421875 43.063907623291015625 42.933086395263671875 42.73757171630859375 42.5 42.267009735107421875 42.03867340087890625 41.815067291259765625 41.59627532958984375 41.38236236572265625 41.173412322998046875 40.969501495361328125 40.77069854736328125 40.57708740234375 40.388736724853515625 40.205722808837890625 40.02811431884765625 39.855991363525390625 39.689418792724609375 39.528469085693359375 39.3732147216796875 39.22371673583984375 39.080047607421875 38.942264556884765625 38.810436248779296875 38.68462371826171875 38.56488037109375 38.451267242431640625 38.343837738037109375 38.242645263671875 38.147739410400390625 38.05916595458984375 37.97696685791015625 37.901187896728515625
42.57933807373046875 43.072612762451171875 43.5660400390625 44.059619903564453125 44.43253326416015625 44.27188873291015625 44.11632537841796875 43.9658966064453125 43.82065582275390625 43.680660247802734375 43.54595184326171875 43.41658782958984375 43.176959991455078125 42.941822052001953125 42.711238861083984375 42.48529052734375 42.264049530029296875 42.0475921630859375 41.83599090576171875 41.6293182373046875 41.427646636962890625 41.23105621337890625 41.039615631103515625 40.853397369384765625 40.672473907470703125 40.496913909912109375 40.32678985595703125 40.16217041015625 40.003124237060546875 39.8497161865234375 39.702014923095703125 39.56008148193359375 39.423976898193359375 39.293766021728515625 39.16950225830078125 39.05124664306640625 38.939056396484375 38.832977294921875 38.733058929443359375 38.6393585205078125 38.551914215087890625 38.470767974853515625 38.395961761474609375
42.664386749267578125 43.1566925048828125 43.649169921875 44.141815185546875 44.6346282958984375 44.746509552001953125 44.592601776123046875 44.44378662109375 44.300113677978515625 44.1616363525390625 44.028400421142578125 43.8548736572265625 43.617656707763671875 43.384906768798828125 43.1566925048828125 42.933086395263671875 42.71416473388671875 42.5 42.290660858154296875 42.08621978759765625 41.886753082275390625 41.692325592041015625 41.50301361083984375 41.318881988525390625 41.140003204345703125 40.966449737548828125 40.798282623291015625 40.6355743408203125 40.478389739990234375 40.32678985595703125 40.18083953857421875 40.0406036376953125 39.906139373779296875 39.777507781982421875 39.654758453369140625 39.53795623779296875 39.42714691162109375 39.322383880615234375 39.22371673583984375 39.131191253662109375 39.0448455810546875 38.96472930908203125 38.890872955322265625
42.755115509033203125 43.246387481689453125 43.73785400390625 44.22951507568359375 44.7213592529296875 45.213382720947265625 45.06938934326171875 44.922153472900390625 44.780017852783203125 44.64302825927734375 44.511234283447265625 44.294467926025390625 44.059619903564453125 43.829212188720703125 43.60332489013671875 43.382022857666015625 43.165378570556640625 42.953464508056640625 42.74634552001953125 42.544094085693359375 42.346782684326171875 42.154476165771484375 41.967250823974609375 41.78516387939453125 41.6082916259765625 41.43669891357421875 41.270450592041015625 41.109607696533203125 40.954242706298828125 40.804412841796875 40.660175323486328125 40.52159881591796875 40.388736724853515625 40.2616424560546875 40.140377044677734375 40.024993896484375 39.91553497314453125 39.8120574951171875 39.71460723876953125 39.623226165771484375 39.53795623779296875 39.45883941650390625 39.3859100341796875
42.8514862060546875 43.34166717529296875 43.832065582275390625 44.322681427001953125 44.813503265380859375 45.304523468017578125 45.546680450439453125 45.400989532470703125 45.260356903076171875 45.124828338623046875 44.9722137451171875 44.735332489013671875 44.5028076171875 44.27471160888671875 44.051105499267578125 43.832065582275390625 43.617656707763671875 43.407947540283203125 43.20301055908203125 43.00290679931640625 42.807708740234375 42.61748504638671875 42.432300567626953125 42.25222015380859375 42.07730865478515625 41.907634735107421875 41.74326324462890625 41.58425140380859375 41.4306640625 41.282562255859375 41.140003204345703125 41.003047943115234375 40.8717498779296875 40.746166229248046875 40.626346588134765625 40.5123443603515625 40.404209136962890625 40.3019866943359375 40.205722808837890625 40.115459442138671875 40.031238555908203125 39.953098297119140625 39.881072998046875
42.953464508056640625 43.4424896240234375 43.931766510009765625 44.4212799072265625 44.911022186279296875 45.400989532470703125 45.89117431640625 45.880279541015625 45.741119384765625 45.60701751708984375 45.4120025634765625 45.17742919921875 44.9471893310546875 44.7213592529296875 44.5 44.28318023681640625 44.070964813232421875 43.86342620849609375 43.66062164306640625 43.462627410888671875 43.269504547119140625 43.081317901611328125 42.898136138916015625 42.720020294189453125 42.547031402587890625 42.379241943359375 42.216701507568359375 42.059482574462890625 41.907634735107421875 41.761226654052734375 41.62030792236328125 41.484935760498046875 41.355167388916015625 41.23105621337890625 41.112651824951171875 41 40.893154144287109375 40.792156219482421875 40.697052001953125 40.607879638671875 40.524684906005859375 40.447498321533203125 40.376354217529296875
43.061004638671875 43.548824310302734375 44.036914825439453125 44.525272369384765625 45.013885498046875 45.50274658203125 45.991847991943359375 46.360004425048828125 46.2222900390625 46.089588165283203125 45.85302734375 45.62071990966796875 45.392730712890625 45.16912841796875 44.94997406005859375 44.735332489013671875 44.525272369384765625 44.319858551025390625 44.1191558837890625 43.923229217529296875 43.73213958740234375 43.54595184326171875 43.3647308349609375 43.188541412353515625 43.017436981201171875 42.8514862060546875 42.6907501220703125 42.5352783203125 42.38513946533203125 42.240383148193359375 42.101070404052734375 41.967250823974609375 41.838977813720703125 41.716304779052734375 41.599277496337890625 41.487949371337890625 41.38236236572265625 41.282562255859375 41.18859100341796875 41.10048675537109375 41.01828765869140625 40.9420318603515625 40.8717498779296875
43.17406463623046875 43.66062164306640625 44.147480010986328125 44.6346282958984375 45.1220550537109375 45.6097564697265625 46.097721099853515625 46.585941314697265625 46.703853607177734375 46.529560089111328125 46.29524993896484375 46.0651702880859375 45.83939361572265625 45.617977142333984375 45.400989532470703125 45.188495635986328125 44.98055267333984375 44.777225494384765625 44.578582763671875 44.38468170166015625 44.195587158203125 44.011363983154296875 43.832065582275390625 43.6577606201171875 43.48850250244140625 43.324359893798828125 43.165378570556640625 43.011627197265625 42.863155364990234375 42.720020294189453125 42.582271575927734375 42.449970245361328125 42.323162078857421875 42.20189666748046875 42.08621978759765625 41.976184844970703125 41.871829986572265625 41.773197174072265625 41.680332183837890625 41.59326934814453125 41.51204681396484375 41.43669891357421875 41.36725616455078125
43.29261016845703125 43.7778472900390625 44.263416290283203125 44.749301910400390625 45.23549652099609375 45.72198486328125 46.208766937255859375 46.69582366943359375 47.183155059814453125 46.970737457275390625 46.738636016845703125 46.51074981689453125 46.28714752197265625 46.0678863525390625 45.85302734375 45.642635345458984375 45.436767578125 45.23549652099609375 45.03887176513671875 44.84696197509765625 44.659824371337890625 44.4775238037109375 44.300113677978515625 44.127655029296875 43.960208892822265625 43.797832489013671875 43.6405792236328125 43.48850250244140625 43.34166717529296875 43.200115203857421875 43.063907623291015625 42.933086395263671875 42.807708740234375 42.6878204345703125 42.573467254638671875 42.464691162109375 42.361537933349609375 42.264049530029296875 42.17226409912109375 42.08621978759765625 42.005950927734375 41.931491851806640625 41.862873077392578125
43.41658782958984375 43.900455474853515625 44.38468170166015625 44.86925506591796875 45.354160308837890625 45.83939361572265625 46.324939727783203125 46.810791015625 47.29693603515625 47.41307830810546875 47.183155059814453125 46.957427978515625 46.7359619140625 46.5188140869140625 46.3060455322265625 46.097721099853515625 45.89389801025390625 45.694637298583984375 45.5 45.3100433349609375 45.124828338623046875 44.944408416748046875 44.76885223388671875 44.59820556640625 44.43253326416015625 44.27188873291015625 44.11632537841796875 43.9658966064453125 43.82065582275390625 43.680660247802734375 43.54595184326171875 43.41658782958984375 43.29261016845703125 43.17406463623046875 43.061004638671875 42.953464508056640625 42.8514862060546875 42.755115509033203125 42.664386749267578125 42.57933807373046875 42.5 42.4264068603515625 42.35858917236328125
43.54595184326171875 44.028400421142578125 44.511234283447265625 44.99444580078125 45.478015899658203125 45.961940765380859375 46.44620513916015625 46.9308013916015625 47.415714263916015625 47.856555938720703125 47.628772735595703125 47.4051666259765625 47.185802459716796875 46.970737457275390625 46.7600250244140625 46.55373382568359375 46.3519134521484375 46.154632568359375 45.961940765380859375 45.773899078369140625 45.59056854248046875 45.4120025634765625 45.23825836181640625 45.06938934326171875 44.90545654296875 44.746509552001953125 44.592601776123046875 44.44378662109375 44.300113677978515625 44.1616363525390625 44.028400421142578125 43.900455474853515625 43.7778472900390625 43.66062164306640625 43.548824310302734375 43.4424896240234375 43.34166717529296875 43.246387481689453125 43.1566925048828125 43.072612762451171875 42.9941864013671875 42.92144012451171875 42.854404449462890625
43.680660247802734375 44.1616363525390625 44.64302825927734375 45.124828338623046875 45.60701751708984375 46.089588165283203125 46.5725250244140625 47.055816650390625 47.539455413818359375 48.023433685302734375 48.07546234130859375 47.85394287109375 47.636646270751953125 47.42362213134765625 47.214935302734375 47.0106353759765625 46.810791015625 46.615447998046875 46.424671173095703125 46.238513946533203125 46.05702972412109375 45.880279541015625 45.70831298828125 45.54119110107421875 45.37895965576171875 45.221675872802734375 45.06938934326171875 44.922153472900390625 44.780017852783203125 44.64302825927734375 44.511234283447265625 44.38468170166015625 44.263416290283203125 44.147480010986328125 44.036914825439453125 43.931766510009765625 43.832065582275390625 43.73785400390625 43.649169921875 43.5660400390625 43.48850250244140625 43.41658782958984375 43.35031890869140625
43.82065582275390625 44.300113677978515625 44.780017852783203125 45.260356903076171875 45.741119384765625 46.2222900390625 46.703853607177734375 47.185802459716796875 47.668125152587890625 48.150806427001953125 48.523189544677734375 48.3037261962890625 48.088459014892578125 47.87744903564453125 47.670745849609375 47.468410491943359375 47.270496368408203125 47.07706451416015625 46.888164520263671875 46.703853607177734375 46.524188995361328125 46.349216461181640625 46.1790008544921875 46.013584136962890625 45.85302734375 45.6973724365234375 45.546680450439453125 45.400989532470703125 45.260356903076171875 45.124828338623046875 44.99444580078125 44.86925506591796875 44.749301910400390625 44.6346282958984375 44.525272369384765625 44.4212799072265625 44.322681427001953125 44.22951507568359375 44.141815185546875 44.059619903564453125 43.982952117919921875 43.91184234619140625 43.84632110595703125
43.9658966064453125 44.44378662109375 44.922153472900390625 45.400989532470703125 45.880279541015625 46.360004425048828125 46.840152740478515625 47.320713043212890625 47.80167388916015625 48.28302001953125 48.764739990234375 48.754486083984375 48.541217803955078125 48.332183837890625 48.12743377685546875 47.927028656005859375 47.73101806640625 47.539455413818359375 47.3524017333984375 47.1699066162109375 46.9920196533203125 46.818798065185546875 46.650295257568359375 46.4865570068359375 46.32763671875 46.173583984375 46.024448394775390625 45.880279541015625 45.741119384765625 45.60701751708984375 45.478015899658203125 45.354160308837890625 45.23549652099609375 45.1220550537109375 45.013885498046875 44.911022186279296875 44.813503265380859375 44.7213592529296875 44.6346282958984375 44.55333709716796875 44.4775238037109375 44.407207489013671875 44.342418670654296875
44.11632537841796875 44.592601776123046875 45.06938934326171875 45.546680450439453125 46.024448394775390625 46.502689361572265625 46.981380462646484375 47.46051025390625 47.940067291259765625 48.42003631591796875 48.900409698486328125 49.20619964599609375 48.99489593505859375 48.787807464599609375 48.5849761962890625 48.386463165283203125 48.19232177734375 48.002605438232421875 47.81735992431640625 47.636646270751953125 47.46051025390625 47.289005279541015625 47.122180938720703125 46.96009063720703125 46.802776336669921875 46.650295257568359375 46.502689361572265625 46.360004425048828125 46.2222900390625 46.089588165283203125 45.961940765380859375 45.83939361572265625 45.72198486328125 45.6097564697265625 45.50274658203125 45.400989532470703125 45.304523468017578125 45.213382720947265625 45.127597808837890625 45.047199249267578125 44.9722137451171875 44.90267181396484375 44.83860015869140625
44.27188873291015625 44.746509552001953125 45.221675872802734375 45.6973724365234375 46.173583984375 46.650295257568359375 47.1274871826171875 47.6051483154296875 48.08325958251953125 48.561817169189453125 49.040798187255859375 49.520198822021484375 49.44947052001953125 49.244289398193359375 49.043346405029296875 48.846698760986328125 48.654392242431640625 48.46648406982421875 48.28302001953125 48.104053497314453125 47.92963409423828125 47.759815216064453125 47.59464263916015625 47.43416595458984375 47.278430938720703125 47.1274871826171875 46.981380462646484375 46.840152740478515625 46.703853607177734375 46.5725250244140625 46.44620513916015625 46.324939727783203125 46.208766937255859375 46.097721099853515625 45.991847991943359375 45.89117431640625 45.795742034912109375 45.705577850341796875 45.62071990966796875 45.54119110107421875 45.467021942138671875 45.3982391357421875 45.334865570068359375
44.43253326416015625 44.90545654296875 45.37895965576171875 45.85302734375 46.32763671875 46.802776336669921875 47.278430938720703125 47.754581451416015625 48.231212615966796875 48.708316802978515625 49.185871124267578125 49.66387176513671875 49.904911041259765625 49.701610565185546875 49.50252532958984375 49.307708740234375 49.117206573486328125 48.931072235107421875 48.749359130859375 48.572113037109375 48.399379730224609375 48.231212615966796875 48.067661285400390625 47.9087677001953125 47.754581451416015625 47.6051483154296875 47.46051025390625 47.320713043212890625 47.185802459716796875 47.055816650390625 46.9308013916015625 46.810791015625 46.69582366943359375 46.585941314697265625 46.48117828369140625 46.38156890869140625 46.28714752197265625 46.19794464111328125 46.11399078369140625 46.035312652587890625 45.961940765380859375 45.89389801025390625 45.831211090087890625
