rasters/terrain/dist_coast.asc
NCOLS 720 
NROWS 300 
XLLCORNER -180 
YLLCORNER -60 
CELLSIZE 0.5 
NODATA_value -9999 
[rows 20 to 39 of 300, columns 598 to 643 of 720]
6.17785199798852 6.23024022532894 6.32186326077615 6.45104979583513 6.41818604512199 6.27240122632977 6.13548699198995 5.98281701395502 5.86890247167028 5.7960298510153 5.76575565927191 5.76835649902168 5.80723419056763 5.88846594141975 6.01033442296257 6.16813187687626 6.16569929498593 6.16569929498593 6.19401888197432 6.26226110112857 6.36914362242933 6.49145424608607 6.61851460059278 6.22588935733636 5.8490661527888 5.49076622687353 5.14765579268221 4.83199603491339 4.54950499518339 4.30671642098466 4.11067233293007 3.96830941986406 3.88553520872475 3.86488816838848 3.89710117919848 3.82942030983101 3.70251204652182 3.59978767449618 3.55606041816219 3.47785383877803 3.47065650056733 3.53490310338495 3.6668372997301 3.61503679016881 3.56629050756899 3.57049490143921
5.67886373882307 5.73581233102601 5.83520490282153 5.9749237345151 5.94784142271168 5.7902252420609 5.66815587968718 5.50253328445609 5.3784546231779 5.29884005255193 5.26570757447717 5.26855597476443 5.31109360953269 5.39979526760441 5.53244010015733 5.66828741968077 5.66564054924362 5.66564054924362 5.69644697595339 5.7705775437173 5.88639573500556 6.01020959025575 6.16486847940207 5.91997074654172 5.52231234972798 5.14254779553706 4.78359190888503 4.44213613036424 4.13308275235358 3.86421421249116 3.64443908510967 3.48306587611723 3.38845508652341 3.36475799344092 3.40171226035351 3.33897386213922 3.22381181805075 3.10528605916699 3.06475788672966 2.97990155809183 2.9714979981081 3.04629467722909 3.1984549660897 3.12295139045371 3.06638945530836 3.07127835497495
5.18009583207033 5.24246580127468 5.35103141102312 5.50305864208318 5.48277214754387 5.3113712526482 5.18271721417552 5.02612282278975 4.88996873471488 4.80226127556347 4.76567716927254 4.76882389749945 4.81577895810065 4.91343215332355 5.05884737632031 5.16849931243201 5.16559566715273 5.16559566715273 5.19936634556692 5.28048107855682 5.3996683660324 5.5323162568808 5.69117627095864 5.64186805756686 5.22308071105968 4.81979721936171 4.43624721307427 4.07642667989747 3.73725031518993 3.43755660525303 3.18850077313143 3.00271526782152 2.8924275099449 2.86462781849338 2.90794768632423 2.85189516078871 2.75274779035311 2.61292945239072 2.56462771209248 2.48282583894192 2.47273237681575 2.56214016999005 2.74131939681787 2.63390119927803 2.56657747504924 2.57241697417449
4.68161862525053 4.75053884574746 4.87008489296798 5.03665214719711 5.02444435270559 4.83682651749437 4.69518527778731 4.55480234984619 4.40409832254538 4.30650479035699 4.26567000200177 4.26918530714027 4.32157370882525 4.43013650614505 4.59088843100009 4.66878367153522 4.66556939164253 4.66556939164253 4.70293245366252 4.79245852943408 4.91330594447687 5.05872481545467 5.21598067939694 5.35090579558632 4.95635708921695 4.52938930825418 4.11888626986036 3.730287494367 3.36927541964412 3.03343940953454 2.74798984853332 2.5300477863908 2.39810625844012 2.36449764354583 2.41680523989724 2.37026384929249 2.27331623051355 2.12421254427112 2.06449753745529 1.98728556549772 1.97465800271834 2.08554845019395 2.28429177349113 2.14996070027774 2.06691934616471 2.07416771338639
4.18353639158089 4.26052333636541 4.39342601409403 4.57737405814995 4.57488447236463 4.36799642683888 4.2106104280719 4.090331879078 3.92181640049617 3.81189189229735 3.76569581593265 3.76967771081051 3.82890845284119 3.95103450699206 4.13047872126184 4.16916786710161 4.16556781746861 4.16556781746861 4.20737478779799 4.30721558585176 4.43001122962226 4.5834393717115 4.74245066323027 4.8699602452362 4.72764634248187 4.27791483844808 3.84063011820403 3.4205677654034 3.02490902914445 2.662150142518 2.3316735480823 2.07033932733842 1.90682158451012 1.86436739186633 1.93029070299101 1.89823841427324 1.77567514310944 1.64239511520045 1.56436743955004 1.4948130488874 1.47797656015688 1.62320859057103 1.78970886114211 1.67557285886819 1.56756340716116 1.57711223261142
3.68600899963792 3.77316403228675 3.92261772341634 4.10829344574956 4.13695319450064 3.90693951530219 3.73014584053951 3.61439502141741 3.4446306803684 3.31893356244022 3.26576902999449 3.27035988243111 3.33846483812293 3.47786159724551 3.66423724596701 3.66969240374134 3.66560175066633 3.66560175066633 3.71304390815005 3.82581029961536 3.95091052653604 4.1100606490044 4.26039611946679 4.39330266987768 4.54150568195462 4.07259071716455 3.61052845675447 3.16003204158711 2.72683607640569 2.32064316876479 1.95507907727876 1.63457963197566 1.42173452082244 1.36423721707395 1.45307282016049 1.44528358021752 1.2799817226509 1.1760213803696 1.06423726475767 1.00993181192392 0.984810234553654 1.1918736635381 1.29939259508743 1.20232899607403 1.06893474679088 1.08290421111817
3.18929620859589 3.28964236720548 3.46005099997825 3.61426666766712 3.714766781718 3.45676864947506 3.25561313176448 3.12231275945016 2.97499673210023 2.82849656537126 2.76591589109106 2.77133534435253 2.85139055755187 3.01341267876759 3.16410707101945 3.17042315525189 3.16568733153506 3.16568733153506 3.22050514463694 3.33833758211885 3.47773948174763 3.6345909495164 3.77303764374115 3.92249618363778 4.12748972857037 3.91024703330249 3.43720959809023 2.96168290059761 2.49428706674826 2.04237672187348 1.61895125765822 1.24815792849935 0.952417562751256 0.86410706367543 0.998635947713506 1.00980769366769 0.789944901336737 0.693713353461136 0.564107089965295 0.55326989737463 0.505745190294337 0.764107078044366 0.821083436420907 0.729001982901046 0.572966831377742 0.59873804900164
2.69384933395524 2.81194077001021 3.00953088141562 3.12218503324946 3.25549067952514 3.02235477741827 2.79004270503392 2.633267633363 2.51714843751246 2.34216652497849 2.26618530434044 2.2727975778633 2.36976666616207 2.56244070852582 2.66397689607191 2.67147627496552 2.66585389618188 2.66585389618188 2.73072987170418 2.85126440674267 3.00209461446825 3.16155674422556 3.2895172024126 3.45993204674674 3.69071328091274 3.77834294158079 3.29026514374116 2.8063855915639 2.32931862421496 1.85746379539203 1.3810622657301 0.925757268110745 0.542023477134501 0.363976908027263 0.598615764046772 0.553161728405589 0.332560690737632 0.25300018960065 0.0639769008729846 0.0639769008729846 0.163976902363101 0.263976908619867 0.401314111520512 0.332560690737632 0.126500094800325 0.163976902363101
2.20052495233001 2.34362460162544 2.5657970268432 2.63314092017999 2.76384671195305 2.61157752101861 2.33879871089425 2.14933604637355 2.05350763381574 1.86316881484863 1.76668129610183 1.7751578138377 1.89775498136842 2.12358021669575 2.16384672112436 2.17307437048189 2.16615726796783 2.16615726796783 2.24552880992063 2.36964237037946 2.52943997731992 2.68579923781051 2.81181751207417 3.00941578503796 3.27213439786568 3.58568255329905 3.21121618611949 2.71328275151615 2.216279237388 1.72100969883903 1.22956393862485 0.749441992894519 0.293797080236835 0.0361532753804086 0.193894064460677 0.261426977749542 0 0.0361532753804086 0.310938279290221 0.436153278647244 0.310938279290221 0.136153276870525 0.0361532753804086 0.100000001490116 0.215072166646113 0.251225444720151
1.71116365903262 1.89168792648968 2.06613922569968 2.14921111559271 2.26371653731586 2.23749905989 1.91206288773166 1.67496591104858 1.56691388482066 1.39907571132747 1.26767272946495 1.27946757333609 1.44482933302314 1.64177570096274 1.66371658943005 1.67570471108984 1.66672174111372 1.66672174111372 1.76867826854276 1.89763412314222 2.05338321854422 2.20039697473704 2.34350452737066 2.57727714185494 2.87970200540974 3.22732004145689 3.20326089405979 2.70386359529785 2.20473897246474 1.70612639659917 1.20865610530463 0.714691549555971 0.245099623228342 0.136283451633802 0.311039441243123 0.171241063178168 0.0362834501436857 0.263716559073916 0.463716552559642 0.505388630408345 0.401148245622212 0.263716559073916 0.377448394784187 0.300000011920929 0.338583633011347 0.263716559073916
1.23052164409572 1.47133047300853 1.56678398035256 1.67484452148465 1.76358636267866 1.76358636267866 1.53049925234967 1.22138721249475 1.06828681117005 0.965603165690521 0.770132953575796 0.789441853628325 1.03640897468273 1.17543383242871 1.16358641463767 1.18067834279024 1.16788299237663 1.16788299237663 1.27933903600738 1.42111049617481 1.58190513926228 1.71103715161883 1.89157365582698 2.17450891008351 2.52020388262648 2.89856916351091 2.80846638904227 2.6414314995115 2.15107559910619 1.66645070285312 1.19452767836957 0.759207854001567 0.474365374961343 0.50526977711301 0.656850331193065 0.523918431696153 0.336413634114865 0.171348047887936 0.0364136249069629 0.0635863765831533 0.0635863765831533 0.171348047887936 0.0364136249069629 0.136413626397079 0.136413626397079 0.230166029925277
0.775121320343567 1.06345621600345 1.06815722404589 1.22127421291478 1.26345618804148 1.26345618804148 1.20075191646679 0.82385989181815 0.572326538779979 0.474238335589126 0.282380543097863 0.332156042926031 0.563456216003451 0.69309140784303 0.663456202022466 0.69309140784303 0.670990341976822 0.670990341976822 0.789316091701228 0.951828791212855 1.10504050086183 1.23039870567615 1.47122798255616 1.81315394676381 2.19951953838571 2.47459427771686 2.31804723733324 2.26345618804148 2.10086952128189 1.60114091104901 1.10165766251151 0.603024470565438 0.11513693510141 0.0634562018198852 0.252568828490456 0.566804430977884 0.79549836927892 0.572845365404397 0.536543807838407 0.43654380290797 0.43654380290797 0.407811803598331 0.0634562018198852 0.036543799670231 0.126284414245228 0.363456209012959
0.40089944677477 0.563326041211083 0.572198480260427 0.763326029290154 0.763326029290154 0.763326029290154 0.763326029290154 0.528022379880018 0.126230494106455 0.100000001490116 0 0.0633260270566132 0.0633260270566132 0.25246098821291 0.163326028546729 0.25246098821291 0.193466125621618 0.193466125621618 0.332054880973133 0.474111296216904 0.638648052225512 0.775010521376962 1.1063018639225 1.50811453037255 1.95567017364111 2.02635628716141 1.83289225849359 1.76332601340429 1.76616144607954 1.68822271650059 1.22469490308546 0.805781059779336 0.480697981471971 0.236673980146159 0.136673975923619 0.520396022791796 1.01042124216609 1.05582877149408 1.0186798195589 0.936673958788917 0.619328597463997 0.28225997397276 0.162904468539958 0.0633260270566132 0.136673975923619 0.136673975923619
0.163195853783452 0.0631958522933361 0.12617657396768 0.263195859982026 0.263195859982026 0.263195859982026 0.263195859982026 0.263195859982026 0.100000001490116 0.12617657396768 0.436804152415122 0.39244902734164 0.236804154919135 0.171669002017226 0.136804150686896 0.100000001490116 0.236804154919135 0.171669002017226 0.03680414919678 0.0631958522933361 0.163195853783452 0.40081651382562 0.843440335322231 1.32722080807182 1.80849525682079 1.57958657591693 1.35867027506625 1.2631958387671 1.26715369196728 1.39860634583701 1.51201201137386 1.16979547693596 0.890840917918156 0.704222679218811 0.636804159328024 0.810176653065755 1.18623582966745 1.53825142785499 1.25248243868267 0.971276000865564 0.52043327167625 0.115244775378958 0.136804150686896 0.136804150686896 0.115244775378958 0.03680414919678
0.336934333129165 0.136934325450173 0.136934325450173 0.230597391035467 0.230597391035467 0.230597391035467 0.136934325450173 0.0369343239600571 0.136934325450173 0.444698049179011 0.743239338811871 0.860570503619033 0.704340821865466 0.644778632271251 0.530690647287007 0.448355264026267 0.541424936523853 0.214887786134523 0 0 0 0.305993622315759 0.80229945600895 1.28704010570923 1.45986886145363 1.1349716529719 0.910527389654916 0.763065679705407 0.769616841849543 0.951475528289807 1.24744318864389 1.20119542646947 1.16306571546819 1.08175337365852 1.07932812033597 1.16736425406679 1.16306571546819 1.16306571546819 0.92531103350156 0.552404545622234 0.282018835722544 0.26306568520905 0.26306568520905 0.0369343239600571 0.115298695517733 0.0369343239600571
0.795981697902515 0.637064508757591 0.637064508757591 0.667872688511239 0.667872688511239 0.667872688511239 0.615610084161849 0.537064507007895 0.637064508757591 0.810382869516918 1.11299415973982 1.33441021855607 1.17603766911091 1.14146098524395 0.984023298860945 0.911623027703034 0.425247180808186 0.0370644987233343 0 0.0629355027667819 0.0629355027667819 0.200000002980232 0.699999988079071 1.20000004768372 1.10603491653234 0.753627573912848 0.467498341952713 0.262935510436074 0.281898266597436 0.541339430722331 0.862935491242409 0.72793869908117 0.662935503163338 0.597637484407736 0.638305464162736 0.670475732396911 0.662935503163338 0.662935503163338 0.662935503163338 0.300000011920929 0.0629355027667819 0.0629355027667819 0.0629355027667819 0.237064504465087 0.351840362935333 0.448482303398493
1.24241041379079 1.13719470564211 1.13719470564211 1.15467763559282 1.15467763559282 1.15467763559282 1.07979140854844 1.03719468180025 1.13719470564211 1.24241041379079 1.51466766869544 1.80477417297531 1.66447619566343 1.63915547042046 1.46820450272271 1.10342802402891 0.734600410508916 0.537194681800254 0.311747574913416 0.100000001490116 0.0371946734865972 0.214826325963995 0.670347080001946 0.762805330120675 0.753531351041988 0.400567714978179 0.0628053280035189 0.0371946734865972 0.100000001490116 0.331650233161535 0.362805335245086 0.262805335663113 0.162805329493635 0.162805329493635 0.162805329493635 0.19303818678256 0.162805329493635 0.162805329493635 0.162805329493635 0.0628053280035189 0.223606795072556 0 0.26081009621128 0.665156367996617 0.839032000269771 0.942528259226967
1.71202494607119 1.63732488043449 1.63732488043449 1.64950494785952 1.64950494785952 1.64950494785952 1.56634989525832 1.53732485659263 1.61665962432216 1.71202494607119 1.91871351998618 2.2207862665334 2.15828678853834 2.0960831308386 1.80413548323102 1.44123422644446 1.15172738348461 1.01404727289637 0.689590972540087 0.352090513986052 0.172096940856285 0.0626751532402418 0.192931202072792 0.262675160890137 0.462675154531044 0.0626751532402418 0.100000001490116 0.481292247948633 0.258177430616543 0.13732484973999 0.13732484973999 0.115460455934053 0.258177430616543 0.337324857389885 0.337324857389885 0.237324854011024 0.13732484973999 0 0.0373248482498743 0.352090513986052 0.13732484973999 0.237324854011024 0.311848736866318 0.7405395809733 1.22415899597142 1.44080314947875
2.19518432173346 2.13745498066744 2.13745498066744 2.14679620553924 2.14679620553924 2.14679620553924 2.05943488241194 2.03745498673514 2.09794052861918 2.19518432173346 2.35990058278911 2.61141360820238 2.6544676240528 2.50850446675962 2.14823206148662 1.83424556148847 1.61678350716971 1.38303959610217 1.03058779266837 0.843423401578896 0.524602478108314 0.337455032143464 0.172203925566052 0.115514376072828 0.0374550230131514 0.245793614958888 0.448863421515159 0.743551314435519 0.744231815634004 0.637455032901926 0.637455032901926 0.546748059657713 0.744231815634004 0.796344194370201 0.796344194370201 0.704813392452077 0.531123323163205 0.337455032143464 0.352215589511418 0.67057526418518 0.637455032901926 0.737455019464072 0.764196335218064 1.0173160748011 1.40908653993478 1.85359144255029
2.68457380424478 2.63758515561499 2.63758515561499 2.64515941254847 2.64515941254847 2.64515941254847 2.55526337483325 2.53758516137233 2.58639238195964 2.68457380424478 2.82084174730794 3.0343739914512 3.15189820109778 2.85532793669499 2.53033032823044 2.26984680377555 2.08578637891772 1.73207118599566 1.46612465696809 1.22995524209615 0.928426235344549 0.835490649378357 0.645421894246133 0.54687611817727 0.537585206177375 0.616066868245537 0.937264586793822 1.11343428055128 1.20596585655871 1.13758523001923 1.1121514328415 1.04240300772221 1.19881661424566 1.2734775451449 1.2734775451449 1.17654147782405 0.975783384905789 0.83758519569578 0.843552681756216 1.0306941004036 1.13758523001923 1.20596585655871 1.25366491928231 1.42203287511935 1.724164302779 2.10312632248995
