rasters/terrain/dist_coast.asc
NCOLS 720 
NROWS 300 
XLLCORNER -180 
YLLCORNER -60 
CELLSIZE 0.5 
NODATA_value -9999 
[rows 140 to 159 of 300, columns 506 to 551 of 720]
0.473219950865002 0.832833366861895 1.28219835562352 1.75902723986013 2.24593858076936 2.73756700814408 3.23176312495378 3.72750626492879 4.22425283514594 4.70658084644672 4.47294782534797 4.24010939845622 3.95326392118156 3.70728553024185 3.36746639431436 3.06423439151994 2.78743247081583 2.51022328087355 2.16359161766167 1.87900388293012 1.59122896814788 1.19302382615215 0.817174934779624 0.386053537840206 0 0 0.150732850357222 0.392876467664711 0.744607589079278 1.11134921913649 1.5314797246085 1.75073284741223 1.77627046373206 1.91712868317767 2.04097397093976 1.83186179761788 1.45094072016248 1.09092752431132 0.674199102192423 0.299779891643674 0.0507328488671056 0 0.386053537840206 0.783574336967147 1.25071632228557 1.73619852214717
0.200000002980232 0.699999988079071 1.20000004768372 1.70000004768372 2.20000004768372 2.70000004768372 3.20000004768372 3.70000004768372 4.19999980926514 4.31942707785791 4.03821994428999 3.80159610715091 3.53955661711226 3.26774852298962 3.00499753090036 2.66270192691069 2.37478429179006 2.10234948631563 1.80323114350569 1.45995403279501 1.20884425911746 0.884607583733582 0.518925825049183 0.120353198980094 0.18322335067185 0.450863025801257 0.58629671044101 0.8087899064276 1.09778263394161 1.45103495796557 1.81272675975547 2.22178196552413 2.27077687000323 2.3888627358218 2.51831071247656 2.15786584588995 1.77649217279799 1.38038218236606 0.972187546197293 0.627714862379627 0.212007131041606 0 0.200000002980232 0.669641093410683 1.09717961572075 1.56653031131422
0.200000002980232 0.699999988079071 1.20000004768372 1.70000004768372 2.20000004768372 2.70000004768372 3.19760801514758 3.68408376105254 4.16203380652763 3.93163249579555 3.62042567555069 3.35517650586028 3.13165616930898 2.84229200904732 2.59389322508246 2.29791968352605 1.95968340099588 1.67949559517328 1.43879153445436 1.09651379295016 0.762822635050139 0.532190309959646 0.181697807547459 0.183330335381618 0.561248582281294 0.88597053899354 1.06989456266763 1.2550630136098 1.48516348193984 1.80451745002713 2.15795937777736 2.51738026966604 2.7673078053298 2.86498842591347 2.864924447385 2.47123845705113 2.08123816607955 1.67215425912612 1.2104790840459 0.717766511027896 0.253813074956322 0 0 0.5 0.918426270959889 1.37616828378117
0.200000002980232 0.699999988079071 1.18271540834282 1.6349755642174 2.10316456097122 2.5832888060841 3.06976005772221 3.55997997644448 3.93677820231811 3.57043376255365 3.22615176300494 2.92536214423891 2.68376803519112 2.44528413217646 2.15151056166954 1.94017114247878 1.59094682549216 1.26131350413063 0.985512640403883 0.743235503859022 0.39169388941932 0.12024535870255 0.121175990644088 0.462982818612506 0.874863409027368 1.2513138921186 1.53493478932661 1.7018835172268 1.92532211209467 2.18112849961289 2.5115170798927 2.86501761739169 3.2231534007738 3.3481256175011 3.17150382052831 2.76807271868503 2.29483324465244 1.82102774372338 1.36597728020167 0.95671582655933 0.60383725192151 0.451123375308399 0.100000001490116 0.291228613262962 0.744417085623179 1.22651315464847
0.100000001490116 0.523850504821243 1.01220994934734 1.50817742834332 2.00614295009308 2.50491825857917 3.0041001992594 3.49176637592877 3.63305182613766 3.23246905909548 2.86331638430876 2.5216300932722 2.2379044008221 2.01451167343555 1.74072234167765 1.476322974142 1.24988846995952 0.884320835944072 0.584308424326013 0.348746461858951 0.0487464535699163 0.308317310429456 0.494009550549177 0.815622722926351 1.1686775814051 1.5544720325352 1.9537426913337 2.16746450466323 2.37241152275854 2.59976310589435 2.88255402552435 3.21860527774066 3.57213097772095 3.83562422403452 3.4011169656945 2.93555785520696 2.48341448095603 2.05355772603529 1.66333621987845 1.30998702422096 1.03211447525297 0.703642465433216 0.212099321297399 0.181483838127936 0.620062789205886 1.02980426025118
0 0.5 0.992233767568121 1.45351367357378 1.91387382253394 2.3901915426674 2.85656694389155 3.28788006126076 3.37641589238616 2.9410912034742 2.52977734050588 2.15625153695164 1.81917621515861 1.56656746356127 1.37308234318703 1.03970267635192 0.854507955080472 0.560188981706872 0.181376853418168 0.121283830921639 0.27119889612791 0.604031543068666 0.962057159835566 1.1815291318968 1.52207600211236 1.87548406993664 2.25118570500668 2.64570096568594 2.81957654881564 3.04311833229743 3.28798754838468 3.58624320602206 3.92573358507933 4.05205526791361 3.60125543659022 3.16526272037899 2.75112113316035 2.37030689374811 2.01685901858427 1.63826651804367 1.15490353838533 0.688461459191008 0.211476746670123 0.200000002980232 0.652168804127575 0.601966281600219
0 0.337720367870117 0.815144943105633 1.30939410595606 1.74954906870533 2.17053838925999 2.61943108822633 3.0840771279374 3.15278955561674 2.70567589254315 2.25860166346581 1.83057369302121 1.44931422750782 1.12264827025097 0.900114453234349 0.672698403931698 0.362814558316699 0.362814558316699 0.100000001490116 0.400000005960464 0.717572798290605 0.962158755440119 1.31017596040259 1.6116343744047 1.88358923315059 2.22900963672894 2.58250239059659 2.95290038911624 3.27903515192929 3.4903440055715 3.71657492944921 3.98286020560495 4.29108463937135 4.27549752971554 3.83760024600497 3.41675696739843 3.00725481718114 2.5128108969528 2.01598719059852 1.5212414050713 1.03155050550913 0.560130951450107 0.100000001490116 0.24848611063609 0.545390496653229 0.400000005960464
0.121391671199189 0.298986355430831 0.672611454564429 1.05475763353324 1.50427985472372 1.97813002125426 2.41242196497507 2.84077403348017 2.95662277039963 2.48827491374668 2.03502645690243 1.58807353831692 1.1413204701907 0.742850612375538 0.454713592981008 0.268394524585649 0 0.0516440722100312 0.242783342398378 0.474474641361432 0.935758298144584 1.38819340789855 1.66664432514241 2.01704628626615 2.29120073935909 2.58843455387229 2.93607260081663 3.28959748124428 3.65673276044419 3.93759329130395 4.16116561789802 4.40062667882503 4.49286222727952 4.09092229818113 3.65789865355274 3.19845523256157 2.7531728084935 2.3301767231157 1.94405716408789 1.5 1 0.5 0 0.0483559292800849 0.120029678147449 0.0483559292800849
0.323077713638193 0 0.405936854123677 0.873703583764965 1.3118450419976 1.72376830905356 2.17292472872253 2.61724960405078 2.83607824936091 2.34378145460741 1.85560136641323 1.37591294559254 0.918043784152024 0.47267023420064 0.048225754516822 0.100000001490116 0.200000002980232 0.55177425854574 0.681928659480597 0.851891388534915 1.17330271432831 1.58968711750478 2.04385045699948 2.37273064776511 2.72228889625311 2.9836234494524 3.29428463707919 3.64318895757988 3.99672907424305 4.36165639950101 4.60843772324656 4.67303370350539 4.22931901625877 3.79960512659025 3.38921981519529 3.00370752481539 2.54591942306341 2.08124179382421 1.63747113287984 1.23725814570367 0.938051537214112 0.561596763821869 0.121445591337958 0.0517742469732942 0 0.1839722436402
0.524754142272838 0.121499511476734 0.291094606290412 0.61061415595658 1.05990329311765 1.50050670363279 1.94577456070069 2.39603613334589 2.79999995231628 2.29999995231628 1.79999995231628 1.29999995231628 0.800000011920929 0.300000011920929 0.171826259606476 0.462964791831966 0.494603817025839 0.834257670318806 1.16488845736054 1.31434278261495 1.54211464988374 1.87847123036298 2.27574323242791 2.70725472461382 3.07932403255144 3.4065175406303 3.68166183662067 4.00060965729185 4.35033223446643 4.70388061894717 4.92118047166292 4.45734773804213 4.00223148695893 3.55508391959327 3.1126320481264 2.69040309581389 2.29955731040459 1.91317791396533 1.44344044559691 0.966095087888392 0.531591769349008 0.348095588091074 0.547892474502259 0.494603817025839 0.451904423829855 0.543130078727742
0.745477098552967 0.300214480971897 0 0.391113358775278 0.829332899167914 1.28174158674751 1.75869425839571 2.24567777836819 2.71115337823991 2.30113063646658 1.80144426051003 1.30199831311209 0.803239563440095 0.30844405705384 0.100000001490116 0.523627011514521 0.965160352005792 1.18205295577898 1.53228745880643 1.79432422476466 1.96980903418722 2.2428997939091 2.5847583520656 2.97174271677957 3.38842933768831 3.78614216701023 4.0935638294983 4.38263516146996 4.70719634610095 5.05749100740739 4.734716028363 4.27404488526563 3.81046510871738 3.3420896484274 2.88434489593012 2.43726585143635 1.99750807902799 1.59362657891716 1.22974124669278 0.813403124724445 0.406405742931275 0.121553431615509 0.524791391157293 0.972870007610153 0.952034584288629 0.998296898326273
0.972924359845087 0.561770854592163 0.171978768855479 0.200000002980232 0.699999988079071 1.14106972037637 1.59759923678145 2.07423319815048 2.55978583737592 2.30103938646744 1.80132769999982 1.30183703870062 0.802978120778791 0.307762594320911 0.100000001490116 0.583095192909241 1.04403066635132 1.52970576286316 1.88409059078918 2.23611876993881 2.42540503721853 2.65196950737073 2.94674152070268 3.29143943806723 3.67203009010143 4.07847774850632 4.49307941163497 4.78648106837005 5.08533142655321 5.05662291983174 4.57377335308919 4.09504054083741 3.62205628017257 3.15740356311863 2.70098658689373 2.22967954897934 1.76672113684369 1.3199189047231 0.889757354579564 0.571886215652627 0.119813997592354 0.337431852769729 0.790923267814289 0.937698274291058 1.23699011825787 1.48286376662514
1.2272097799478 0.74556448824464 0.323482361449791 0.0477050554637277 0.504723726291018 1.00237927923292 1.5015884040407 1.98538394462039 2.45169303035573 2.30103655783896 1.8013240867792 1.30183203940859 0.802970016404385 0.307741469883516 0 0.472395375868459 0.934705445902408 1.42259464281709 1.9167185901103 2.41326044513891 2.87786535012336 3.08798345084182 3.3445378667872 3.65187703564944 3.99830486161387 4.3745439185586 4.7735516526376 5.19007906625055 5.43144213534966 4.95696490276908 4.46334926135219 3.97133085260745 3.48158603275163 2.99522977249448 2.51422665444291 2.04235677226736 1.58776630050631 1.12859659916112 0.65075748981056 0.211261636073271 0.211261636073271 0.463870120517253 0.347705063830353 0.53133525194445 0.965953708139471 1.44334578290986
1.40233446164324 0.914144611106451 0.430608506246853 0 0.460295333951782 0.873443059524674 1.34652669965638 1.80214865587754 2.19046250276349 2.32736788641447 1.83483154178628 1.34778682649718 0.875384457507949 0.463968709617783 0.100000001490116 0.400000005960464 0.899999976158142 1.39999997615814 1.89999997615814 2.40000009536743 2.90000009536743 3.40000009536743 3.76681625742499 4.04217153976054 4.35767991925757 4.7052708129392 5.07835997205437 5.47173503793457 5.26467026895715 4.79235852115797 4.32627258505002 3.86866186031743 3.40628442442668 2.9109740247784 2.41324696120289 1.91670161383919 1.42257177294926 0.934670651739241 0.472326661285411 0.100000001490116 0.121715192031828 0.524903137810651 0.152425122279782 0.430608506246853 0.914144611106451 1.4091483830131
1.16086264349465 1.03253633976075 0.56194494536245 0.100000001490116 0.30769922100872 0.749536609668437 1.09544600338955 1.50018158283194 1.94956367281353 2.19805829286931 1.72665138321069 1.27711920884577 0.883365009979022 0.428870189613029 0 0.5 0.967709618703542 1.44452147612953 1.9330564176282 2.42625983025479 2.9217723632023 3.41859064028069 3.91621861537703 4.41438240738598 4.74263694532036 5.06387158942572 5.41229780771914 5.61863149046173 5.13020438370392 4.64424049370271 4.16160221629356 3.68359619041732 3.21228949317031 2.75112464807972 2.30618810378838 1.87903445196502 1.40187455055095 0.902910794675708 0.406469843768015 0 0.211200175902739 0.458612492805634 0.581965867626573 0.765842953945324 1.1124155338625 1.54527673684813
0.74208082940859 1.024519934398 0.742430497647186 0.291882108316111 0.100000001490116 0.390698694029537 0.838710996217213 1.30595779526264 1.72331920888295 2.0499909368574 1.56600688034883 1.09643239288154 0.619716560688332 0.180307006320517 0.184721136608561 0.621015215072318 1.09863453598199 1.56754948561797 2.05116958941823 2.54019464333535 3.02313869622935 3.50562657170017 3.99242448172625 4.4821284511118 4.97388101863353 5.44099541587392 5.77030965156143 5.53818323718977 5.04197073467586 4.54658766893828 4.05233823887024 3.5596947784417 3.06942931861469 2.58289579990672 2.10268186175937 1.63435470540527 1.19196032748499 0.818501667903967 0.405824677659381 0 0.119598317037259 0.121823032309379 0.406485868977201 0.902918004512651 1.40187919370394 1.7585277676635
0.319510798813552 0.743849052627285 0.920291496567802 0.475093072608841 0.184828121318328 0.211138715732208 0.610092779114251 1.05960256884949 1.53696212734855 1.95251986174969 1.47045327071875 0.992017344125615 0.5 0 0.406501894186386 0.872769988911286 1.2798500066366 1.72867215820953 2.19964602407414 2.67582413693265 3.14803477070947 3.62769622682957 4.11220328740996 4.58341869391517 5.03493929283583 5.46330140371769 5.87842976852339 5.5021951339797 5.0024149056103 4.50268282846915 4.00301778157782 3.50344822281704 3.00402220434481 2.50482472203635 2.00602615883501 1.50802207909887 1.01197850273434 0.5234035182078 0.147184357900735 0 0.254892617648284 0.561858964965102 0.682986307387594 1.05708124922316 1.50590978182007 1.70155210309917
0.323988171214291 0.458231374688968 0.749302627950703 0.831732192077012 0.394286327800228 0 0.428733884728997 0.907379912996627 1.36404019828902 1.81957495654316 1.40188848000992 0.902932424186538 0.40651791939557 0.0529458198427599 0.400000005960464 0.899999976158142 1.39999997615814 1.89999997615814 2.35605202991192 2.72070461056076 3.09071534199872 3.49324132833899 3.91827708577212 4.35313409585446 4.77053167180531 5.18730158752005 5.61766865664202 5.50603915707993 5.00664257343832 4.50737889178864 4.00829927567979 3.5094814943432 3.01105557451293 2.51325457141795 2.01654019141953 1.52197419043694 1.03263095123826 0.562119036132738 0.252945826767763 0.121930872586923 0.562119036132738 0.95795500046633 1.12650394868267 1.38555074113537 1.75222419382902 1.78829651526797
0.406533944604755 0.121984792725698 0.604392712052596 1.08505253813001 0.604392712052596 0.121984792725698 0.251402652752754 0.716915877359582 1.1406309082013 1.58570042001122 1.1406309082013 0.741792160795987 0.453457947992723 0.100000001490116 0.400000005960464 0.899999976158142 1.37100055280533 1.67782221406982 2.01365117468817 2.38854837298766 2.8027509744103 3.24123150307658 3.66091488282479 4.0755856910313 4.50117041732853 4.94071275395637 5.3878948254664 5.55153755323769 5.05663532264519 4.56284399896042 4.07056866541379 3.58043360681656 3.09088931931576 2.59819378577269 2.09999990463257 1.60000002384186 1.10000002384186 0.600000023841858 0.100000001490116 0.119436556620939 0.603883559767473 1.10212851209562 1.57767240525163 1.79518052864755 2.09121123283182 2.00019303982049
0.428643014806306 0.179879067481458 0.619590659409223 1.11085226385385 0.785333047591903 0.339812647644018 0.046793832120802 0.471914373787136 0.917342558337592 1.29447649316095 0.889114583673087 0.504633497496185 0.046793832120802 0.0532061693693141 0.400000005960464 0.671568062157225 0.983718000088031 1.30675059938297 1.69059863821809 2.12330182643456 2.5504702761668 2.96865528817597 3.38572183071017 3.82272916037584 4.26989190582347 4.7130213404487 5.13491445444601 5.569330720086 5.1065247904433 4.6072329816742 4.10811314739962 3.60923684125381 3.11072131718409 2.61277243898946 2.115790184412 1.62066150481765 1.12981462589111 0.652867982646879 0.272886863879384 0.324190495120095 0.742641209364407 1.1906003639493 1.66364148140995 1.98057979216532 2.29633116624276 2.10616930553012
