rasters/terrain/dist_coast.asc
NCOLS 720 
NROWS 300 
XLLCORNER -180 
YLLCORNER -60 
CELLSIZE 0.5 
NODATA_value -9999 
[rows 140 to 159 of 300, columns 414 to 459 of 720]
8.98886484341698 8.52934011223444 8.07462725188037 7.62558500684418 7.17838757225918 6.73119303364205 6.2895852666788 5.85737101019154 5.4367901107934 5.03076045656953 4.64310153682548 4.27880819283748 3.90331694596974 3.4095971281003 2.91124521841077 2.41357407407531 1.91711344884016 1.42312658336547 0.935514739002415 0.473993639280109 0 0.5 0.992332141860168 1.09769365147823 0.744607589079278 0.49353413736785 0.322268418014998 0 0.386053537840206 0.829960010353865 1.2761537341915 1.7228722567935 2.17333197177127 2.61774681449296 3.00509064876645 3.35862043518375 3.73236713581898 4.13288626125083 4.55311838682215 4.96988908002666 5.38051338921199 5.30146821912225 5.14348417623935 4.98482995093977 4.63130717595863 4.28938254018139
9.19246231982813 8.7436435996963 8.2964425699342 7.84924321321736 7.4067904999692 6.97212128459683 6.5467848730193 6.13272297521511 5.73237893385321 5.34883420233675 4.95744267458771 4.46387987297514 3.97192717140799 3.48226622664767 2.99517477272799 2.50406256229699 2.00630119689526 1.50838791944994 1.01252354890084 0.524456151197213 0.100000001490116 0.400000005960464 0.715415578535953 1.02327594961354 1.16394838065512 0.971723630268202 0.612197610947091 0.212007131041606 0.170205128226277 0.60734936936596 1.06024697799554 1.50102689691414 1.93962291479128 2.29801312571919 2.65152609606526 3.02999598544036 3.43963417186949 3.86791413826964 4.27199609086706 4.69042525948874 5.05322890481308 4.8378925306397 4.66423012733655 4.5387285950983 4.27767048854545 3.9241593332221
9.41450659735476 8.96730363693177 8.52422888844024 8.08779434014271 7.65913460549158 7.23963131853093 6.8309710080441 6.43521999887499 6.03094384738951 5.53817213387336 5.04244494488159 4.54711353813106 4.05292823888022 3.56036640666772 3.07020819405525 2.58382131144311 2.10381859628135 1.6203200334331 1.12932464189018 0.652018980159154 0.212037861126871 0.0490068030964563 0.320927066154149 0.602257718320942 0.955276663256695 1.29246320875453 0.874811304179314 0.430108721672065 0 0.391776822368461 0.829834588116672 1.24163273012181 1.59104087304406 1.94450888184161 2.33055365632713 2.7534918656199 3.17020216375052 3.57776257229623 4.00631180415106 4.44979182286185 4.60594471023664 4.38236522460927 4.18986096186502 4.05028137159454 3.90839756932502 3.57052671251453
9.64181842883084 9.20405373097983 8.77294443109346 8.34951969374554 7.93501090531818 7.53089046659371 7.09418936391505 6.60132642941692 6.10962293207787 5.61938436099624 5.13102891025273 4.64515127058744 4.16261859151515 3.67784998661979 3.19006999936637 2.70674961047227 2.2307852225205 1.76811627769037 1.32128811235976 0.89178685952982 0.542481064913439 0.299910268442139 0 0.252559305637 0.651206961715827 1.09707286960086 1.06090253327368 0.612346575759179 0.200000002980232 0.170052618977282 0.540614127995802 0.884416418540579 1.23770485811333 1.6378088069998 2.0765360944776 2.46999626582763 2.88982934437805 3.3318567965532 3.78832120004448 4.25458033535499 4.15867073102763 3.93509732234511 3.72224463685869 3.56439455195321 3.44312491981459 3.23255159427845
9.88772046545606 9.46133960286562 9.04250396718233 8.63231184588389 8.16878415472337 7.67977968969976 7.19228774029893 6.70663728964891 6.22325970406358 5.7382937350361 5.25147523680279 4.76738517315497 4.28694801055339 3.81154357904248 3.34331918675643 2.88576945858368 2.43868190818518 1.99923557732286 1.59579122975843 1.2433507117998 0.972408590291628 0.603934397495088 0.38708160521896 0 0.429324539226477 0.873912003157196 1.28289535980804 0.833906154494386 0.463081407713036 0.0512535479201999 0.181483838127936 0.53201929835661 0.966330720803262 1.37892490033695 1.77536001606288 2.21408190557603 2.67437890253244 3.14680645680812 3.62237068809394 3.87345220081525 3.71415404027334 3.48784543696115 3.26428642194775 3.08306959147489 2.9589760186538 2.79751959149383
10.1523206198347 9.73042374997297 9.25369226090511 8.76816968576119 8.28436954490655 7.7993407841614 7.31298182599836 6.82859240008314 6.34662542647603 5.86767579645958 5.39254870541044 4.92234958279038 4.45863848752708 4.00366895350115 3.55651719981924 3.11426895265617 2.69229669835719 2.30177242830736 1.94875047559016 1.65743722821909 1.31008149231177 1.03223442753595 0.652168804127575 0.200000002980232 0.211476746670123 0.703455040495573 1.15296926596862 1.06007513555659 0.610912085580764 0.268635662835865 0.100000001490116 0.320623580295453 0.672785353298968 1.09696612348097 1.56638075960982 2.04269125649885 2.51449840047683 2.99545789638458 3.48178230089718 3.4064860885385 3.24868211265148 3.04061641845025 2.81707258295927 2.60883470256836 2.48012525554443 2.32957591381576
10.3456684423905 9.86061261182634 9.37452222587224 8.88997439210762 8.40723691936878 7.92663943187335 7.44859604064187 6.97363278329077 6.50242360358142 6.03584819309266 5.57507012032653 5.12165304883866 4.67447592865054 4.23091248187781 3.80137872924064 3.3912080488686 3.00832950421074 2.65509997271346 2.34503208142958 2.01695265242521 1.70809467957617 1.28298671358325 0.815701914918964 0.339062508383011 0.100000001490116 0.600000023841858 0.656195316554562 0.884129670751058 0.505100875564584 0.0515138974467541 0.100000001490116 0 0.472807663366727 0.934914210881407 1.42273186202409 1.91682044773697 2.41334134875507 2.9110522769821 3.17401311532818 2.95041750364153 2.76671059399131 2.5973669859869 2.36990231801056 2.14640091904023 1.9891453052244 1.8726892322725
10.4682315753553 9.98668406069607 9.50704116457943 9.02960735997767 8.55475206379115 8.08292966400892 7.61470402194555 7.15078142104232 6.69205640595074 6.23967612419074 5.79248668523972 5.34816011739992 4.91454089919572 4.49472808567825 4.09297138239138 3.71513213254281 3.36180442764554 3.04161700708037 2.72399175824064 2.38177407939031 1.90008472090034 1.40184204848 0.902860325817103 0.40635766730372 0 0.252250864867861 0.181162883998633 0.619968363246552 0.745281149175366 0.405309078537493 0.365848821776004 0.0516440722100312 0.400000005960464 0.899999976158142 1.39999997615814 1.89999997615814 2.40000009536743 2.84835595004952 2.73412314202972 2.50311534905812 2.29253944217111 2.16921197449527 1.92280533602662 1.6993615385567 1.50263495966854 1.38136939485103
10.6106685353637 10.1358900592808 9.66365598788304 9.19435802444422 8.72846963135906 8.26656769392402 7.80936009921896 7.35772001762088 6.91052361474467 6.46569963524322 6.02952596651801 5.60402389823751 5.19181671852215 4.7963331542056 4.42206219106535 4.06867964933293 3.74218060623392 3.42436031487471 2.95243369745062 2.46309292069545 1.97908022675255 1.50552917393658 1.03234711680573 0.561596763821869 0.121445591337958 0.200000002980232 0.048225754516822 0.337604961829965 0.815097051017707 0.840039066355001 0.405936854123677 0 0.430381331440129 0.914037764352069 1.40907908642593 1.90670316806624 2.37704337365436 2.34822577510198 2.25944973415202 2.05582499960953 1.83224548228443 1.6753291877189 1.48283292735478 1.25252539744206 1.02932445111925 0.899868988088826
10.7744599109298 10.307228636442 9.84321721574686 9.38290373026835 8.92686028916062 8.47577676219393 8.02857597351132 7.58340114343971 7.14548133984586 6.71623582526846 6.29743829078246 5.89131694408444 5.50068026060049 5.12906693969152 4.7756502889388 4.44484352478909 4.03965698870491 3.5593232534004 3.08524073053124 2.61106309518652 2.13718247252686 1.67849873105515 1.22316334194482 0.745433403707128 0.323178875591095 0 0.121499511476734 0.320218932483856 0.583696999551621 0.800000011920929 0.300000011920929 0 0.379526362338609 0.838943586665002 1.31643250681421 1.78680404130226 1.91458281834307 1.84809554282003 1.79069824892804 1.62115092031195 1.38499474661362 1.18671092596682 1.09589091570647 0.806221081245576 0.583696999551621 0.448095582130609
10.9586457726814 10.4996129272911 10.0444934757374 9.59384173563934 9.14663816883531 8.70120346724036 8.26201429775059 7.83012211395152 7.40680333955025 6.99361413115914 6.59246075616102 6.20567644110537 5.83611856475077 5.48267978883667 5.13264439806743 4.66594392057275 4.1916423412703 3.71749959938313 3.2511101636747 2.7954288551749 2.32546593002479 1.85947453790326 1.41681023383328 0.967521112371647 0.534179127878601 0.352034604543898 0.152034597989965 0 0.180841929869343 0.472532805034545 0.543238247696794 0.171902514230977 0.211323096243798 0.703408784319508 1.20199514494655 1.67025230168171 1.43781503628642 1.34796536802766 1.31059141820062 1.16528879755931 0.937816028598743 0.714352294716077 0.678289102131923 0.391113358775278 0.147965406480384 0.0520345964998484
11.1622181420107 10.7119127447852 10.2647068709494 9.81907172066677 9.37891848276582 8.94505765454097 8.51845037253888 8.10024187373903 7.69180223416341 7.29477415681934 6.91112254211907 6.54320176320879 6.18974789081666 5.77255127318654 5.2983301479348 4.82931131224782 4.3671703598673 3.90642497570737 3.43657991285759 2.97657040415153 2.53175897557994 2.08284996819017 1.63951469951268 1.23996160007251 0.941614717804889 0.822343423684075 0.652164775672092 0.452164773337012 0.184293197769502 0.180734945159575 0.46049251215283 0.147835231717107 0.200000002980232 0.610465191144484 1.05981737189817 1.26044721881288 0.984615320245951 0.847835224327908 0.845169464634131 0.678164713008297 0.531420757745963 0.26791224808523 0.239627995184708 0.119813997592354 0.212314431894255 0.494841523616509
11.382780288006 10.9369852622867 10.4960750719304 10.0606937972814 9.6315883404199 9.20963784052311 8.79587157481404 8.39150038604147 7.99794837259546 7.61689427252089 7.2503085168857 6.87793045019771 6.40897957660381 5.94348107930428 5.4835840427038 5.01624646341092 4.55111669926122 4.09421236415318 3.64862399342504 3.20011745413307 2.75510370712898 2.33245788145191 1.94679091024847 1.62464449170769 1.41028484795049 1.25625665510215 1.07582889679106 0.872530992771424 0.430563071285507 0.152294947516505 0.119760077453585 0 0 0.428961059535721 0.913369770195872 0.84830230456106 0.583330144686991 0.347705063830353 0.347705063830353 0.251865313906454 0.147705056953844 0.152294947516505 0.252294952902898 0.27204288000364 0.587641844944662 0.892509976799608
11.6134122592387 11.1768201186581 10.7457552125456 10.3209110471512 9.90308698657396 9.49321164091072 9.09235903246367 8.70177570607535 8.32290843193924 7.95743104282436 7.52183562780614 7.05889254286829 6.59663721602157 6.12907639415518 5.66705541202576 5.21204827805465 4.76606299774265 4.31781368296567 3.87213163413033 3.44140245930936 3.03200325352537 2.65381975051517 2.32215148933933 2.05960100146674 1.89514918416165 1.72647576652842 1.52783437984351 1.11233936852493 0.765732154978714 0.534435645283159 0.100000001490116 0.180520975740052 0 0.428915624574375 0.539532438305301 0.401782779169753 0.211230905988005 0.121715192031828 0.152425122279782 0.152425122279782 0.352425128804619 0.534435645283159 0.752425120586664 0.759070027763847 0.962869924671966 1.26426531179847
11.8606604368956 11.4335131250579 11.0125004596479 10.5983536026134 10.1919105274258 9.79412927304337 9.4061095234298 9.02910822133406 8.63604399932275 8.17471504174128 7.70835496180747 7.24352776056256 6.78370437168309 6.32997513406705 5.88374956125566 5.43567335296109 4.98963499234573 4.55481535009494 4.13475575719775 3.73443717512909 3.36092076892476 3.02415321840621 2.73773066078561 2.51889563870464 2.37359180011415 2.19385320135811 1.81380066932102 1.46264537570914 1.19035410815959 0.752598607521352 0.463599988693084 0.0525552955529427 0.119652237176034 0.0474447059371734 0.119652237176034 0 0.200000002980232 0.464067298718313 0.652555299816428 0.652555299816428 0.810360724454259 0.941967980727929 1.22010377481006 1.25654708934044 1.28306441074238 1.16590517429678
12.123508008315 11.7059553466042 11.2951027567819 10.8917061537971 10.4966287153485 10.1108422355647 9.73545302787387 9.28828042320676 8.82168436460367 8.35895204563267 7.90076158971886 7.44795174734262 7.00156552968007 6.5536125077665 6.10735351800721 5.67006847937339 5.24400312905458 4.83212578692702 4.43838680130652 4.06805628379051 3.72811588340322 3.42762032607818 3.17778217882142 2.99132745182943 2.83496930711187 2.51848974502934 2.16619781852502 1.86264676162964 1.42680695916526 1.02981507465659 0.687989101667095 0.45380039662589 0.121823032309379 0.307678096571323 0.352685478311775 0.452685472351311 0.495316936797836 0.834679489308112 1.1526855059342 1.13487272683361 1.05208842064947 1.06628100336762 0.952592348181339 0.94731451790766 0.80549608831019 0.747314529828589
12.4009634848854 11.9930742153105 11.592401780866 11.1997192151414 10.815897726477 10.4007593108244 9.93608370194866 9.47500527683601 9.01807579628283 8.56595820469963 8.11945704028083 7.67159600492495 7.22518672873677 6.78625511505084 6.35634912454351 5.93742965887013 5.53199333280725 5.14322922959323 4.77521046538136 4.43310727524522 4.12337493789866 3.85382658452019 3.63342041730974 3.47153262171671 3.22428248876817 2.80430873354898 2.30524280997015 1.8066926290545 1.30924500086088 0.814905482665995 0.33714333766934 0.0471843564106192 0.121876952448154 0.390615761080386 0.779706813384482 0.952815633042855 0.933280062835744 0.847184350754006 0.937109502752649 0.761271449517635 0.55631922383571 0.582841004867466 0.458358414061181 0.447184358855575 0.361563803063066 0.24718436290636
12.6920687863908 12.2938416330526 11.9032970035883 11.5104352385455 11.0512290185606 10.5914894110278 10.1355613655765 9.68398455024845 9.2373975912188 8.78960723060661 8.34309018052205 7.90297992503259 7.47040962663343 7.04676794863235 6.63376536323189 6.23351703691429 5.84864117089384 5.48237658324031 5.13870455406698 4.82245729118464 4.53937077399298 4.29600733654709 4.09944908898199 3.80873501621335 3.31005411993891 2.8118415220299 2.31439908480355 1.81835802894663 1.3252864440951 0.840387952026683 0.394286327800228 0.184935106028084 0.172436296602474 0.180093036900993 0.597103532205226 0.773470088886188 0.539099762429103 0.347054190062476 0.447054184102011 0.361438727537713 0.119490476759714 0.147054183137472 0.0470541816473563 0.0529458198427599 0.0529458198427599 0.243861745173847
12.9959060340713 12.607280548571 12.1669157434729 11.7082797828375 11.2531672956296 10.802024836109 10.3553707187889 9.90763744483202 9.46103781003741 9.02004360713185 8.58551787455898 8.15849504064696 7.74021824172445 7.33218148913524 6.93619333073775 6.55443839223341 6.18955001056727 5.84468818213589 5.5236050913719 5.2306822931137 4.97090060226601 4.74970196517653 4.36572329620908 3.87421238036569 3.38518713753022 2.89990476813531 2.42061449004154 1.95172895041595 1.50299449224043 1.09929533581915 0.766286149811752 0.660731529248287 0.464461655120422 0.121984792725698 0.179986052191226 0.319308474907758 0.119436556620939 0.053075994606037 0.053075994606037 0.053075994606037 0.272766294754275 0.353076002572496 0.36722465255499 0.464108146181976 0.54410359944919 0.629656194735304
13.2830065658108 12.8252971763466 12.3708618862756 11.9200752879544 11.4733667794369 11.025680101038 10.5790157258891 10.1373335485664 9.70131301325288 9.27175417335611 8.84959587247313 8.43595147660088 8.03213500845067 7.63970527017354 7.26050869755168 6.89672873702804 6.5509337525525 6.22612157308715 5.9257429278753 5.65369477981686 5.41424957011049 4.96113462255921 4.47915399686715 4.00159616760402 3.5302555761426 3.06799646901689 2.61962747881003 2.19367399768192 1.80605097416701 1.46315782797101 1.22071846690795 1.15754187284911 0.816940802812114 0.464560244220952 0.185149075447619 0.15320617085943 0.25512394822513 0.495792349979163 0.464235185554203 0.464235185554203 0.719108652697092 0.853206161469401 0.859066303034296 0.95845151860822 0.999413962632255 1.07380981704891
