rasters/terrain/dist_rivers_2.asc
ncols        720
nrows        300
xllcorner    -180.000000000000
yllcorner    -60.000000000000
cellsize     0.500000000000
NODATA_value  nan
[rows 266 to 284 of 300, columns 516 to 558 of 720]
48.623554229736328125 49.05609130859375 49.489898681640625 49.9249420166015625 50.361194610595703125 50.79862213134765625 51.237194061279296875 51.6768798828125 52.117656707763671875 52.559490203857421875 53.00235748291015625 53.44623565673828125 53.891094207763671875 54.336910247802734375 54.783664703369140625 55.23133087158203125 55.679889678955078125 56.129314422607421875 56.57958984375 57.03069305419921875 57.48260498046875 57.760280609130859375 57.623779296875 57.491302490234375 57.362880706787109375 57.238536834716796875 57.118297576904296875 57.002193450927734375 56.8902435302734375 56.78247833251953125 56.678920745849609375 56.57958984375 56.4845123291015625 56.393703460693359375 56.307193756103515625 56.224994659423828125 56.147129058837890625 56.073612213134765625 56.00446319580078125 55.939701080322265625 55.87933349609375 55.823383331298828125 55.77185821533203125
48.877399444580078125 49.307708740234375 49.73931884765625 50.17220306396484375 50.6063232421875 51.04164886474609375 51.4781494140625 51.915798187255859375 52.35456085205078125 52.79441070556640625 53.235324859619140625 53.677276611328125 54.120235443115234375 54.564182281494140625 55.009090423583984375 55.454936981201171875 55.901699066162109375 56.34935760498046875 56.797885894775390625 57.247272491455078125 57.69748687744140625 58.148517608642578125 58.10550689697265625 57.974132537841796875 57.84677886962890625 57.723480224609375 57.604251861572265625 57.48912811279296875 57.378131866455078125 57.2712860107421875 57.168609619140625 57.070133209228515625 56.975872039794921875 56.8858489990234375 56.80008697509765625 56.71860504150390625 56.641414642333984375 56.56854248046875 56.5 56.435802459716796875 56.37596893310546875 56.3205108642578125 56.269439697265625
49.13501739501953125 49.563091278076171875 49.99250030517578125 50.42321014404296875 50.85518646240234375 51.28839874267578125 51.722820281982421875 52.158412933349609375 52.595149993896484375 53.033008575439453125 53.471954345703125 53.91196441650390625 54.3530120849609375 54.795074462890625 55.23812103271484375 55.682132720947265625 56.127086639404296875 56.57295989990234375 57.019733428955078125 57.467380523681640625 57.91588592529296875 58.365230560302734375 58.5875396728515625 58.457248687744140625 58.330951690673828125 58.208675384521484375 58.09044647216796875 57.976287841796875 57.8662261962890625 57.760280609130859375 57.658477783203125 57.5608367919921875 57.467380523681640625 57.378131866455078125 57.2931060791015625 57.212322235107421875 57.13580322265625 57.06356048583984375 56.99561309814453125 56.931976318359375 56.8726654052734375 56.817691802978515625 56.76706695556640625
49.39635467529296875 49.822185516357421875 50.249378204345703125 50.677906036376953125 51.107730865478515625 51.538822174072265625 51.9711456298828125 52.404674530029296875 52.83937835693359375 53.27523040771484375 53.71219635009765625 54.1502532958984375 54.589374542236328125 55.029537200927734375 55.470714569091796875 55.91287994384765625 56.35601043701171875 56.80008697509765625 57.245086669921875 57.69098663330078125 58.137767791748046875 58.585407257080078125 59.0338897705078125 58.940647125244140625 58.815387725830078125 58.694122314453125 58.576873779296875 58.463665008544921875 58.354518890380859375 58.249462127685546875 58.148517608642578125 58.051700592041015625 57.95903778076171875 57.87054443359375 57.786243438720703125 57.70615386962890625 57.63028717041015625 57.558666229248046875 57.491302490234375 57.42821502685546875 57.369415283203125 57.31491851806640625 57.264736175537109375
49.66135406494140625 50.084926605224609375 50.509899139404296875 50.9362335205078125 51.36389923095703125 51.792858123779296875 52.223079681396484375 52.65453338623046875 53.087192535400390625 53.521022796630859375 53.95600128173828125 54.392093658447265625 54.829280853271484375 55.2675323486328125 55.706821441650390625 56.147129058837890625 56.5884246826171875 57.03069305419921875 57.473907470703125 57.9180450439453125 58.363086700439453125 58.80901336669921875 59.255802154541015625 59.424320220947265625 59.300083160400390625 59.1798095703125 59.063526153564453125 58.951251983642578125 58.84300994873046875 58.73883056640625 58.63872528076171875 58.542720794677734375 58.450832366943359375 58.363086700439453125 58.279499053955078125 58.200084686279296875 58.124866485595703125 58.05385589599609375 57.98706817626953125 57.924518585205078125 57.8662261962890625 57.81219482421875 57.76244354248046875
49.929950714111328125 50.35126495361328125 50.77400970458984375 51.19814300537109375 51.623638153076171875 52.050457000732421875 52.478565216064453125 52.907939910888671875 53.338542938232421875 53.770343780517578125 54.203319549560546875 54.637439727783203125 55.0726776123046875 55.509006500244140625 55.94640350341796875 56.384838104248046875 56.824291229248046875 57.264736175537109375 57.70615386962890625 58.148517608642578125 58.591808319091796875 59.036006927490234375 59.481090545654296875 59.90826416015625 59.785030364990234375 59.665737152099609375 59.5503997802734375 59.439044952392578125 59.331695556640625 59.22837066650390625 59.12909698486328125 59.0338897705078125 58.942768096923828125 58.855754852294921875 58.772869110107421875 58.694122314453125 58.619537353515625 58.54912567138671875 58.48290252685546875 58.420886993408203125 58.363086700439453125 58.309520721435546875 58.26019287109375
50.202091217041015625 50.621143341064453125 51.04164886474609375 51.463581085205078125 51.886898040771484375 52.311565399169921875 52.73755645751953125 53.164836883544921875 53.59337615966796875 54.023143768310546875 54.45410919189453125 54.8862457275390625 55.31952667236328125 55.753925323486328125 56.189411163330078125 56.625965118408203125 57.06356048583984375 57.50217437744140625 57.94178009033203125 58.382358551025390625 58.82389068603515625 59.26634979248046875 59.709712982177734375 60.15396881103515625 60.27022552490234375 60.151889801025390625 60.037487030029296875 59.92704010009765625 59.82056427001953125 59.71808624267578125 59.61962890625 59.525203704833984375 59.43483734130859375 59.348545074462890625 59.26634979248046875 59.188259124755859375 59.11429595947265625 59.044475555419921875 58.978809356689453125 58.917316436767578125 58.860004425048828125 58.806888580322265625 58.757976531982421875
50.477718353271484375 50.894496917724609375 51.31276702880859375 51.732486724853515625 52.15361785888671875 52.57613372802734375 53 53.425182342529296875 53.85164642333984375 54.279369354248046875 54.708316802978515625 55.138462066650390625 55.569774627685546875 56.002231597900390625 56.435802459716796875 56.8704681396484375 57.306194305419921875 57.7429656982421875 58.180751800537109375 58.619537353515625 59.059291839599609375 59.5 59.941638946533203125 60.384185791015625 60.755657196044921875 60.638271331787109375 60.52478790283203125 60.41522979736328125 60.3096160888671875 60.207973480224609375 60.11031341552734375 60.01666259765625 59.92704010009765625 59.841457366943359375 59.759937286376953125 59.6824951171875 59.609142303466796875 59.5399017333984375 59.47478485107421875 59.4138031005859375 59.35697174072265625 59.30429840087890625 59.255802154541015625
50.756771087646484375 51.1712799072265625 51.58730316162109375 52.0048065185546875 52.423755645751953125 52.84410858154296875 53.265842437744140625 53.6889190673828125 54.113307952880859375 54.53897857666015625 54.965900421142578125 55.39404296875 55.823383331298828125 56.253887176513671875 56.685535430908203125 57.118297576904296875 57.552150726318359375 57.98706817626953125 58.42302703857421875 58.860004425048828125 59.297977447509765625 59.7369232177734375 60.176822662353515625 60.61765289306640625 61.059398651123046875 61.12487030029296875 61.012294769287109375 60.903614044189453125 60.798847198486328125 60.698024749755859375 60.601154327392578125 60.50826263427734375 60.419368743896484375 60.334484100341796875 60.253631591796875 60.176822662353515625 60.104076385498046875 60.03540802001953125 59.9708251953125 59.910350799560546875 59.8539886474609375 59.801753997802734375 59.753662109375
51.0391998291015625 51.451435089111328125 51.86521148681640625 52.28049468994140625 52.6972503662109375 53.11544036865234375 53.5350341796875 53.95600128173828125 54.37830352783203125 54.801914215087890625 55.226806640625 55.652942657470703125 56.08029937744140625 56.50885009765625 56.938564300537109375 57.369415283203125 57.80138397216796875 58.234439849853515625 58.668560028076171875 59.10372161865234375 59.5399017333984375 59.977077484130859375 60.41522979736328125 60.854335784912109375 61.29437255859375 61.61168670654296875 61.5 61.392181396484375 61.2882537841796875 61.188232421875 61.092144012451171875 61 60.911823272705078125 60.827625274658203125 60.74742889404296875 60.671245574951171875 60.599090576171875 60.53098297119140625 60.4669342041015625 60.406951904296875 60.351055145263671875 60.29925537109375 60.251556396484375
51.32494354248046875 51.73490142822265625 52.146427154541015625 52.559490203857421875 52.974048614501953125 53.39007568359375 53.807525634765625 54.226375579833984375 54.6465911865234375 55.06813812255859375 55.49098968505859375 55.9151153564453125 56.340484619140625 56.76706695556640625 57.194843292236328125 57.623779296875 58.05385589599609375 58.485042572021484375 58.917316436767578125 59.35065460205078125 59.785030364990234375 60.220428466796875 60.65682220458984375 61.094188690185546875 61.532512664794921875 61.971767425537109375 61.987903594970703125 61.8809356689453125 61.777828216552734375 61.6786041259765625 61.583278656005859375 61.491870880126953125 61.40439605712890625 61.3208770751953125 61.24132537841796875 61.165760040283203125 61.094188690185546875 61.02663421630859375 60.963104248046875 60.903614044189453125 60.848171234130859375 60.79679107666015625 60.749485015869140625
51.61395263671875 52.02162933349609375 52.430908203125 52.84174346923828125 53.254108428955078125 53.66796112060546875 54.083271026611328125 54.5 54.918121337890625 55.3376007080078125 55.7584075927734375 56.180511474609375 56.603885650634765625 57.02850341796875 57.4543304443359375 57.881343841552734375 58.309520721435546875 58.73883056640625 59.16925048828125 59.6007537841796875 60.0333251953125 60.4669342041015625 60.901561737060546875 61.33718109130859375 61.77378082275390625 62.211334228515625 62.475994110107421875 62.36986541748046875 62.267566680908203125 62.169124603271484375 62.074550628662109375 61.983867645263671875 61.897090911865234375 61.814239501953125 61.735321044921875 61.660358428955078125 61.589366912841796875 61.5223541259765625 61.4593353271484375 61.400325775146484375 61.345333099365234375 61.29437255859375 61.247447967529296875
51.90616607666015625 52.311565399169921875 52.718593597412109375 53.12720489501953125 53.5373687744140625 53.9490509033203125 54.362209320068359375 54.776821136474609375 55.192844390869140625 55.61025238037109375 56.029010772705078125 56.449092864990234375 56.8704681396484375 57.2931060791015625 57.716983795166015625 58.14206695556640625 58.56833648681640625 58.995761871337890625 59.424320220947265625 59.8539886474609375 60.284740447998046875 60.716552734375 61.14940643310546875 61.583278656005859375 62.0181427001953125 62.453983306884765625 62.890777587890625 62.85897064208984375 62.75746917724609375 62.659793853759765625 62.5659637451171875 62.475994110107421875 62.389904022216796875 62.307704925537109375 62.2294158935546875 62.155048370361328125 62.084621429443359375 62.0181427001953125 61.95562744140625 61.897090911865234375 61.842540740966796875 61.791988372802734375 61.74544525146484375
52.201534271240234375 52.604656219482421875 53.009433746337890625 53.415821075439453125 53.823787689208984375 54.2332916259765625 54.644306182861328125 55.056789398193359375 55.470714569091796875 55.886043548583984375 56.302753448486328125 56.720806121826171875 57.140178680419921875 57.5608367919921875 57.982757568359375 58.40590667724609375 58.830265045166015625 59.255802154541015625 59.6824951171875 60.11031341552734375 60.539241790771484375 60.9692535400390625 61.400325775146484375 61.83243560791015625 62.265560150146484375 62.699680328369140625 63.134777069091796875 63.34824371337890625 63.247528076171875 63.15061187744140625 63.057514190673828125 62.9682464599609375 62.8828277587890625 62.801273345947265625 62.723598480224609375 62.649822235107421875 62.57994842529296875 62.51399993896484375 62.4519805908203125 62.393909454345703125 62.339794158935546875 62.289646148681640625 62.243473052978515625
52.5 52.900852203369140625 53.303375244140625 53.70754241943359375 54.113307952880859375 54.52063751220703125 54.929500579833984375 55.3398590087890625 55.751682281494140625 56.164936065673828125 56.57958984375 56.99561309814453125 57.4129791259765625 57.831653594970703125 58.25160980224609375 58.672821044921875 59.0952606201171875 59.5189056396484375 59.943721771240234375 60.369693756103515625 60.79679107666015625 61.224994659423828125 61.654277801513671875 62.084621429443359375 62.51599884033203125 62.948390960693359375 63.381778717041015625 63.816143035888671875 63.737743377685546875 63.641574859619140625 63.5491943359375 63.4606170654296875 63.37586212158203125 63.29494476318359375 63.217876434326171875 63.14467620849609375 63.075351715087890625 63.009918212890625 62.948390960693359375 62.890777587890625 62.83708953857421875 62.7873382568359375 62.741535186767578125
52.801513671875 53.200092315673828125 53.600372314453125 54.002315521240234375 54.4058837890625 54.811038970947265625 55.21775054931640625 55.62598419189453125 56.035701751708984375 56.44687652587890625 56.85947418212890625 57.273468017578125 57.68881988525390625 58.10550689697265625 58.52349853515625 58.942768096923828125 59.36328887939453125 59.785030364990234375 60.207973480224609375 60.63208770751953125 61.05735015869140625 61.483737945556640625 61.911228179931640625 62.339794158935546875 62.769420623779296875 63.20008087158203125 63.63175201416015625 64.064422607421875 64.22811126708984375 64.1326751708984375 64.0410003662109375 63.953105926513671875 63.869007110595703125 63.788715362548828125 63.71224212646484375 63.63961029052734375 63.570827484130859375 63.5059051513671875 63.444858551025390625 63.3876953125 63.334430694580078125 63.285068511962890625 63.2396240234375
53.10602569580078125 53.5023345947265625 53.900371551513671875 54.300090789794921875 54.7014617919921875 55.1044464111328125 55.509006500244140625 55.9151153564453125 56.32273101806640625 56.7318267822265625 57.142364501953125 57.5543212890625 57.967662811279296875 58.382358551025390625 58.7983856201171875 59.21570587158203125 59.634304046630859375 60.054141998291015625 60.475200653076171875 60.89745330810546875 61.3208770751953125 61.74544525146484375 62.17113494873046875 62.59792327880859375 63.025787353515625 63.454708099365234375 63.884662628173828125 64.3156280517578125 64.71862030029296875 64.62390899658203125 64.53293609619140625 64.44571685791015625 64.3622589111328125 64.2825775146484375 64.206695556640625 64.13462066650390625 64.06636810302734375 64.001953125 63.941379547119140625 63.884662628173828125 63.83180999755859375 63.782833099365234375 63.737743377685546875
53.413482666015625 53.807525634765625 54.203319549560546875 54.60082244873046875 55 55.400814056396484375 55.803226470947265625 56.20720672607421875 56.612720489501953125 57.019733428955078125 57.42821502685546875 57.838134765625 58.249462127685546875 58.662166595458984375 59.076221466064453125 59.491596221923828125 59.90826416015625 60.32619476318359375 60.74536895751953125 61.165760040283203125 61.587337493896484375 62.01007843017578125 62.433963775634765625 62.85897064208984375 63.285068511962890625 63.71224212646484375 64.140472412109375 64.569732666015625 65 65.1152801513671875 65.024993896484375 64.9384307861328125 64.8556060791015625 64.77654266357421875 64.70123291015625 64.6297149658203125 64.56198883056640625 64.4980621337890625 64.437957763671875 64.38167572021484375 64.32923126220703125 64.28063201904296875 64.23589324951171875
53.7238311767578125 54.1156158447265625 54.509174346923828125 54.904460906982421875 55.30144500732421875 55.7000885009765625 56.1003570556640625 56.5022125244140625 56.9056243896484375 57.310558319091796875 57.716983795166015625 58.124866485595703125 58.5341796875 58.944889068603515625 59.35697174072265625 59.77039337158203125 60.185131072998046875 60.601154327392578125 61.01844024658203125 61.43695831298828125 61.856689453125 62.2776031494140625 62.699680328369140625 63.122894287109375 63.5472259521484375 63.97264862060546875 64.39914703369140625 64.826690673828125 65.2552642822265625 65.606781005859375 65.51717376708984375 65.4312591552734375 65.34906005859375 65.27059173583984375 65.19586181640625 65.1248779296875 65.0576629638671875 64.994232177734375 64.9345855712890625 64.87873077392578125 64.826690673828125 64.77846527099609375 64.73406982421875
