rasters/terrain/dist_rivers_3.asc
ncols        720
nrows        300
xllcorner    -180.000000000000
yllcorner    -60.000000000000
cellsize     0.500000000000
NODATA_value  nan
[rows 152 to 170 of 300, columns 132 to 175 of 720]
11.672617912292480469 11.313708305358886719 10.965856552124023438 10.606601715087890625 10.259141921997070312 9.848857879638671875 9.3941469192504882812 8.9442720413208007812 8.5 8.0622577667236328125 7.6321687698364257812 7.2111024856567382812 6.8007354736328125 6.4031243324279785156 6.0207972526550292969 5.6568541526794433594 5.3150730133056640625 5 4.7169904708862304688 4.4721360206604003906 4.2720017433166503906 4.1231055259704589844 4.0311288833618164062 4 4.0311288833618164062 4.1231055259704589844 4.0311288833618164062 4 4 4 4 4.0311288833618164062 4.1231055259704589844 4.2720017433166503906 4.4721360206604003906 4.2426404953002929688 3.8078866004943847656 3.3541018962860107422 2.9154758453369140625 2.5 2.1213202476501464844 1.8027756214141845703 1.4142135381698608398 1.1180340051651000977
12.020814895629882812 11.672617912292480469 11.313708305358886719 10.965856552124023438 10.511898040771484375 10.062305450439453125 9.6176919937133789062 9.17877960205078125 8.7464275360107421875 8.3216581344604492188 7.9056940078735351562 7.5 7.1063351631164550781 6.7268118858337402344 6.3639612197875976562 6.0207972526550292969 5.7008771896362304688 5.4083271026611328125 5.1478152275085449219 4.9244289398193359375 4.7434163093566894531 4.6097722053527832031 4.5276927947998046875 4.5 4.5276927947998046875 4.6097722053527832031 4.5276927947998046875 4.5 4.5 4.5 4.5 4.5276927947998046875 4.6097722053527832031 4.7434163093566894531 4.9244289398193359375 4.4721360206604003906 4.0311288833618164062 3.6055512428283691406 3.2015621662139892578 2.8284270763397216797 2.5 2.1213202476501464844 1.8027756214141845703 1.5811388492584228516
12.379418373107910156 12.020814895629882812 11.629703521728515625 11.180339813232421875 10.735455513000488281 10.295630455017089844 9.861541748046875 9.4339809417724609375 9.01387786865234375 8.602325439453125 8.2006101608276367188 7.8102498054504394531 7.4330344200134277344 7.07106781005859375 6.7268118858337402344 6.4031243324279785156 6.1032776832580566406 5.830951690673828125 5.5901699066162109375 5.3851647377014160156 5.2201533317565917969 5.0990195274353027344 5.0249376296997070312 5 5.0249376296997070312 5.0990195274353027344 5.0249376296997070312 5 5 5 5 5.0249376296997070312 5.0990195274353027344 5.2201533317565917969 5.1478152275085449219 4.7169904708862304688 4.3011627197265625 3.9051249027252197266 3.535533905029296875 3.2015621662139892578 2.8284270763397216797 2.5 2.2360680103302001953 2.0615527629852294922
12.727922439575195312 12.298374176025390625 11.853269577026367188 11.41271209716796875 10.9772491455078125 10.547511100769042969 10.124228477478027344 9.70824432373046875 9.3005380630493164062 8.9022464752197265625 8.5146932601928710938 8.1394100189208984375 7.7781744003295898438 7.4330344200134277344 7.1063351631164550781 6.8007354736328125 6.5192022323608398438 6.2649822235107421875 6.041522979736328125 5.8523497581481933594 5.7008771896362304688 5.5901699066162109375 5.5226802825927734375 5.5 5.5226802825927734375 5.5901699066162109375 5.5226802825927734375 5.5 5.5 5.5 5.5 5.5226802825927734375 5.5901699066162109375 5.7008771896362304688 5.4083271026611328125 5 4.6097722053527832031 4.2426404953002929688 3.9051249027252197266 3.535533905029296875 3.2015621662139892578 2.9154758453369140625 2.6925823688507080078 2.5495097637176513672
12.971121788024902344 12.529964447021484375 12.093386650085449219 11.66190338134765625 11.236102104187011719 10.816654205322265625 10.404326438903808594 10 9.604686737060546875 9.2195444107055664062 8.8459033966064453125 8.4852809906005859375 8.1394100189208984375 7.8102498054504394531 7.5 7.2111024856567382812 6.9462218284606933594 6.7082037925720214844 6.5 6.3245553970336914062 6.1846585273742675781 6.0827627182006835938 6.0207972526550292969 6 6.0207972526550292969 6.0827627182006835938 6.0207972526550292969 6 6 6 6 6.0207972526550292969 6.0827627182006835938 6.1032776832580566406 5.7008771896362304688 5.3150730133056640625 4.9497475624084472656 4.6097722053527832031 4.2426404953002929688 3.9051249027252197266 3.6055512428283691406 3.3541018962860107422 3.1622776985168457031 3.0413813591003417969
13.209844589233398438 12.776932716369628906 12.349088668823242188 11.926860809326171875 11.5108642578125 11.101801872253417969 10.700467109680175781 10.307764053344726562 9.924716949462890625 9.552486419677734375 9.1923885345458984375 8.8459033966064453125 8.5146932601928710938 8.2006101608276367188 7.9056940078735351562 7.6321687698364257812 7.3824114799499511719 7.1589107513427734375 6.9641942977905273438 6.8007354736328125 6.6708321571350097656 6.576473236083984375 6.5192022323608398438 6.5 6.5192022323608398438 6.576473236083984375 6.5192022323608398438 6.5 6.5 6.5 6.5 6.5192022323608398438 6.576473236083984375 6.4031243324279785156 6.0207972526550292969 5.6568541526794433594 5.3150730133056640625 4.9497475624084472656 4.6097722053527832031 4.3011627197265625 4.0311288833618164062 3.8078866004943847656 3.6400549411773681641 3.535533905029296875
13.462911605834960938 13.038404464721679688 12.619429588317871094 12.206555366516113281 11.800423622131347656 11.401754379272460938 11.011357307434082031 10.630146026611328125 10.259141921997070312 9.8994951248168945312 9.552486419677734375 9.2195444107055664062 8.9022464752197265625 8.602325439453125 8.3216581344604492188 8.0622577667236328125 7.8262381553649902344 7.6157732009887695312 7.4330344200134277344 7.2801098823547363281 7.1589107513427734375 7.07106781005859375 7.0178341865539550781 7 7.0178341865539550781 7.07106781005859375 7.0178341865539550781 7 7 7 7 7.0178341865539550781 7.07106781005859375 6.7268118858337402344 6.3639612197875976562 6.0207972526550292969 5.6568541526794433594 5.3150730133056640625 5 4.7169904708862304688 4.4721360206604003906 4.2720017433166503906 4.1231055259704589844 4.0311288833618164062
13.72953033447265625 13.313527107238769531 12.9034881591796875 12.5 12.103718757629394531 11.715374946594238281 11.335783958435058594 10.965856552124023438 10.606601715087890625 10.259141921997070312 9.924716949462890625 9.604686737060546875 9.3005380630493164062 9.01387786865234375 8.7464275360107421875 8.5 8.2764730453491210938 8.077747344970703125 7.9056940078735351562 7.7620873451232910156 7.648529052734375 7.5663728713989257812 7.5166482925415039062 7.5 7.5166482925415039062 7.5663728713989257812 7.5166482925415039062 7.5 7.5 7.5 7.5 7.5166482925415039062 7.4330344200134277344 7.07106781005859375 6.7268118858337402344 6.3639612197875976562 6.0207972526550292969 5.7008771896362304688 5.4083271026611328125 5.1478152275085449219 4.9244289398193359375 4.7434163093566894531 4.6097722053527832031 4.5276927947998046875
14.008925437927246094 13.601470947265625 13.20037841796875 12.806248664855957031 12.419742584228515625 12.041594505310058594 11.672617912292480469 11.313708305358886719 10.965856552124023438 10.630146026611328125 10.307764053344726562 10 9.70824432373046875 9.4339809417724609375 9.17877960205078125 8.9442720413208007812 8.73212432861328125 8.5440034866333007812 8.381526947021484375 8.2462110519409179688 8.1394100189208984375 8.0622577667236328125 8.0156097412109375 8 8.0156097412109375 8.0622577667236328125 8.0156097412109375 8 8 8 8 8.0156097412109375 7.7781744003295898438 7.4330344200134277344 7.07106781005859375 6.7268118858337402344 6.4031243324279785156 6.1032776832580566406 5.830951690673828125 5.5901699066162109375 5.3851647377014160156 5.2201533317565917969 5.0990195274353027344 4.9497475624084472656
14.300349235534667969 13.901438713073730469 13.509256362915039062 13.1244049072265625 12.747549057006835938 12.379418373107910156 12.020814895629882812 11.672617912292480469 11.335783958435058594 11.011357307434082031 10.700467109680175781 10.404326438903808594 10.124228477478027344 9.861541748046875 9.6176919937133789062 9.3941469192504882812 9.1923885345458984375 9.01387786865234375 8.8600225448608398438 8.73212432861328125 8.6313381195068359375 8.5586214065551757812 8.5146932601928710938 8.5 8.5146932601928710938 8.5586214065551757812 8.5146932601928710938 8.5 8.5 8.5 8.5 8.4852809906005859375 8.1394100189208984375 7.7781744003295898438 7.4330344200134277344 7.1063351631164550781 6.8007354736328125 6.5192022323608398438 6.2649822235107421875 6.041522979736328125 5.8523497581481933594 5.7008771896362304688 5.5901699066162109375 5.3150730133056640625
14.603081703186035156 14.212670326232910156 13.829317092895507812 13.453623771667480469 13.086252212524414062 12.727922439575195312 12.379418373107910156 12.041594505310058594 11.715374946594238281 11.401754379272460938 11.101801872253417969 10.816654205322265625 10.547511100769042969 10.295630455017089844 10.062305450439453125 9.848857879638671875 9.6566038131713867188 9.4868326187133789062 9.340770721435546875 9.2195444107055664062 9.1241436004638671875 9.055385589599609375 9.01387786865234375 9 9.01387786865234375 9.055385589599609375 9.01387786865234375 9 9 9 9 8.8459033966064453125 8.4852809906005859375 8.1394100189208984375 7.8102498054504394531 7.5 7.2111024856567382812 6.9462218284606933594 6.7082037925720214844 6.5 6.3245553970336914062 6.1846585273742675781 6.0207972526550292969 5.7008771896362304688
14.916434288024902344 14.534441947937011719 14.159802436828613281 13.793114662170410156 13.435029029846191406 13.086252212524414062 12.747549057006835938 12.419742584228515625 12.103718757629394531 11.800423622131347656 11.5108642578125 11.236102104187011719 10.9772491455078125 10.735455513000488281 10.511898040771484375 10.307764053344726562 10.124228477478027344 9.962429046630859375 9.8234415054321289062 9.70824432373046875 9.6176919937133789062 9.552486419677734375 9.513149261474609375 9.5 9.513149261474609375 9.552486419677734375 9.513149261474609375 9.5 9.5 9.5 9.5 9.1923885345458984375 8.8459033966064453125 8.5146932601928710938 8.2006101608276367188 7.9056940078735351562 7.6321687698364257812 7.3824114799499511719 7.1589107513427734375 6.9641942977905273438 6.8007354736328125 6.6708321571350097656 6.4031243324279785156 6.1032776832580566406
15.239750862121582031 14.866068840026855469 14.5 14.1421356201171875 13.793114662170410156 13.453623771667480469 13.1244049072265625 12.806248664855957031 12.5 12.206555366516113281 11.926860809326171875 11.66190338134765625 11.41271209716796875 11.180339813232421875 10.965856552124023438 10.770329475402832031 10.59481048583984375 10.440306663513183594 10.307764053344726562 10.198039054870605469 10.111874580383300781 10.049875259399414062 10.012492179870605469 10 10.012492179870605469 10.049875259399414062 10.012492179870605469 10 10 10 9.8994951248168945312 9.552486419677734375 9.2195444107055664062 8.9022464752197265625 8.602325439453125 8.3216581344604492188 8.0622577667236328125 7.8262381553649902344 7.6157732009887695312 7.4330344200134277344 7.2801098823547363281 7.1063351631164550781 6.8007354736328125 6.5192022323608398438
15.572411537170410156 15.206906318664550781 14.849242210388183594 14.5 14.159802436828613281 13.829317092895507812 13.509256362915039062 13.20037841796875 12.9034881591796875 12.619429588317871094 12.349088668823242188 12.093386650085449219 11.853269577026367188 11.629703521728515625 11.423659324645996094 11.236102104187011719 11.067972183227539062 10.920165061950683594 10.793516159057617188 10.688778877258300781 10.606601715087890625 10.547511100769042969 10.511898040771484375 10.5 10.511898040771484375 10.547511100769042969 10.511898040771484375 10.5 10.5 10.5 10.259141921997070312 9.924716949462890625 9.604686737060546875 9.3005380630493164062 9.01387786865234375 8.7464275360107421875 8.5 8.2764730453491210938 8.077747344970703125 7.9056940078735351562 7.7620873451232910156 7.5 7.2111024856567382812 6.9462218284606933594
15.913830757141113281 15.556348800659179688 15.206906318664550781 14.866068840026855469 14.534441947937011719 14.212670326232910156 13.901438713073730469 13.601470947265625 13.313527107238769531 13.038404464721679688 12.776932716369628906 12.529964447021484375 12.298374176025390625 12.08304595947265625 11.884863853454589844 11.704699516296386719 11.54339599609375 11.401754379272460938 11.280513763427734375 11.180339813232421875 11.101801872253417969 11.045360565185546875 11.011357307434082031 11 11.011357307434082031 11.045360565185546875 11.011357307434082031 11 11 10.965856552124023438 10.630146026611328125 10.307764053344726562 10 9.70824432373046875 9.4339809417724609375 9.17877960205078125 8.9442720413208007812 8.73212432861328125 8.5440034866333007812 8.381526947021484375 8.2006101608276367188 7.9056940078735351562 7.6321687698364257812 7.3824114799499511719
16.263456344604492188 15.913830757141113281 15.572411537170410156 15.239750862121582031 14.916434288024902344 14.603081703186035156 14.300349235534667969 14.008925437927246094 13.72953033447265625 13.462911605834960938 13.209844589233398438 12.971121788024902344 12.747549057006835938 12.539936065673828125 12.349088668823242188 12.175795555114746094 12.020814895629882812 11.884863853454589844 11.768602371215820312 11.672617912292480469 11.597413063049316406 11.54339599609375 11.5108642578125 11.5 11.5108642578125 11.54339599609375 11.5108642578125 11.5 11.5 11.335783958435058594 11.011357307434082031 10.700467109680175781 10.404326438903808594 10.124228477478027344 9.861541748046875 9.6176919937133789062 9.3941469192504882812 9.1923885345458984375 9.01387786865234375 8.8600225448608398438 8.602325439453125 8.3216581344604492188 8.0622577667236328125 7.8262381553649902344
16.620769500732421875 16.278820037841796875 15.945219039916992188 15.620499610900878906 15.305228233337402344 15 14.705441474914550781 14.422204971313476562 14.150971412658691406 13.892443656921386719 13.647343635559082031 13.416407585144042969 13.20037841796875 13 12.816005706787109375 12.649110794067382812 12.5 12.369317054748535156 12.257650375366210938 12.165525436401367188 12.093386650085449219 12.041594505310058594 12.010412216186523438 12 12.010412216186523438 12.041594505310058594 12.010412216186523438 12 12 11.715374946594238281 11.401754379272460938 11.101801872253417969 10.816654205322265625 10.547511100769042969 10.295630455017089844 10.062305450439453125 9.848857879638671875 9.6566038131713867188 9.4868326187133789062 9.3005380630493164062 9.01387786865234375 8.7464275360107421875 8.5 8.2764730453491210938
16.985288619995117188 16.65082550048828125 16.324827194213867188 16.007810592651367188 15.700318336486816406 15.402921676635742188 15.116216659545898438 14.840822219848632812 14.577380180358886719 14.326548576354980469 14.089002609252929688 13.865424156188964844 13.656499862670898438 13.462911605834960938 13.285329818725585938 13.1244049072265625 12.980754852294921875 12.854960441589355469 12.747549057006835938 12.65898895263671875 12.589678764343261719 12.539936065673828125 12.509996414184570312 12.5 12.509996414184570312 12.539936065673828125 12.509996414184570312 12.5 12.419742584228515625 12.103718757629394531 11.800423622131347656 11.5108642578125 11.236102104187011719 10.9772491455078125 10.735455513000488281 10.511898040771484375 10.307764053344726562 10.124228477478027344 9.962429046630859375 9.70824432373046875 9.4339809417724609375 9.17877960205078125 8.9442720413208007812 8.73212432861328125
17.356554031372070312 17.029386520385742188 16.710775375366210938 16.401220321655273438 16.1012420654296875 15.811388015747070312 15.532224655151367188 15.264337539672851562 15.008331298828125 14.764822959899902344 14.534441947937011719 14.317821502685546875 14.115593910217285156 13.928388595581054688 13.756816864013671875 13.601470947265625 13.462911605834960938 13.341664314270019531 13.238202095031738281 13.15294647216796875 13.086252212524414062 13.038404464721679688 13.009612083435058594 13 13.009612083435058594 13.038404464721679688 13.009612083435058594 13 12.806248664855957031 12.5 12.206555366516113281 11.926860809326171875 11.66190338134765625 11.41271209716796875 11.180339813232421875 10.965856552124023438 10.770329475402832031 10.59481048583984375 10.404326438903808594 10.124228477478027344 9.861541748046875 9.6176919937133789062 9.3941469192504882812 9.1923885345458984375
