rasters/terrain/dist_rivers_2.asc
ncols        720
nrows        300
xllcorner    -180.000000000000
yllcorner    -60.000000000000
cellsize     0.500000000000
NODATA_value  nan
[rows 266 to 284 of 300, columns 473 to 515 of 720]
30.858549118041992188 31.304952621459960938 31.75295257568359375 32.202484130859375 32.653484344482421875 33.105892181396484375 33.5596466064453125 34.01470184326171875 34.47100067138671875 34.928497314453125 35.362407684326171875 35.724639892578125 36.0901641845703125 36.458881378173828125 36.830692291259765625 37.205509185791015625 37.583240509033203125 37.96379852294921875 38.34709930419921875 38.733058929443359375 39.12160491943359375 39.51265716552734375 39.906139373779296875 40.3019866943359375 40.700122833251953125 41.10048675537109375 41.50301361083984375 41.907634735107421875 42.314300537109375 42.7229461669921875 43.133514404296875 43.54595184326171875 43.960208892822265625 44.376232147216796875 44.793972015380859375 45.213382720947265625 45.634418487548828125 46.05702972412109375 46.48117828369140625 46.90682220458984375 47.333919525146484375 47.762432098388671875 48.19232177734375
31.084562301635742188 31.53173065185546875 31.976552963256835938 32.422985076904296875 32.870960235595703125 33.320415496826171875 33.771289825439453125 34.223529815673828125 34.677082061767578125 35.131893157958984375 35.587921142578125 36.045108795166015625 36.4314422607421875 36.7967376708984375 37.165172576904296875 37.536647796630859375 37.91107940673828125 38.288379669189453125 38.668460845947265625 39.05124664306640625 39.436656951904296875 39.824615478515625 40.215045928955078125 40.607879638671875 41.003047943115234375 41.400482177734375 41.800121307373046875 42.20189666748046875 42.60575103759765625 43.011627197265625 43.419464111328125 43.829212188720703125 44.240818023681640625 44.65422821044921875 45.06938934326171875 45.486263275146484375 45.90479278564453125 46.324939727783203125 46.7466583251953125 47.1699066162109375 47.59464263916015625 48.0208282470703125 48.44842529296875
31.304952621459960938 31.75295257568359375 32.202484130859375 32.649654388427734375 33.094562530517578125 33.541019439697265625 33.9889678955078125 34.438350677490234375 34.889110565185546875 35.34119415283203125 35.794551849365234375 36.24913787841796875 36.70490264892578125 37.138256072998046875 37.50333404541015625 37.871494293212890625 38.242645263671875 38.61670684814453125 38.993587493896484375 39.3732147216796875 39.755504608154296875 40.140377044677734375 40.527767181396484375 40.917598724365234375 41.30980682373046875 41.704315185546875 42.101070404052734375 42.5 42.901050567626953125 43.304157257080078125 43.70926666259765625 44.11632537841796875 44.525272369384765625 44.936065673828125 45.3486480712890625 45.76297760009765625 46.1790008544921875 46.59667205810546875 47.01595306396484375 47.436801910400390625 47.85916900634765625 48.28302001953125 48.708316802978515625
31.53173065185546875 31.976552963256835938 32.422985076904296875 32.870960235595703125 33.320415496826171875 33.767589569091796875 34.2125701904296875 34.659053802490234375 35.1069793701171875 35.556293487548828125 36.0069427490234375 36.458881378173828125 36.91205596923828125 37.366428375244140625 37.82195281982421875 38.2099456787109375 38.57784271240234375 38.9486846923828125 39.322383880615234375 39.6988677978515625 40.0780487060546875 40.459857940673828125 40.84421539306640625 41.23105621337890625 41.62030792236328125 42.01190185546875 42.4057769775390625 42.801868438720703125 43.200115203857421875 43.600460052490234375 44.002841949462890625 44.407207489013671875 44.813503265380859375 45.221675872802734375 45.63167572021484375 46.04345703125 46.45697021484375 46.872165679931640625 47.289005279541015625 47.7074432373046875 48.12743377685546875 48.54894256591796875 48.97193145751953125
31.764760971069335938 32.20636749267578125 32.649654388427734375 33.094562530517578125 33.541019439697265625 33.9889678955078125 34.438350677490234375 34.885528564453125 35.3305816650390625 35.777088165283203125 36.2249908447265625 36.6742401123046875 37.124790191650390625 37.576587677001953125 38.02959442138671875 38.4837646484375 38.916576385498046875 39.284221649169921875 39.654758453369140625 40.02811431884765625 40.404209136962890625 40.782962799072265625 41.164306640625 41.54816436767578125 41.93447113037109375 42.323162078857421875 42.71416473388671875 43.107425689697265625 43.502872467041015625 43.900455474853515625 44.300113677978515625 44.70178985595703125 45.10543060302734375 45.510986328125 45.918407440185546875 46.32763671875 46.738636016845703125 47.1513519287109375 47.56574249267578125 47.9817657470703125 48.399379730224609375 48.81854248046875 49.2392120361328125
32.00390625 32.442256927490234375 32.882366180419921875 33.32416534423828125 33.767589569091796875 34.2125701904296875 34.659053802490234375 35.1069793701171875 35.556293487548828125 36.00347137451171875 36.4485931396484375 36.895122528076171875 37.343006134033203125 37.792194366455078125 38.242645263671875 38.69431304931640625 39.147159576416015625 39.60113525390625 39.99062347412109375 40.360870361328125 40.73389434814453125 41.109607696533203125 41.487949371337890625 41.86884307861328125 42.25222015380859375 42.638011932373046875 43.026153564453125 43.41658782958984375 43.809246063232421875 44.204071044921875 44.601009368896484375 45 45.400989532470703125 45.803928375244140625 46.208766937255859375 46.615447998046875 47.023929595947265625 47.43416595458984375 47.84610748291015625 48.25971221923828125 48.6749420166015625 49.0917510986328125 49.510101318359375
32.24903106689453125 32.684093475341796875 33.120990753173828125 33.5596466064453125 34 34.44197845458984375 34.885528564453125 35.3305816650390625 35.777088165283203125 36.2249908447265625 36.6742401123046875 37.12142181396484375 37.566608428955078125 38.013156890869140625 38.461017608642578125 38.910152435302734375 39.36051177978515625 39.8120574951171875 40.26474761962890625 40.697052001953125 41.0670166015625 41.439716339111328125 41.815067291259765625 42.1930084228515625 42.573467254638671875 42.9563751220703125 43.34166717529296875 43.729282379150390625 44.1191558837890625 44.511234283447265625 44.90545654296875 45.30176544189453125 45.700107574462890625 46.100433349609375 46.502689361572265625 46.90682220458984375 47.3127899169921875 47.720539093017578125 48.130031585693359375 48.541217803955078125 48.954059600830078125 49.368511199951171875 49.784534454345703125
32.5 32.9317474365234375 33.3654022216796875 33.8008880615234375 34.23813629150390625 34.677082061767578125 35.1176605224609375 35.559810638427734375 36.00347137451171875 36.4485931396484375 36.895122528076171875 37.343006134033203125 37.792194366455078125 38.239376068115234375 38.68462371826171875 39.131191253662109375 39.579036712646484375 40.02811431884765625 40.478389739990234375 40.92981719970703125 41.38236236572265625 41.773197174072265625 42.145580291748046875 42.5205841064453125 42.898136138916015625 43.278171539306640625 43.66062164306640625 44.045429229736328125 44.43253326416015625 44.821868896484375 45.213382720947265625 45.60701751708984375 46.002716064453125 46.400432586669921875 46.800106048583984375 47.201694488525390625 47.6051483154296875 48.01041412353515625 48.417453765869140625 48.826221466064453125 49.23667144775390625 49.64876556396484375 50.06246185302734375
32.756679534912109375 33.185085296630859375 33.61547088623046875 34.047760009765625 34.48188018798828125 34.917758941650390625 35.35533905029296875 35.794551849365234375 36.235340118408203125 36.67765045166015625 37.12142181396484375 37.566608428955078125 38.013156890869140625 38.461017608642578125 38.910152435302734375 39.35733795166015625 39.802639007568359375 40.2492218017578125 40.697052001953125 41.14608001708984375 41.59627532958984375 42.0475921630859375 42.47940826416015625 42.8514862060546875 43.2261505126953125 43.60332489013671875 43.982952117919921875 44.364963531494140625 44.749301910400390625 45.135906219482421875 45.52471923828125 45.915683746337890625 46.308746337890625 46.703853607177734375 47.100955963134765625 47.5 47.90093994140625 48.3037261962890625 48.708316802978515625 49.11466217041015625 49.5227203369140625 49.932453155517578125 50.34381866455078125
33.018932342529296875 33.443981170654296875 33.8710784912109375 34.300144195556640625 34.731109619140625 35.16390228271484375 35.598453521728515625 36.03470611572265625 36.472591400146484375 36.91205596923828125 37.353046417236328125 37.795501708984375 38.239376068115234375 38.68462371826171875 39.131191253662109375 39.579036712646484375 40.02811431884765625 40.475299835205078125 40.920654296875 41.36725616455078125 41.815067291259765625 42.264049530029296875 42.71416473388671875 43.165378570556640625 43.55743408203125 43.931766510009765625 44.3085784912109375 44.68780517578125 45.06938934326171875 45.453273773193359375 45.83939361572265625 46.227695465087890625 46.618129730224609375 47.0106353759765625 47.4051666259765625 47.80167388916015625 48.200103759765625 48.60041046142578125 49.002552032470703125 49.4064788818359375 49.812145233154296875 50.219516754150390625 50.62854766845703125
33.286632537841796875 33.708309173583984375 34.1320953369140625 34.55792236328125 34.98571014404296875 35.415393829345703125 35.846897125244140625 36.28015899658203125 36.715118408203125 37.151714324951171875 37.589893341064453125 38.02959442138671875 38.470767974853515625 38.913364410400390625 39.35733795166015625 39.802639007568359375 40.2492218017578125 40.697052001953125 41.14608001708984375 41.59326934814453125 42.03867340087890625 42.48529052734375 42.933086395263671875 43.382022857666015625 43.832065582275390625 44.263416290283203125 44.63742828369140625 45.013885498046875 45.392730712890625 45.773899078369140625 46.15734100341796875 46.54299163818359375 46.9308013916015625 47.320713043212890625 47.712680816650390625 48.10665130615234375 48.5025787353515625 48.900409698486328125 49.30010223388671875 49.701610565185546875 50.104888916015625 50.509899139404296875 50.916599273681640625
33.5596466064453125 33.977935791015625 34.39839935302734375 34.820972442626953125 35.24556732177734375 35.672119140625 36.100555419921875 36.5308074951171875 36.962818145751953125 37.39652252197265625 37.8318634033203125 38.268787384033203125 38.707233428955078125 39.147159576416015625 39.58850860595703125 40.031238555908203125 40.475299835205078125 40.920654296875 41.36725616455078125 41.815067291259765625 42.264049530029296875 42.711238861083984375 43.1566925048828125 43.60332489013671875 44.051105499267578125 44.5 44.94997406005859375 45.343135833740234375 45.7192535400390625 46.097721099853515625 46.478488922119140625 46.861499786376953125 47.246692657470703125 47.634021759033203125 48.023433685302734375 48.414875030517578125 48.808300018310546875 49.2036590576171875 49.6009063720703125 50 50.4008941650390625 50.8035430908203125 51.20790863037109375
33.837848663330078125 34.25273895263671875 34.669872283935546875 35.08917236328125 35.510562896728515625 35.93396759033203125 36.359317779541015625 36.7865447998046875 37.215587615966796875 37.646381378173828125 38.07886505126953125 38.5129852294921875 38.9486846923828125 39.3859100341796875 39.824615478515625 40.26474761962890625 40.706264495849609375 41.149120330810546875 41.59326934814453125 42.03867340087890625 42.48529052734375 42.933086395263671875 43.382022857666015625 43.829212188720703125 44.27471160888671875 44.7213592529296875 45.16912841796875 45.617977142333984375 46.048885345458984375 46.424671173095703125 46.802776336669921875 47.183155059814453125 47.56574249267578125 47.950496673583984375 48.3373565673828125 48.726276397705078125 49.117206573486328125 49.510101318359375 49.904911041259765625 50.3015899658203125 50.700099945068359375 51.100391387939453125 51.5024261474609375
34.1211090087890625 34.5325927734375 34.94638824462890625 35.362407684326171875 35.780582427978515625 36.20082855224609375 36.623081207275390625 37.047267913818359375 37.473323822021484375 37.901187896728515625 38.3307952880859375 38.762096405029296875 39.195026397705078125 39.629535675048828125 40.065570831298828125 40.503086090087890625 40.9420318603515625 41.38236236572265625 41.82403564453125 42.267009735107421875 42.711238861083984375 43.1566925048828125 43.60332489013671875 44.051105499267578125 44.5 44.9471893310546875 45.392730712890625 45.83939361572265625 46.28714752197265625 46.7359619140625 47.130138397216796875 47.507892608642578125 47.887889862060546875 48.27007293701171875 48.654392242431640625 49.040798187255859375 49.429241180419921875 49.819675445556640625 50.2120513916015625 50.6063232421875 51.00244903564453125 51.400390625 51.800098419189453125
34.4093017578125 34.817378997802734375 35.2278289794921875 35.640567779541015625 36.055511474609375 36.472591400146484375 36.891735076904296875 37.3128662109375 37.73592376708984375 38.1608428955078125 38.58756256103515625 39.016021728515625 39.4461669921875 39.87793731689453125 40.31128692626953125 40.746166229248046875 41.182521820068359375 41.62030792236328125 42.059482574462890625 42.5 42.941822052001953125 43.384906768798828125 43.829212188720703125 44.27471160888671875 44.7213592529296875 45.16912841796875 45.617977142333984375 46.0651702880859375 46.51074981689453125 46.957427978515625 47.4051666259765625 47.83565521240234375 48.213069915771484375 48.592693328857421875 48.974483489990234375 49.3583831787109375 49.74434661865234375 50.13232421875 50.522274017333984375 50.914142608642578125 51.307895660400390625 51.703479766845703125 52.100864410400390625
34.702304840087890625 35.1069793701171875 35.514080047607421875 35.92353057861328125 36.33524322509765625 36.749149322509765625 37.165172576904296875 37.583240509033203125 38.00328826904296875 38.425251007080078125 38.84906768798828125 39.2746734619140625 39.702014923095703125 40.13103485107421875 40.561679840087890625 40.993900299072265625 41.427646636962890625 41.862873077392578125 42.299526214599609375 42.73757171630859375 43.176959991455078125 43.617656707763671875 44.059619903564453125 44.5028076171875 44.9471893310546875 45.392730712890625 45.83939361572265625 46.28714752197265625 46.7359619140625 47.183155059814453125 47.628772735595703125 48.07546234130859375 48.523189544677734375 48.918300628662109375 49.297565460205078125 49.6789703369140625 50.06246185302734375 50.447994232177734375 50.83551788330078125 51.224994659423828125 51.616374969482421875 52.009613037109375 52.404674530029296875
35 35.401271820068359375 35.805027008056640625 36.211185455322265625 36.61966705322265625 37.030391693115234375 37.44329071044921875 37.858287811279296875 38.275318145751953125 38.69431304931640625 39.115215301513671875 39.53795623779296875 39.962482452392578125 40.388736724853515625 40.816661834716796875 41.246212005615234375 41.677333831787109375 42.109973907470703125 42.544094085693359375 42.979644775390625 43.41658782958984375 43.8548736572265625 44.294467926025390625 44.735332489013671875 45.17742919921875 45.62071990966796875 46.0651702880859375 46.51074981689453125 46.957427978515625 47.4051666259765625 47.85394287109375 48.30113983154296875 48.746795654296875 49.1934967041015625 49.623584747314453125 50.002498626708984375 50.3835296630859375 50.76662445068359375 51.1517333984375 51.538822174072265625 51.92783355712890625 52.31873321533203125 52.71147918701171875
35.302265167236328125 35.70014190673828125 36.100555419921875 36.50342559814453125 36.908672332763671875 37.31621551513671875 37.725986480712890625 38.137908935546875 38.551914215087890625 38.96793365478515625 39.3859100341796875 39.80577850341796875 40.22747802734375 40.650951385498046875 41.07614898681640625 41.50301361083984375 41.931491851806640625 42.361537933349609375 42.7931060791015625 43.2261505126953125 43.66062164306640625 44.096485137939453125 44.533695220947265625 44.9722137451171875 45.4120025634765625 45.85302734375 46.29524993896484375 46.738636016845703125 47.183155059814453125 47.628772735595703125 48.07546234130859375 48.523189544677734375 48.97193145751953125 49.419124603271484375 49.864818572998046875 50.31153106689453125 50.707492828369140625 51.08815765380859375 51.470867156982421875 51.85556793212890625 52.24222564697265625 52.63079071044921875 53.021221160888671875
35.60898590087890625 36.00347137451171875 36.40055084228515625 36.800136566162109375 37.202152252197265625 37.60651397705078125 38.013156890869140625 38.4219970703125 38.832977294921875 39.2460174560546875 39.66106414794921875 40.0780487060546875 40.496913909912109375 40.917598724365234375 41.340053558349609375 41.764217376708984375 42.190044403076171875 42.61748504638671875 43.04648590087890625 43.4770050048828125 43.90899658203125 44.342418670654296875 44.777225494384765625 45.213382720947265625 45.650848388671875 46.089588165283203125 46.529560089111328125 46.970737457275390625 47.41307830810546875 47.856555938720703125 48.30113983154296875 48.746795654296875 49.1934967041015625 49.64121246337890625 50.0899200439453125 50.537113189697265625 50.98284149169921875 51.412548065185546875 51.792858123779296875 52.1751861572265625 52.559490203857421875 52.945728302001953125 53.33385467529296875
