rasters/terrain/dist_rivers_3.asc
ncols        720
nrows        300
xllcorner    -180.000000000000
yllcorner    -60.000000000000
cellsize     0.500000000000
NODATA_value  nan
[rows 247 to 265 of 300, columns 176 to 219 of 720]
20.651876449584960938 20.155643463134765625 19.659603118896484375 19.163768768310546875 18.668153762817382812 18.172780990600585938 17.677669525146484375 17.182840347290039062 16.688320159912109375 16.194135665893554688 15.700318336486816406 15.206906318664550781 14.713938713073730469 14.221462249755859375 13.72953033447265625 13.238202095031738281 12.747549057006835938 12.257650375366210938 11.768602371215820312 11.280513763427734375 10.793516159057617188 10.307764053344726562 9.8234415054321289062 9.340770721435546875 8.8600225448608398438 8.381526947021484375 7.9056940078735351562 7.4330344200134277344 6.9641942977905273438 6.5 6.041522979736328125 5.5901699066162109375 5.1478152275085449219 4.7169904708862304688 4.3011627197265625 3.9051249027252197266 3.535533905029296875 3.1622776985168457031 2.6925823688507080078 2.2360680103302001953 1.8027756214141845703 1.4142135381698608398 1.1180340051651000977 1
20.597330093383789062 20.099750518798828125 19.602294921875 19.10497283935546875 18.607793807983398438 18.11077117919921875 17.61391448974609375 17.117242813110351562 16.620769500732421875 16.124515533447265625 15.628499984741210938 15.132745742797851562 14.637281417846679688 14.1421356201171875 13.647343635559082031 13.15294647216796875 12.65898895263671875 12.165525436401367188 11.672617912292480469 11.180339813232421875 10.688778877258300781 10.198039054870605469 9.70824432373046875 9.2195444107055664062 8.73212432861328125 8.2462110519409179688 7.7620873451232910156 7.2801098823547363281 6.8007354736328125 6.3245553970336914062 5.8523497581481933594 5.3851647377014160156 4.9244289398193359375 4.4721360206604003906 4.0311288833618164062 3.6055512428283691406 3.2015621662139892578 2.8284270763397216797 2.5 2.0615527629852294922 1.5811388492584228516 1.1180340051651000977 0.70710676908493041992 0.5
20.554803848266601562 20.056171417236328125 19.557607650756835938 19.059118270874023438 18.560710906982421875 18.062391281127929688 17.564168930053710938 17.06604766845703125 16.568040847778320312 16.070158004760742188 15.572411537170410156 15.0748138427734375 14.577380180358886719 14.080127716064453125 13.583077430725097656 13.086252212524414062 12.589678764343261719 12.093386650085449219 11.597413063049316406 11.101801872253417969 10.606601715087890625 10.111874580383300781 9.6176919937133789062 9.1241436004638671875 8.6313381195068359375 8.1394100189208984375 7.648529052734375 7.1589107513427734375 6.6708321571350097656 6.1846585273742675781 5.7008771896362304688 5.2201533317565917969 4.7434163093566894531 4.2720017433166503906 3.8078866004943847656 3.3541018962860107422 2.9154758453369140625 2.5 2.1213202476501464844 1.8027756214141845703 1.5 1 0.5 0
20.52437591552734375 20.024984359741210938 19.525623321533203125 19.02629852294921875 18.527008056640625 18.0277557373046875 17.528547286987304688 17.029386520385742188 16.530275344848632812 16.031219482421875 15.532224655151367188 15.033296585083007812 14.534441947937011719 14.035668373107910156 13.536986351013183594 13.038404464721679688 12.539936065673828125 12.041594505310058594 11.54339599609375 11.045360565185546875 10.547511100769042969 10.049875259399414062 9.552486419677734375 9.055385589599609375 8.5586214065551757812 8.0622577667236328125 7.5663728713989257812 7.07106781005859375 6.576473236083984375 6.0827627182006835938 5.5901699066162109375 5.0990195274353027344 4.6097722053527832031 4.1231055259704589844 3.6400549411773681641 3.1622776985168457031 2.6925823688507080078 2.2360680103302001953 1.8027756214141845703 1.4142135381698608398 1.1180340051651000977 1 0.5 0
20.50609588623046875 20.00624847412109375 19.50640869140625 19.006578445434570312 18.506755828857421875 18.0069427490234375 17.50714111328125 17.007350921630859375 16.507574081420898438 16.007810592651367188 15.508062362670898438 15.008331298828125 14.508618354797363281 14.008925437927246094 13.509256362915039062 13.009612083435058594 12.509996414184570312 12.010412216186523438 11.5108642578125 11.011357307434082031 10.511898040771484375 10.012492179870605469 9.513149261474609375 9.01387786865234375 8.5146932601928710938 8.0156097412109375 7.5166482925415039062 7.0178341865539550781 6.5192022323608398438 6.0207972526550292969 5.5226802825927734375 5.0249376296997070312 4.5276927947998046875 4.0311288833618164062 3.535533905029296875 3.0413813591003417969 2.5495097637176513672 2.0615527629852294922 1.5811388492584228516 1.1180340051651000977 0.70710676908493041992 0.5 0.5 0
20.5 20 19.5 19 18.5 18 17.5 17 16.5 16 15.5 15 14.5 14 13.5 13 12.5 12 11.5 11 10.5 10 9.5 9 8.5 8 7.5 7 6.5 6 5.5 5 4.5 4 3.5 3 2.5 2 1.5 1 0.5 0 0 0.5
20.50609588623046875 20.00624847412109375 19.50640869140625 19.006578445434570312 18.506755828857421875 18.0069427490234375 17.50714111328125 17.007350921630859375 16.507574081420898438 16.007810592651367188 15.508062362670898438 15.008331298828125 14.508618354797363281 14.008925437927246094 13.509256362915039062 13.009612083435058594 12.509996414184570312 12.010412216186523438 11.5108642578125 11.011357307434082031 10.511898040771484375 10.012492179870605469 9.513149261474609375 9.01387786865234375 8.5146932601928710938 8.0156097412109375 7.5166482925415039062 7.0178341865539550781 6.5192022323608398438 6.0207972526550292969 5.5226802825927734375 5.0249376296997070312 4.5276927947998046875 4.0311288833618164062 3.535533905029296875 3.0413813591003417969 2.5495097637176513672 2.0615527629852294922 1.5811388492584228516 1.1180340051651000977 0.70710676908493041992 0.5 0 0.5
20.52437591552734375 20.024984359741210938 19.525623321533203125 19.02629852294921875 18.527008056640625 18.0277557373046875 17.528547286987304688 17.029386520385742188 16.530275344848632812 16.031219482421875 15.532224655151367188 15.033296585083007812 14.534441947937011719 14.035668373107910156 13.536986351013183594 13.038404464721679688 12.539936065673828125 12.041594505310058594 11.54339599609375 11.045360565185546875 10.547511100769042969 10.049875259399414062 9.552486419677734375 9.055385589599609375 8.5586214065551757812 8.0622577667236328125 7.5663728713989257812 7.07106781005859375 6.576473236083984375 6.0827627182006835938 5.5901699066162109375 5.0990195274353027344 4.6097722053527832031 4.1231055259704589844 3.6400549411773681641 3.1622776985168457031 2.6925823688507080078 2.2360680103302001953 1.8027756214141845703 1.4142135381698608398 1 0.5 0 0
20.554803848266601562 20.056171417236328125 19.557607650756835938 19.059118270874023438 18.560710906982421875 18.062391281127929688 17.564168930053710938 17.06604766845703125 16.568040847778320312 16.070158004760742188 15.572411537170410156 15.0748138427734375 14.577380180358886719 14.080127716064453125 13.583077430725097656 13.086252212524414062 12.589678764343261719 12.093386650085449219 11.597413063049316406 11.101801872253417969 10.606601715087890625 10.111874580383300781 9.6176919937133789062 9.1241436004638671875 8.6313381195068359375 8.1394100189208984375 7.648529052734375 7.1589107513427734375 6.6708321571350097656 6.1846585273742675781 5.7008771896362304688 5.2201533317565917969 4.7434163093566894531 4.2720017433166503906 3.8078866004943847656 3.3541018962860107422 2.9154758453369140625 2.5 2.0615527629852294922 1.5811388492584228516 1.1180340051651000977 0.70710676908493041992 0.5 0
20.597330093383789062 20.099750518798828125 19.602294921875 19.10497283935546875 18.607793807983398438 18.11077117919921875 17.61391448974609375 17.117242813110351562 16.620769500732421875 16.124515533447265625 15.628499984741210938 15.132745742797851562 14.637281417846679688 14.1421356201171875 13.647343635559082031 13.15294647216796875 12.65898895263671875 12.165525436401367188 11.672617912292480469 11.180339813232421875 10.688778877258300781 10.198039054870605469 9.70824432373046875 9.2195444107055664062 8.73212432861328125 8.2462110519409179688 7.7620873451232910156 7.2801098823547363281 6.8007354736328125 6.3245553970336914062 5.8523497581481933594 5.3851647377014160156 4.9244289398193359375 4.4721360206604003906 4.0311288833618164062 3.6055512428283691406 3.1622776985168457031 2.6925823688507080078 2.2360680103302001953 1.8027756214141845703 1.4142135381698608398 1 0.5 0
20.651876449584960938 20.155643463134765625 19.659603118896484375 19.163768768310546875 18.668153762817382812 18.172780990600585938 17.677669525146484375 17.182840347290039062 16.688320159912109375 16.194135665893554688 15.700318336486816406 15.206906318664550781 14.713938713073730469 14.221462249755859375 13.72953033447265625 13.238202095031738281 12.747549057006835938 12.257650375366210938 11.768602371215820312 11.280513763427734375 10.793516159057617188 10.307764053344726562 9.8234415054321289062 9.340770721435546875 8.8600225448608398438 8.381526947021484375 7.9056940078735351562 7.4330344200134277344 6.9641942977905273438 6.5 6.041522979736328125 5.5901699066162109375 5.1478152275085449219 4.7169904708862304688 4.2720017433166503906 3.8078866004943847656 3.3541018962860107422 2.9154758453369140625 2.5 2.0615527629852294922 1.5811388492584228516 1.1180340051651000977 0.70710676908493041992 0.5
20.573040008544921875 20.12461090087890625 19.678668975830078125 19.235383987426757812 18.741664886474609375 18.248287200927734375 17.755281448364257812 17.262676239013671875 16.770509719848632812 16.278820037841796875 15.787652969360351562 15.29705810546875 14.807092666625976562 14.317821502685546875 13.829317092895507812 13.341664314270019531 12.854960441589355469 12.369317054748535156 11.884863853454589844 11.401754379272460938 10.920165061950683594 10.440306663513183594 9.962429046630859375 9.4868326187133789062 9.01387786865234375 8.5440034866333007812 8.077747344970703125 7.6157732009887695312 7.1589107513427734375 6.7082037925720214844 6.2649822235107421875 5.830951690673828125 5.3851647377014160156 4.9244289398193359375 4.4721360206604003906 4.0311288833618164062 3.6055512428283691406 3.1622776985168457031 2.6925823688507080078 2.2360680103302001953 1.8027756214141845703 1.4142135381698608398 1.1180340051651000977 0.70710676908493041992
20.359273910522460938 19.90602874755859375 19.455076217651367188 19.006578445434570312 18.560710906982421875 18.117670059204101562 17.677669525146484375 17.240940093994140625 16.807735443115234375 16.378339767456054688 15.890248298645019531 15.402921676635742188 14.916434288024902344 14.43087005615234375 13.946325302124023438 13.462911605834960938 12.980754852294921875 12.5 12.020814895629882812 11.54339599609375 11.067972183227539062 10.59481048583984375 10.124228477478027344 9.6566038131713867188 9.1923885345458984375 8.73212432861328125 8.2764730453491210938 7.8262381553649902344 7.3824114799499511719 6.9462218284606933594 6.5 6.041522979736328125 5.5901699066162109375 5.1478152275085449219 4.7169904708862304688 4.2720017433166503906 3.8078866004943847656 3.3541018962860107422 2.9154758453369140625 2.5 2.1213202476501464844 1.8027756214141845703 1.4142135381698608398 1.1180340051651000977
20.155643463134765625 19.69771575927734375 19.24188232421875 18.788293838500976562 18.33712005615234375 17.888544082641601562 17.4427642822265625 17 16.560495376586914062 16.124515533447265625 15.692355155944824219 15.264337539672851562 14.807092666625976562 14.317821502685546875 13.829317092895507812 13.341664314270019531 12.854960441589355469 12.369317054748535156 11.884863853454589844 11.401754379272460938 10.920165061950683594 10.440306663513183594 9.962429046630859375 9.4868326187133789062 9.01387786865234375 8.5440034866333007812 8.077747344970703125 7.6157732009887695312 7.1589107513427734375 6.7082037925720214844 6.2649822235107421875 5.830951690673828125 5.4083271026611328125 5 4.6097722053527832031 4.2426404953002929688 3.9051249027252197266 3.535533905029296875 3.2015621662139892578 2.8284270763397216797 2.5 2.1213202476501464844 1.8027756214141845703 1.5811388492584228516
19.962465286254882812 19.5 19.039432525634765625 18.580904006958007812 18.124568939208984375 17.670597076416015625 17.219175338745117188 16.770509719848632812 16.324827194213867188 15.882380485534667969 15.443445205688476562 15.008331298828125 14.577380180358886719 14.150971412658691406 13.72953033447265625 13.238202095031738281 12.747549057006835938 12.257650375366210938 11.768602371215820312 11.280513763427734375 10.793516159057617188 10.307764053344726562 9.8234415054321289062 9.340770721435546875 8.8600225448608398438 8.381526947021484375 7.9056940078735351562 7.4330344200134277344 6.9641942977905273438 6.5 6.041522979736328125 5.5901699066162109375 5.1478152275085449219 4.7169904708862304688 4.3011627197265625 3.9051249027252197266 3.535533905029296875 3.2015621662139892578 2.8284270763397216797 2.5 2.2360680103302001953 2.0615527629852294922 2 2
19.780040740966796875 19.313207626342773438 18.848077774047851562 18.384777069091796875 17.923448562622070312 17.4642486572265625 17.007350921630859375 16.552946090698242188 16.1012420654296875 15.652476310729980469 15.206906318664550781 14.764822959899902344 14.326548576354980469 13.892443656921386719 13.462911605834960938 13.038404464721679688 12.619429588317871094 12.165525436401367188 11.672617912292480469 11.180339813232421875 10.688778877258300781 10.198039054870605469 9.70824432373046875 9.2195444107055664062 8.73212432861328125 8.2462110519409179688 7.7620873451232910156 7.2801098823547363281 6.8007354736328125 6.3245553970336914062 5.8523497581481933594 5.3851647377014160156 4.9244289398193359375 4.4721360206604003906 4.0311288833618164062 3.6055512428283691406 3.2015621662139892578 2.8284270763397216797 2.5 2.1213202476501464844 1.8027756214141845703 1.5811388492584228516 1.5 1.5
19.608671188354492188 19.137659072875976562 18.668153762817382812 18.200275421142578125 17.734148025512695312 17.269916534423828125 16.807735443115234375 16.347782135009765625 15.890248298645019531 15.435349464416503906 14.983324050903320312 14.534441947937011719 14.089002609252929688 13.647343635559082031 13.209844589233398438 12.776932716369628906 12.349088668823242188 11.926860809326171875 11.5108642578125 11.101801872253417969 10.606601715087890625 10.111874580383300781 9.6176919937133789062 9.1241436004638671875 8.6313381195068359375 8.1394100189208984375 7.648529052734375 7.1589107513427734375 6.6708321571350097656 6.1846585273742675781 5.7008771896362304688 5.2201533317565917969 4.7434163093566894531 4.2720017433166503906 3.8078866004943847656 3.3541018962860107422 2.9154758453369140625 2.5 2.1213202476501464844 1.8027756214141845703 1.4142135381698608398 1.1180340051651000977 1 1
19.448650360107421875 18.973665237426757812 18.5 18.0277557373046875 17.557050704956054688 17.088006973266601562 16.620769500732421875 16.15549468994140625 15.692355155944824219 15.231546401977539062 14.773286819458007812 14.317821502685546875 13.865424156188964844 13.416407585144042969 12.971121788024902344 12.529964447021484375 12.093386650085449219 11.66190338134765625 11.236102104187011719 10.816654205322265625 10.404326438903808594 10 9.552486419677734375 9.055385589599609375 8.5586214065551757812 8.0622577667236328125 7.5663728713989257812 7.07106781005859375 6.576473236083984375 6.0827627182006835938 5.5901699066162109375 5.0990195274353027344 4.6097722053527832031 4.1231055259704589844 3.6400549411773681641 3.1622776985168457031 2.6925823688507080078 2.2360680103302001953 1.8027756214141845703 1.4142135381698608398 1.1180340051651000977 0.70710676908493041992 0.5 0.5
19.300258636474609375 18.821529388427734375 18.343936920166015625 17.8675689697265625 17.392526626586914062 16.918924331665039062 16.4468841552734375 15.976545333862304688 15.508062362670898438 15.041608810424804688 14.577380180358886719 14.115593910217285156 13.656499862670898438 13.20037841796875 12.747549057006835938 12.298374176025390625 11.853269577026367188 11.41271209716796875 10.9772491455078125 10.547511100769042969 10.124228477478027344 9.70824432373046875 9.3005380630493164062 8.9022464752197265625 8.5146932601928710938 8.0156097412109375 7.5166482925415039062 7.0178341865539550781 6.5192022323608398438 6.0207972526550292969 5.5226802825927734375 5.0249376296997070312 4.5276927947998046875 4.0311288833618164062 3.535533905029296875 3.0413813591003417969 2.5495097637176513672 2.0615527629852294922 1.5811388492584228516 1.1180340051651000977 0.70710676908493041992 0.5 0 0
