rasters/terrain/rugosity.asc
NCOLS 720 
NROWS 300 
XLLCORNER -180 
YLLCORNER -60 
CELLSIZE 0.5 
NODATA_value -3.4e+38 
[rows 150 to 174 of 300, columns 392 to 447 of 720]
7.54557704925537 6.46485137939453 3.49084639549255 5.96590423583984 8.72092342376709 5.46526908874512 7.91951751708984 9.32642364501953 12.7870168685913 21.5244560241699 76.3426132202148 93.7993240356445 33.5907135009766 16.9639053344727 14.4474229812622 18.4516792297363 52.2322387695312 79.1509704589844 73.9119110107422 75.6523284912109 63.2752113342285 57.8895988464355 50.8301391601562 41.0128326416016 51.0216064453125 49.693058013916 26.0044860839844 30.3427219390869 33.7657928466797 22.0331993103027 20.2522087097168 16.028299331665 12.9848413467407 2.02296304702759 5.12580585479736 12.4565677642822 14.8048839569092 22.6382389068604 21.5340061187744 14.4648160934448 27.0124797821045 130.496536254883 118.124565124512 112.97386932373 187.45231628418 200.836959838867 324.984405517578 746.418518066406 82.7444686889648 70.0332107543945 -3.4e+38 -3.4e+38 -3.4e+38 -3.4e+38 207.368698120117 478.556823730469
6.2708306312561 2.64439725875854 2.65453743934631 3.2124011516571 11.5398283004761 6.54030132293701 5.08915376663208 8.36116218566895 18.3923072814941 63.491813659668 84.6336212158203 59.0180320739746 53.6863975524902 43.2323608398438 18.0278854370117 25.3207511901855 115.478370666504 86.0693511962891 53.0663757324219 83.1000518798828 53.2937965393066 28.1138782501221 29.0714931488037 36.7372016906738 25.6392211914062 20.1540565490723 29.4624271392822 22.1784343719482 19.2485046386719 17.4405517578125 11.4213047027588 10.5734672546387 5.93117713928223 4.69567918777466 11.284610748291 5.02069044113159 15.802131652832 18.8803405761719 31.946044921875 30.0105648040771 27.0982112884521 95.8022308349609 138.043212890625 109.042251586914 245.259353637695 277.750396728516 262.657958984375 759.608154296875 -3.4e+38 211.112869262695 252.450119018555 -3.4e+38 -3.4e+38 -3.4e+38 75.9129409790039 445.077331542969
3.05576634407043 4.98852205276489 4.57591867446899 4.17680835723877 8.83972930908203 4.99147939682007 5.74130344390869 9.88048362731934 17.5610656738281 42.0781173706055 46.9626998901367 67.5160522460938 76.7255477905273 36.8481407165527 28.1344699859619 41.8013687133789 131.561614990234 95.5508422851562 92.5404434204102 73.2412719726562 33.6086273193359 59.8666687011719 57.6691398620605 28.5765953063965 21.825023651123 22.3982696533203 18.0615653991699 18.3427486419678 14.2091503143311 10.7258567810059 7.51755428314209 5.90805959701538 5.41171932220459 12.0996856689453 15.6932964324951 4.2909369468689 6.11942672729492 24.5708904266357 39.7044067382812 34.0938529968262 39.113151550293 93.0012741088867 369.956176757812 178.777328491211 311.368072509766 223.303924560547 248.9921875 580.367919921875 299.160797119141 -3.4e+38 242.681869506836 282.952545166016 -3.4e+38 -3.4e+38 61.2096061706543 443.543151855469
4.44802522659302 6.00625038146973 5.0966625213623 6.5472731590271 6.0042290687561 5.37071132659912 7.63164472579956 14.4224548339844 13.9580307006836 49.8353881835938 39.4430160522461 80.285514831543 45.1138572692871 57.4416275024414 77.3542556762695 61.585147857666 316.864837646484 201.714797973633 53.4798431396484 14.7756147384644 32.6913757324219 30.2805786132812 18.0708427429199 36.2014923095703 20.3250770568848 23.8282699584961 23.4391689300537 38.6358337402344 23.3580169677734 18.0870780944824 8.02976703643799 7.57990455627441 6.09010124206543 15.0992603302002 17.3038902282715 6.3441219329834 4.37850332260132 15.8406391143799 23.42214012146 65.4712219238281 120.83097076416 114.929779052734 499.616668701172 509.670074462891 740.808959960938 336.558990478516 313.229095458984 450.869171142578 320.092895507812 -3.4e+38 136.354614257812 354.935272216797 163.390640258789 -3.4e+38 -3.4e+38 374.537994384766
1.60804426670074 7.35358667373657 4.20378971099854 12.9669408798218 12.7506666183472 11.9226722717285 16.6448936462402 23.3561153411865 12.2162780761719 19.2145004272461 39.3876457214355 43.0525703430176 97.686653137207 68.8252944946289 96.165657043457 95.7334594726562 393.335845947266 148.960556030273 47.5047988891602 25.8149852752686 24.2781219482422 22.8135013580322 10.8209018707275 7.47488641738892 22.507625579834 18.6258678436279 20.9719486236572 35.7155876159668 21.3201160430908 29.0735244750977 24.6244010925293 12.7906703948975 5.03928184509277 9.04421615600586 21.7871913909912 16.8961715698242 5.05222702026367 6.75035953521729 10.843653678894 51.0172119140625 92.1951904296875 192.336700439453 386.813781738281 402.632171630859 331.823425292969 264.978607177734 437.2099609375 509.58154296875 314.807952880859 231.089050292969 176.385375976562 168.361770629883 104.041526794434 143.15380859375 -3.4e+38 136.624359130859
4.04262065887451 6.23998928070068 8.61372661590576 19.1547241210938 45.1505355834961 126.372940063477 32.0524253845215 23.5933609008789 10.2795372009277 31.7181968688965 40.2895164489746 45.4510803222656 52.8200492858887 63.4913520812988 132.185333251953 145.698226928711 80.6302871704102 61.8552398681641 47.9709129333496 18.9393157958984 15.1177158355713 19.3101539611816 8.89151000976562 8.53928565979004 19.2431793212891 25.1397228240967 51.7112998962402 41.510913848877 39.8506660461426 111.518508911133 157.15705871582 56.240478515625 11.8436584472656 2.30997252464294 22.9668025970459 17.0558261871338 7.55066394805908 16.5011215209961 27.6665439605713 83.1902694702148 255.884155273438 390.112609863281 71.9555130004883 289.404724121094 287.592315673828 260.2001953125 460.393951416016 389.788848876953 133.883010864258 135.981918334961 141.798049926758 174.234848022461 198.087219238281 161.19319152832 168.051086425781 -3.4e+38
9.64761257171631 6.02703523635864 8.32435607910156 24.0815734863281 67.3087997436523 47.4471969604492 37.6845855712891 11.3818416595459 24.4540367126465 18.5980224609375 15.3262844085693 22.3508472442627 62.2110633850098 36.5796318054199 61.3771934509277 60.0613708496094 40.1084976196289 37.425464630127 34.7305107116699 13.2090892791748 12.4836654663086 9.55383491516113 10.4430265426636 11.3135604858398 27.806396484375 18.4600448608398 87.3635559082031 54.5900459289551 55.7799186706543 62.644157409668 140.215759277344 67.3795700073242 20.755350112915 6.88270807266235 25.1915664672852 37.7825393676758 42.4253578186035 34.3205337524414 50.9082107543945 92.2325668334961 155.056030273438 378.696685791016 40.6888427734375 247.262451171875 410.142486572266 373.017425537109 463.343963623047 526.207275390625 63.8844528198242 132.846527099609 63.492919921875 266.978820800781 333.137023925781 409.546417236328 -3.4e+38 -3.4e+38
2.73426651954651 1.88877606391907 4.45006561279297 47.2952461242676 74.6846313476562 34.9507141113281 38.207160949707 10.0236034393311 5.77798986434937 8.82412910461426 7.67896366119385 13.9213085174561 31.8664531707764 43.7003021240234 40.7711753845215 31.7599620819092 19.706880569458 31.0235404968262 11.7198648452759 7.94609642028809 7.82847738265991 7.59750843048096 6.38599014282227 10.8771066665649 39.234432220459 24.3051242828369 56.4697685241699 41.14794921875 107.184188842773 82.7526016235352 38.5217781066895 36.9708213806152 9.38262844085693 4.96745777130127 24.0753555297852 95.8284530639648 68.3978652954102 68.2283782958984 143.948516845703 227.733505249023 300.496002197266 394.440277099609 289.050903320312 293.974914550781 340.368316650391 398.530975341797 470.124816894531 455.891235351562 269.459930419922 67.3684539794922 153.850158691406 159.651901245117 144.791763305664 151.995300292969 104.012008666992 -3.4e+38
2.75038647651672 2.37922739982605 2.65881872177124 14.2484312057495 26.4226036071777 45.0993003845215 17.2872180938721 9.17462539672852 5.56036329269409 6.16868877410889 5.66203498840332 5.16529130935669 19.351505279541 26.0773677825928 30.81520652771 13.4724655151367 9.41324901580811 10.5785884857178 8.25206470489502 4.11580371856689 4.40746021270752 4.44903802871704 4.40383243560791 4.91441679000854 14.3442010879517 31.1919555664062 32.7900657653809 52.1179733276367 125.24584197998 46.5710525512695 28.7053146362305 17.6911010742188 3.25100016593933 2.03895330429077 24.6346607208252 39.1591453552246 126.995872497559 149.151306152344 138.15283203125 489.311920166016 228.015396118164 340.445526123047 286.356658935547 423.953308105469 455.095367431641 546.309020996094 488.452606201172 586.838256835938 296.968902587891 93.4724273681641 154.269317626953 124.721778869629 135.391799926758 127.985458374023 127.100036621094 61.2563171386719
2.43175959587097 2.81773853302002 3.09339213371277 10.6326560974121 7.84409141540527 21.6627674102783 13.4929895401001 5.22708892822266 4.88335084915161 4.56512832641602 5.34618234634399 3.96498990058899 18.7886390686035 28.6200160980225 19.3647747039795 24.2272052764893 22.9352359771729 21.6583671569824 13.7459964752197 9.49701595306396 3.65040898323059 2.63213896751404 2.13333106040955 3.03478360176086 4.9586443901062 6.48434734344482 6.35416793823242 14.3022508621216 13.1562337875366 54.1745109558105 15.5265474319458 8.89169788360596 2.33724975585938 2.33865070343018 11.6860876083374 34.6565093994141 228.000228881836 242.71223449707 185.000823974609 307.767730712891 355.271392822266 332.158477783203 389.686370849609 398.253875732422 470.065155029297 275.479064941406 366.537475585938 653.283813476562 297.114624023438 168.529922485352 76.8942718505859 32.8908386230469 87.1047592163086 199.580429077148 297.924896240234 350.430236816406
3.81476545333862 3.59198403358459 4.58319664001465 12.0405502319336 5.06550884246826 37.2372894287109 11.1246213912964 6.15925550460815 3.45453786849976 3.33495306968689 3.49362182617188 22.9205341339111 37.9429550170898 53.7754898071289 33.6131248474121 63.2814292907715 24.463134765625 17.5887966156006 36.1646118164062 32.1487426757812 18.7399864196777 5.29723358154297 3.04112696647644 2.66495370864868 2.5245304107666 2.52036476135254 1.6996237039566 3.97014856338501 5.44339752197266 6.65722942352295 3.05529308319092 2.21232271194458 1.25574934482574 1.33864855766296 7.3609766960144 91.1448135375977 263.156127929688 106.944412231445 275.254150390625 342.839721679688 416.690002441406 293.771636962891 428.566925048828 458.688262939453 409.519836425781 496.909027099609 324.115753173828 697.283569335938 167.538650512695 111.075561523438 136.137451171875 249.674179077148 428.447052001953 309.451446533203 130.25178527832 191.95182800293
17.9697856903076 41.6938323974609 36.0371131896973 71.0771408081055 25.3582897186279 41.9861679077148 2.68036413192749 3.39801454544067 4.64840698242188 13.1027002334595 12.114953994751 18.0468978881836 39.8590087890625 53.7984161376953 148.962371826172 91.6218566894531 38.8305168151855 53.2873954772949 39.7844848632812 30.1885662078857 18.9288806915283 15.7766456604004 6.84930372238159 4.35886287689209 2.31610536575317 1.97050428390503 1.86952316761017 1.94060742855072 1.51812028884888 1.37766313552856 2.19397497177124 2.15597581863403 1.77203595638275 0.946479678153992 3.17485690116882 46.3113098144531 359.409118652344 143.742309570312 104.766181945801 249.402267456055 243.214904785156 317.0146484375 326.953643798828 378.715393066406 317.75341796875 264.3095703125 361.112091064453 605.654602050781 138.827163696289 340.812713623047 332.630615234375 287.424926757812 289.265106201172 146.949249267578 94.1435089111328 74.3962020874023
40.7048072814941 11.5706443786621 13.6262865066528 35.2894554138184 8.99217510223389 8.1320219039917 4.39041137695312 8.9551887512207 67.7840347290039 59.3107490539551 68.2013702392578 83.7386169433594 114.13516998291 142.732391357422 55.9936981201172 73.1290588378906 103.888633728027 76.1315460205078 46.217456817627 35.2270774841309 25.5753803253174 20.0404300689697 23.6296443939209 7.2474365234375 2.76885581016541 3.4494457244873 1.57232582569122 2.07107543945312 1.75121128559113 0.834170162677765 1.17623651027679 1.28930413722992 1.35003399848938 1.87073647975922 1.77426469326019 15.918381690979 201.172882080078 333.492279052734 169.803451538086 165.286468505859 305.192108154297 269.803558349609 234.412551879883 327.526794433594 228.562606811523 229.209014892578 276.167236328125 200.884689331055 416.748901367188 231.263870239258 191.831069946289 192.869781494141 141.696868896484 126.08283996582 109.086448669434 76.3377227783203
38.7858467102051 28.8902378082275 27.5653495788574 8.86105060577393 6.38206720352173 6.54270792007446 9.36162185668945 14.6791639328003 31.0215454101562 74.0591125488281 54.9784545898438 42.8035430908203 41.9714584350586 48.5684547424316 75.4201736450195 54.0553436279297 46.2332992553711 44.7071304321289 51.5854034423828 49.688533782959 34.1591033935547 32.2783851623535 26.529613494873 21.3382186889648 5.22919082641602 4.00050210952759 4.75916051864624 1.47607254981995 2.15620923042297 1.116983294487 2.06933188438416 1.53697836399078 2.31182813644409 1.35789215564728 2.1981360912323 3.89438796043396 48.6682319641113 369.691864013672 245.417266845703 234.580718994141 194.133697509766 227.023376464844 293.230346679688 258.220428466797 449.519622802734 232.105911254883 382.421112060547 454.073669433594 379.928894042969 160.956771850586 189.246536254883 127.492393493652 119.296485900879 131.613525390625 88.6992263793945 106.896537780762
37.6745872497559 24.4178714752197 20.9818210601807 12.7756938934326 11.8038816452026 12.3139495849609 14.958514213562 17.9069843292236 17.2714252471924 61.2120246887207 36.1048545837402 30.2580261230469 42.8601303100586 42.9588470458984 47.9005470275879 34.6719093322754 38.1330299377441 31.7735729217529 27.1837863922119 35.071418762207 37.1762275695801 31.5210514068604 27.8877334594727 24.8363990783691 24.570276260376 4.39000272750854 4.30819892883301 2.97650241851807 2.25965118408203 2.25378894805908 2.09132146835327 1.61240518093109 1.77705061435699 2.09169936180115 1.72044885158539 4.02892684936523 28.6401710510254 356.304992675781 407.217803955078 249.024337768555 279.813171386719 232.374923706055 322.322967529297 457.040863037109 322.716217041016 284.295318603516 482.361785888672 311.510009765625 392.473571777344 220.837799072266 159.609130859375 135.675888061523 97.1891098022461 79.4544982910156 52.9973602294922 70.1235046386719
85.5149002075195 40.3116455078125 44.4843139648438 26.2229499816895 18.7556304931641 24.6537132263184 34.1616592407227 38.5089836120605 25.3527755737305 32.5455322265625 51.5188217163086 28.3766422271729 29.0930728912354 30.2960758209229 38.3257179260254 30.4580574035645 27.7242240905762 23.1972465515137 33.5985679626465 41.0532569885254 47.7991104125977 27.6992015838623 27.6877517700195 23.8689346313477 22.3629417419434 19.0305690765381 5.48978996276855 3.78779125213623 3.90913414955139 2.55678772926331 1.40733814239502 2.22441673278809 1.93121707439423 1.75552380084991 1.79194521903992 5.45022964477539 26.0958728790283 118.25080871582 454.338165283203 374.562866210938 349.118713378906 467.864929199219 499.303527832031 319.678558349609 129.761520385742 435.290252685547 356.801391601562 584.854858398438 301.07080078125 252.515731811523 172.091247558594 98.9367218017578 134.287246704102 148.172119140625 118.279312133789 102.653694152832
109.657287597656 37.0146751403809 33.7041435241699 24.3861141204834 25.5186042785645 38.1465377807617 30.3539428710938 36.4486656188965 37.6537208557129 37.4564628601074 54.0518188476562 38.5619239807129 26.3315258026123 23.9667434692383 35.6191864013672 39.3312034606934 37.6269683837891 29.3993129730225 21.2211399078369 35.175838470459 39.0045394897461 29.9082069396973 25.7060413360596 29.7195281982422 27.0821056365967 22.145414352417 20.5764198303223 17.7913856506348 6.7961688041687 24.5067481994629 4.33851432800293 2.04366946220398 1.756427526474 2.18234705924988 2.01140570640564 8.98503684997559 29.6736011505127 295.688598632812 388.964813232422 349.969482421875 378.785186767578 412.267303466797 406.590850830078 297.531921386719 264.140777587891 238.295455932617 439.365692138672 887.839538574219 556.199279785156 178.774856567383 118.906280517578 208.416107177734 129.862609863281 128.508285522461 75.6894607543945 120.166122436523
77.9411315917969 60.8049201965332 46.6136894226074 54.0568542480469 33.6805458068848 35.7332077026367 26.1826152801514 29.5700702667236 29.3216438293457 41.9358558654785 41.5633697509766 40.5636825561523 36.4150619506836 26.0943698883057 37.8318290710449 32.8545989990234 41.7368431091309 35.6712265014648 23.0649166107178 21.0315914154053 26.7837448120117 49.5272827148438 25.7308483123779 36.9085845947266 42.414981842041 24.369800567627 22.4009265899658 22.1160659790039 26.7073421478271 17.5845069885254 6.41908407211304 3.27163887023926 2.07236862182617 2.5141978263855 3.47198104858398 20.8348655700684 156.104537963867 172.793548583984 288.135650634766 485.221618652344 282.249328613281 534.980590820312 643.858154296875 494.345977783203 527.834106445312 367.674346923828 293.247528076172 177.424621582031 121.517768859863 155.23713684082 119.251686096191 216.104400634766 192.219100952148 59.9723587036133 41.7858009338379 88.501708984375
67.3465576171875 64.7096481323242 32.9922332763672 18.6270847320557 34.9955978393555 41.5262336730957 38.0991325378418 47.6333351135254 47.921028137207 51.8427124023438 26.3810138702393 22.7756595611572 25.5540428161621 42.6094779968262 29.0369529724121 34.3673820495605 23.7364330291748 29.1690845489502 25.7314853668213 26.5486927032471 17.6610164642334 24.1850719451904 37.7194900512695 31.5667171478271 30.6129264831543 30.036714553833 34.067497253418 32.0039253234863 32.0113754272461 25.8316421508789 25.8397979736328 5.21723794937134 3.68219256401062 6.02259731292725 8.43462085723877 12.8061008453369 95.8321762084961 212.906326293945 217.764404296875 182.169052124023 242.859298706055 435.872711181641 461.235992431641 417.955718994141 293.238494873047 230.546432495117 192.817520141602 176.768676757812 202.15478515625 215.319915771484 120.032440185547 114.434837341309 182.947265625 83.9144134521484 88.3794708251953 106.896949768066
77.8999938964844 71.721794128418 23.7334098815918 44.5956497192383 50.2351379394531 51.7518424987793 27.9816207885742 28.2479839324951 49.5412673950195 77.4602661132812 43.0001411437988 33.9986190795898 43.2577934265137 26.8499145507812 21.8134860992432 20.2099533081055 27.3698291778564 26.1542911529541 33.9545745849609 33.5089302062988 23.8523960113525 21.5896186828613 26.5951366424561 34.0936508178711 29.9123783111572 29.1118774414062 34.3790321350098 39.085033416748 49.7770767211914 43.6221961975098 33.0762252807617 19.9512901306152 11.8953657150269 13.1795024871826 23.9496784210205 39.2806930541992 33.4258308410645 140.009017944336 146.051818847656 91.8810272216797 243.977310180664 365.018829345703 327.440582275391 317.893188476562 137.966110229492 150.677932739258 218.654693603516 167.330932617188 154.096908569336 169.82666015625 196.32048034668 99.6801223754883 92.036003112793 86.2375259399414 52.3949012756348 88.9239349365234
66.8604888916016 49.0189094543457 48.1677627563477 108.56160736084 69.7543869018555 59.6851081848145 79.2726058959961 70.9905242919922 46.400749206543 71.1513519287109 55.0590209960938 54.403491973877 53.6388473510742 18.1806926727295 22.6886043548584 18.5824356079102 24.800464630127 16.0726261138916 17.2853450775146 20.9485340118408 29.1272373199463 18.2570629119873 17.0375556945801 25.5707950592041 24.6341590881348 33.7324295043945 47.4356689453125 70.0142593383789 45.6681976318359 73.4567337036133 97.940055847168 80.0821914672852 74.0599670410156 169.017181396484 87.6530914306641 99.9651107788086 75.4026870727539 13.841157913208 245.623138427734 213.920349121094 162.837707519531 237.400634765625 237.540374755859 161.130661010742 157.899536132812 148.298385620117 110.350616455078 195.877624511719 182.430938720703 148.314971923828 155.229583740234 79.500862121582 46.5280113220215 44.2500305175781 24.0792446136475 88.5772552490234
56.8963394165039 58.459545135498 49.5563735961914 61.8518028259277 15.3965158462524 69.1756439208984 83.1569900512695 80.7087554931641 37.0145263671875 28.9175605773926 64.2602233886719 42.6862449645996 29.769889831543 39.1001281738281 18.3594074249268 15.1389274597168 14.4731559753418 16.3975696563721 18.4048252105713 16.9024696350098 27.393123626709 27.1364250183105 17.7326946258545 13.1308441162109 21.2506637573242 20.5495700836182 20.6633739471436 30.2023906707764 31.4274940490723 54.0886650085449 133.779525756836 101.096984863281 108.644592285156 405.606719970703 254.330474853516 305.267456054688 200.602035522461 43.5098648071289 79.0199279785156 199.067016601562 84.3551254272461 105.076622009277 174.206512451172 222.233734130859 172.997604370117 82.3138809204102 88.693359375 113.256454467773 83.8676452636719 149.153533935547 148.102493286133 72.7772598266602 25.514404296875 61.4291191101074 43.7075157165527 70.3704528808594
67.4673156738281 50.4087677001953 54.1940269470215 44.3367538452148 20.2123107910156 11.9100723266602 12.2913551330566 25.2776050567627 26.7774353027344 27.5247478485107 43.6912612915039 31.2796974182129 23.3789291381836 36.4090347290039 32.6822242736816 33.7238616943359 19.7838764190674 15.0525722503662 12.113525390625 15.074517250061 12.7407398223877 20.6976585388184 21.0881481170654 16.9671306610107 13.8645124435425 13.8884334564209 18.6050434112549 27.096887588501 69.6785278320312 107.25659942627 85.8426895141602 143.101623535156 79.1634750366211 459.788940429688 239.374710083008 214.416870117188 377.256042480469 91.9140625 116.751708984375 125.441398620605 86.0979919433594 77.1297454833984 74.1673202514648 136.374282836914 261.635528564453 217.629058837891 77.2610702514648 91.379035949707 93.9756698608398 95.3236465454102 103.415145874023 73.7059860229492 33.1173324584961 56.8839073181152 39.8592185974121 56.0050888061523
54.6664962768555 50.4583587646484 44.3888931274414 40.0090370178223 24.8625068664551 9.78916358947754 10.0240888595581 37.918872833252 27.0671920776367 36.6370391845703 39.9299011230469 32.8504829406738 35.7574043273926 29.7032928466797 42.4801979064941 38.7485809326172 46.1462059020996 47.3290748596191 19.5727024078369 14.403528213501 14.2064933776855 16.7124328613281 16.5617923736572 16.2892570495605 24.8720531463623 31.9946174621582 54.5171546936035 58.4897842407227 67.6785125732422 46.5645751953125 144.982360839844 137.785263061523 105.899436950684 66.2162017822266 80.5848693847656 144.893051147461 165.646530151367 250.425079345703 268.179962158203 58.5979690551758 83.6434860229492 95.6631393432617 75.549560546875 247.934860229492 57.3716125488281 39.4024505615234 112.553657531738 110.131454467773 45.3408355712891 90.453742980957 79.9767913818359 58.1140289306641 77.3984069824219 67.8028945922852 39.3338241577148 97.1943054199219
43.8905410766602 37.8832664489746 42.9411315917969 11.4232778549194 16.8616352081299 24.1466178894043 24.3017177581787 26.5856704711914 28.3727703094482 30.8928203582764 29.3570613861084 27.0924453735352 33.2580070495605 39.7284317016602 46.5870704650879 46.7551116943359 32.2267646789551 15.5577068328857 57.9613151550293 20.5587177276611 18.8714485168457 18.7806129455566 20.874174118042 20.6198081970215 16.8234462738037 26.6589031219482 64.0558090209961 82.9117126464844 105.426292419434 129.621170043945 123.391639709473 99.611442565918 39.6794471740723 36.5613555908203 23.5789470672607 86.6500244140625 56.7143478393555 286.029602050781 111.276809692383 115.498382568359 113.105659484863 332.12939453125 127.956314086914 80.1769485473633 72.7194671630859 44.0341949462891 38.7817001342773 79.7295227050781 41.7932281494141 36.1336822509766 44.8731307983398 80.8020401000977 65.1729049682617 53.5841026306152 60.4918899536133 52.8025093078613
