rasters/terrain/rugosity.asc
NCOLS 720 
NROWS 300 
XLLCORNER -180 
YLLCORNER -60 
CELLSIZE 0.5 
NODATA_value -3.4e+38 
[rows 25 to 49 of 300, columns 112 to 167 of 720]
-3.4e+38 -3.4e+38 -3.4e+38 -3.4e+38 -3.4e+38 -3.4e+38 -3.4e+38 -3.4e+38 -3.4e+38 10.6651020050049 11.7258071899414 9.67377185821533 24.0016403198242 20.4930000305176 13.8968410491943 5.84026956558228 -3.4e+38 -3.4e+38 -3.4e+38 -3.4e+38 -3.4e+38 -3.4e+38 -3.4e+38 -3.4e+38 -3.4e+38 -3.4e+38 -3.4e+38 -3.4e+38 -3.4e+38 -3.4e+38 -3.4e+38 -3.4e+38 -3.4e+38 -3.4e+38 -3.4e+38 -3.4e+38 -3.4e+38 17.3974437713623 17.5848922729492 -3.4e+38 -3.4e+38 -3.4e+38 -3.4e+38 -3.4e+38 -3.4e+38 -3.4e+38 -3.4e+38 -3.4e+38 -3.4e+38 -3.4e+38 -3.4e+38 -3.4e+38 -3.4e+38 -3.4e+38 -3.4e+38 -3.4e+38
-3.4e+38 -3.4e+38 -3.4e+38 -3.4e+38 -3.4e+38 -3.4e+38 -3.4e+38 17.4044170379639 30.2055778503418 26.1241569519043 36.7717475891113 -3.4e+38 67.8280487060547 26.2876567840576 53.2700500488281 43.7301483154297 -3.4e+38 -3.4e+38 -3.4e+38 -3.4e+38 -3.4e+38 -3.4e+38 -3.4e+38 -3.4e+38 -3.4e+38 -3.4e+38 -3.4e+38 -3.4e+38 -3.4e+38 49.611328125 44.5532417297363 -3.4e+38 -3.4e+38 -3.4e+38 -3.4e+38 -3.4e+38 -3.4e+38 -3.4e+38 -3.4e+38 -3.4e+38 -3.4e+38 -3.4e+38 -3.4e+38 -3.4e+38 -3.4e+38 -3.4e+38 -3.4e+38 -3.4e+38 -3.4e+38 -3.4e+38 -3.4e+38 -3.4e+38 -3.4e+38 -3.4e+38 68.2469177246094 57.2501029968262
-3.4e+38 -3.4e+38 -3.4e+38 7.36351728439331 9.80118179321289 25.6570453643799 21.5866222381592 44.0023727416992 62.6753883361816 47.7866363525391 -3.4e+38 -3.4e+38 -3.4e+38 -3.4e+38 -3.4e+38 -3.4e+38 85.881233215332 100.892875671387 71.3596038818359 59.416259765625 -3.4e+38 -3.4e+38 -3.4e+38 -3.4e+38 -3.4e+38 -3.4e+38 -3.4e+38 -3.4e+38 -3.4e+38 34.7408103942871 53.8002624511719 35.4865417480469 -3.4e+38 -3.4e+38 -3.4e+38 -3.4e+38 -3.4e+38 -3.4e+38 -3.4e+38 49.2945709228516 55.3010368347168 54.0214195251465 56.5157165527344 -3.4e+38 75.1736373901367 61.500617980957 -3.4e+38 59.987190246582 40.4515953063965 43.3489875793457 32.4321441650391 43.4562454223633 62.2355804443359 -3.4e+38 -3.4e+38 -3.4e+38
-3.4e+38 -3.4e+38 -3.4e+38 -3.4e+38 -3.4e+38 -3.4e+38 -3.4e+38 -3.4e+38 -3.4e+38 -3.4e+38 73.9746551513672 67.4250183105469 -3.4e+38 -3.4e+38 76.17431640625 100.383346557617 96.6577987670898 125.669486999512 163.027786254883 137.82975769043 140.962738037109 80.7629547119141 88.9813995361328 94.6942825317383 54.9451866149902 -3.4e+38 -3.4e+38 -3.4e+38 -3.4e+38 -3.4e+38 58.9875793457031 43.9012908935547 47.4179496765137 34.9359359741211 39.7008056640625 62.0274848937988 49.8654823303223 -3.4e+38 -3.4e+38 -3.4e+38 -3.4e+38 -3.4e+38 -3.4e+38 50.9572601318359 51.7929344177246 50.1838150024414 42.4478874206543 48.5545768737793 68.4576416015625 40.187313079834 29.9693737030029 44.5016593933105 46.6809730529785 -3.4e+38 -3.4e+38 -3.4e+38
-3.4e+38 -3.4e+38 -3.4e+38 -3.4e+38 -3.4e+38 -3.4e+38 -3.4e+38 -3.4e+38 -3.4e+38 -3.4e+38 -3.4e+38 -3.4e+38 -3.4e+38 71.4297866821289 98.599479675293 106.06925201416 123.163726806641 180.852783203125 187.516204833984 162.36474609375 122.940795898438 165.504364013672 169.301315307617 137.262252807617 44.6187057495117 48.8541870117188 25.1448726654053 39.4893074035645 35.3852615356445 48.6431312561035 38.2157554626465 44.1442565917969 47.2559471130371 32.1850471496582 43.2706565856934 59.8871269226074 -3.4e+38 -3.4e+38 -3.4e+38 15.7882452011108 -3.4e+38 -3.4e+38 -3.4e+38 -3.4e+38 -3.4e+38 -3.4e+38 -3.4e+38 43.5191688537598 50.9133148193359 47.0731773376465 40.7607955932617 60.0233688354492 -3.4e+38 -3.4e+38 -3.4e+38 48.7621231079102
-3.4e+38 -3.4e+38 -3.4e+38 -3.4e+38 -3.4e+38 -3.4e+38 -3.4e+38 -3.4e+38 -3.4e+38 -3.4e+38 -3.4e+38 -3.4e+38 -3.4e+38 -3.4e+38 -3.4e+38 -3.4e+38 -3.4e+38 -3.4e+38 -3.4e+38 -3.4e+38 66.1425247192383 36.5550231933594 40.7716903686523 28.0824165344238 47.6718139648438 57.5606155395508 42.5146598815918 -3.4e+38 -3.4e+38 -3.4e+38 -3.4e+38 -3.4e+38 -3.4e+38 -3.4e+38 -3.4e+38 -3.4e+38 -3.4e+38 -3.4e+38 -3.4e+38 -3.4e+38 -3.4e+38 -3.4e+38 -3.4e+38 -3.4e+38 -3.4e+38 -3.4e+38 -3.4e+38 -3.4e+38 -3.4e+38 -3.4e+38 -3.4e+38 -3.4e+38 -3.4e+38 -3.4e+38 -3.4e+38 -3.4e+38
22.8891143798828 53.7583618164062 35.5385971069336 57.8213081359863 76.3571014404297 60.7767677307129 74.4843063354492 59.4350051879883 -3.4e+38 -3.4e+38 -3.4e+38 92.0864791870117 80.8327560424805 -3.4e+38 -3.4e+38 -3.4e+38 -3.4e+38 -3.4e+38 -3.4e+38 -3.4e+38 -3.4e+38 -3.4e+38 -3.4e+38 -3.4e+38 -3.4e+38 -3.4e+38 -3.4e+38 -3.4e+38 -3.4e+38 -3.4e+38 -3.4e+38 -3.4e+38 -3.4e+38 -3.4e+38 -3.4e+38 -3.4e+38 -3.4e+38 -3.4e+38 -3.4e+38 -3.4e+38 -3.4e+38 -3.4e+38 -3.4e+38 -3.4e+38 -3.4e+38 -3.4e+38 -3.4e+38 -3.4e+38 -3.4e+38 -3.4e+38 -3.4e+38 -3.4e+38 -3.4e+38 -3.4e+38 -3.4e+38 -3.4e+38
27.8318138122559 60.6757965087891 23.6737785339355 42.3845863342285 37.0717544555664 54.5444564819336 58.8144874572754 62.3880500793457 53.1067047119141 78.3661499023438 74.6260833740234 46.5596656799316 47.6156845092773 58.5368003845215 32.7324981689453 37.271785736084 -3.4e+38 -3.4e+38 -3.4e+38 -3.4e+38 -3.4e+38 -3.4e+38 -3.4e+38 -3.4e+38 -3.4e+38 -3.4e+38 -3.4e+38 -3.4e+38 -3.4e+38 -3.4e+38 -3.4e+38 -3.4e+38 -3.4e+38 -3.4e+38 -3.4e+38 57.8741607666016 -3.4e+38 -3.4e+38 -3.4e+38 -3.4e+38 -3.4e+38 -3.4e+38 -3.4e+38 -3.4e+38 -3.4e+38 -3.4e+38 27.6701545715332 56.0166206359863 37.4859313964844 55.0900459289551 63.4108428955078 44.7934417724609 65.8442993164062 57.1777381896973 -3.4e+38 -3.4e+38
72.9771499633789 53.0057106018066 45.2828178405762 54.088996887207 37.8587951660156 56.5466537475586 52.9528884887695 68.0341873168945 65.4839553833008 47.5838737487793 24.2842388153076 63.2328453063965 67.7525253295898 36.8385887145996 119.423133850098 55.4580574035645 -3.4e+38 -3.4e+38 52.095100402832 79.0127639770508 -3.4e+38 -3.4e+38 -3.4e+38 -3.4e+38 -3.4e+38 -3.4e+38 -3.4e+38 -3.4e+38 -3.4e+38 -3.4e+38 -3.4e+38 -3.4e+38 61.2867736816406 -3.4e+38 57.2457618713379 58.9301910400391 65.3668670654297 51.0830993652344 68.6496429443359 -3.4e+38 -3.4e+38 -3.4e+38 -3.4e+38 -3.4e+38 -3.4e+38 -3.4e+38 -3.4e+38 61.2675552368164 38.5972099304199 28.7428073883057 36.3854179382324 44.6327743530273 -3.4e+38 -3.4e+38 -3.4e+38 -3.4e+38
67.148551940918 57.5500907897949 48.8140754699707 52.2077789306641 55.8625907897949 33.2443962097168 50.7625885009766 40.5994415283203 41.381217956543 71.7502365112305 71.3410263061523 -3.4e+38 -3.4e+38 55.0014533996582 73.970100402832 55.1742172241211 39.189453125 55.8612442016602 82.9387969970703 68.786376953125 -3.4e+38 63.5859985351562 50.45361328125 59.6268920898438 63.1383934020996 -3.4e+38 -3.4e+38 -3.4e+38 83.4491424560547 94.3629608154297 -3.4e+38 -3.4e+38 47.7084541320801 41.5519371032715 31.3231678009033 44.1909408569336 40.3957710266113 -3.4e+38 -3.4e+38 -3.4e+38 -3.4e+38 -3.4e+38 -3.4e+38 27.4773979187012 16.0802421569824 -3.4e+38 7.68809700012207 7.69200706481934 24.5108776092529 26.9797554016113 25.5339736938477 36.8127021789551 46.8948516845703 24.3340148925781 76.8025512695312 -3.4e+38
60.4359664916992 65.4856872558594 68.4711227416992 50.9132347106934 43.6862831115723 48.3063888549805 48.724666595459 66.6222763061523 69.1378479003906 -3.4e+38 -3.4e+38 -3.4e+38 69.6067810058594 49.766529083252 61.6659164428711 51.4546928405762 58.9679412841797 88.4837493896484 98.7473754882812 78.026252746582 40.050350189209 38.3278160095215 39.4323654174805 52.7065124511719 112.203178405762 101.746170043945 100.900184631348 114.091178894043 93.0895614624023 67.3171234130859 68.6395416259766 -3.4e+38 -3.4e+38 66.9876251220703 39.383731842041 58.8524856567383 40.3276062011719 21.4798564910889 -3.4e+38 -3.4e+38 -3.4e+38 -3.4e+38 -3.4e+38 -3.4e+38 -3.4e+38 -3.4e+38 0 9.21860694885254 20.0711116790771 14.8514251708984 41.2378349304199 20.2121391296387 46.09130859375 39.2850914001465 67.2919540405273 -3.4e+38
64.693473815918 65.3577575683594 59.3925552368164 55.7342300415039 100.680549621582 53.7062797546387 86.5765228271484 -3.4e+38 -3.4e+38 -3.4e+38 99.0281829833984 95.496208190918 89.4346618652344 63.208568572998 45.9919929504395 78.2278137207031 100.600219726562 77.5767440795898 52.2147598266602 43.8322792053223 54.4865913391113 37.321834564209 87.4679946899414 64.6178131103516 77.2117462158203 33.7517051696777 28.5803852081299 40.0229454040527 52.0615730285645 63.3933372497559 31.3139934539795 24.8796005249023 -3.4e+38 14.6040468215942 38.1787757873535 38.484447479248 21.0777606964111 30.0133323669434 14.6398639678955 -3.4e+38 -3.4e+38 -3.4e+38 -3.4e+38 -3.4e+38 -3.4e+38 -3.4e+38 -3.4e+38 -3.4e+38 -3.4e+38 13.1050357818604 25.4793949127197 13.9857549667358 40.2101173400879 36.6820831298828 -3.4e+38 -3.4e+38
-3.4e+38 139.086212158203 155.949295043945 140.694442749023 -3.4e+38 -3.4e+38 -3.4e+38 -3.4e+38 -3.4e+38 -3.4e+38 -3.4e+38 -3.4e+38 -3.4e+38 -3.4e+38 108.093597412109 152.707946777344 109.768646240234 101.950317382812 69.0829925537109 51.5303421020508 58.1668548583984 52.6191024780273 41.1821327209473 40.9342308044434 46.6077690124512 27.7589702606201 15.5160665512085 39.2840919494629 32.1602249145508 14.2576389312744 25.0435009002686 34.0592422485352 45.2150230407715 17.8068828582764 18.3709678649902 17.8553256988525 26.4469108581543 32.3498229980469 24.2934284210205 -3.4e+38 -3.4e+38 -3.4e+38 -3.4e+38 -3.4e+38 -3.4e+38 -3.4e+38 -3.4e+38 -3.4e+38 -3.4e+38 -3.4e+38 -3.4e+38 -3.4e+38 -3.4e+38 -3.4e+38 -3.4e+38 95.4254837036133
-3.4e+38 -3.4e+38 -3.4e+38 -3.4e+38 -3.4e+38 -3.4e+38 -3.4e+38 -3.4e+38 -3.4e+38 -3.4e+38 -3.4e+38 -3.4e+38 100.645668029785 109.909576416016 138.624526977539 137.911178588867 153.635391235352 170.40852355957 169.941619873047 164.121154785156 146.045455932617 133.797607421875 104.718681335449 74.0605926513672 46.4867401123047 50.8208923339844 35.0930786132812 20.8954448699951 29.6644172668457 15.615291595459 24.3418025970459 27.786828994751 13.5420637130737 19.6735210418701 27.284143447876 21.4427947998047 17.6575775146484 15.3962907791138 17.9466438293457 21.4637489318848 -3.4e+38 -3.4e+38 -3.4e+38 -3.4e+38 -3.4e+38 -3.4e+38 -3.4e+38 -3.4e+38 -3.4e+38 -3.4e+38 -3.4e+38 -3.4e+38 -3.4e+38 -3.4e+38 -3.4e+38 60.8354454040527
-3.4e+38 -3.4e+38 -3.4e+38 -3.4e+38 -3.4e+38 -3.4e+38 -3.4e+38 -3.4e+38 -3.4e+38 -3.4e+38 -3.4e+38 -3.4e+38 -3.4e+38 -3.4e+38 -3.4e+38 -3.4e+38 70.8571929931641 168.412094116211 165.541748046875 164.010711669922 142.29084777832 122.014381408691 100.102241516113 77.6183242797852 54.731632232666 36.6671371459961 33.2460823059082 39.1887168884277 18.9345836639404 24.8182468414307 30.1805820465088 31.9377002716064 31.9772357940674 28.6749458312988 33.8425979614258 23.244421005249 26.4548053741455 20.8644905090332 21.6521129608154 12.5731811523438 12.9433403015137 13.4861555099487 12.8566236495972 8.75507164001465 7.74267911911011 -3.4e+38 -3.4e+38 -3.4e+38 -3.4e+38 -3.4e+38 -3.4e+38 -3.4e+38 -3.4e+38 -3.4e+38 -3.4e+38 32.1435165405273
-3.4e+38 -3.4e+38 76.891716003418 150.842758178711 186.414047241211 -3.4e+38 -3.4e+38 -3.4e+38 -3.4e+38 -3.4e+38 -3.4e+38 -3.4e+38 -3.4e+38 -3.4e+38 70.527587890625 68.327766418457 38.5956802368164 30.5941791534424 33.7988243103027 49.9147644042969 46.4084167480469 36.627124786377 42.0276298522949 36.7383117675781 29.9345855712891 25.357105255127 32.3999137878418 19.4847354888916 19.1439323425293 24.0990314483643 18.4653263092041 16.5634689331055 27.7448539733887 24.7293357849121 31.9647560119629 33.1789817810059 35.2780342102051 29.4413986206055 26.6490077972412 19.9756984710693 25.2558155059814 17.8955326080322 10.2946786880493 -3.4e+38 8.50380992889404 8.01731014251709 -3.4e+38 -3.4e+38 -3.4e+38 -3.4e+38 -3.4e+38 -3.4e+38 14.8797302246094 -3.4e+38 -3.4e+38 -3.4e+38
112.254447937012 103.45263671875 98.7669525146484 113.273513793945 124.783981323242 114.067459106445 146.967544555664 180.476470947266 154.410400390625 123.122200012207 -3.4e+38 -3.4e+38 -3.4e+38 -3.4e+38 -3.4e+38 -3.4e+38 -3.4e+38 -3.4e+38 -3.4e+38 -3.4e+38 58.7893600463867 56.1269760131836 56.5072441101074 48.6128425598145 34.8194618225098 29.8657035827637 19.9299163818359 28.5664138793945 29.4003295898438 35.0185813903809 30.183895111084 48.0733070373535 26.8737487792969 28.4236164093018 -3.4e+38 22.3178958892822 18.8494491577148 22.4719467163086 17.5324745178223 15.9008817672729 13.3511333465576 16.0579586029053 16.5440979003906 11.7458667755127 -3.4e+38 -3.4e+38 -3.4e+38 -3.4e+38 -3.4e+38 -3.4e+38 -3.4e+38 9.72817516326904 13.4675045013428 14.0168809890747 19.2974948883057 14.1869459152222
66.2087860107422 59.5308265686035 50.6974716186523 75.6982650756836 62.9146499633789 39.5120964050293 40.5763397216797 39.8433647155762 34.8837547302246 70.3337478637695 113.47412109375 49.3584785461426 59.6749839782715 65.8921661376953 57.6235122680664 48.0766448974609 29.4134902954102 26.9437847137451 18.4572257995605 -3.4e+38 -3.4e+38 26.7007694244385 44.8826484680176 39.5415878295898 36.3857345581055 38.7187080383301 45.8195648193359 35.3096542358398 37.5695686340332 37.4105758666992 -3.4e+38 -3.4e+38 -3.4e+38 -3.4e+38 46.0087089538574 52.6427536010742 47.2403259277344 -3.4e+38 -3.4e+38 -3.4e+38 -3.4e+38 -3.4e+38 -3.4e+38 -3.4e+38 10.320839881897 -3.4e+38 -3.4e+38 8.05262088775635 -3.4e+38 -3.4e+38 -3.4e+38 -3.4e+38 23.1183319091797 23.7280960083008 14.5721197128296 13.9343013763428
51.0592880249023 70.8176803588867 33.2748832702637 38.0278205871582 58.7486724853516 46.8627052307129 54.7073020935059 39.9742469787598 44.1707572937012 87.4926452636719 68.4530868530273 70.1893997192383 56.311450958252 47.3808059692383 25.4229640960693 37.3313903808594 49.1080055236816 56.5652885437012 23.1641120910645 -3.4e+38 -3.4e+38 -3.4e+38 -3.4e+38 -3.4e+38 -3.4e+38 -3.4e+38 -3.4e+38 -3.4e+38 -3.4e+38 -3.4e+38 -3.4e+38 13.7600612640381 21.3948268890381 -3.4e+38 -3.4e+38 19.9736042022705 22.5101718902588 15.0509204864502 13.9846448898315 -3.4e+38 -3.4e+38 -3.4e+38 -3.4e+38 -3.4e+38 -3.4e+38 -3.4e+38 -3.4e+38 -3.4e+38 -3.4e+38 -3.4e+38 -3.4e+38 10.1695318222046 11.1145143508911 14.141505241394 11.649772644043 6.72515296936035
30.1935253143311 35.4412117004395 42.9562530517578 26.912805557251 41.9681167602539 34.6526565551758 42.8999824523926 77.643196105957 110.493705749512 41.8625831604004 83.0518112182617 99.7443466186523 134.792083740234 157.895858764648 118.00276184082 93.4638900756836 83.9905090332031 100.236610412598 110.409057617188 114.57559967041 -3.4e+38 -3.4e+38 -3.4e+38 -3.4e+38 -3.4e+38 91.5003356933594 76.2708358764648 68.2639465332031 77.5744476318359 46.1056060791016 -3.4e+38 -3.4e+38 40.6120986938477 37.8201942443848 27.5799980163574 25.3941421508789 22.4361896514893 21.4574718475342 21.5157279968262 28.375804901123 31.0263004302979 19.2681999206543 13.2394990921021 17.4759750366211 9.55177211761475 14.7148656845093 12.5124053955078 11.4216299057007 13.6829042434692 10.2440824508667 8.07888221740723 9.65563106536865 13.4067392349243 14.7425241470337 14.2557830810547 13.7734212875366
24.2325496673584 14.7262926101685 46.4815902709961 83.2222366333008 123.809860229492 99.874137878418 71.273078918457 56.389575958252 70.2307357788086 85.111328125 70.5793991088867 75.17724609375 110.783638000488 91.517951965332 107.568305969238 86.6511459350586 83.4602279663086 82.3425445556641 62.959114074707 56.1975135803223 41.2214164733887 25.2859516143799 33.155891418457 96.6603698730469 58.911060333252 50.317699432373 48.0438537597656 40.7056999206543 40.5474548339844 89.9376983642578 87.4324111938477 53.3358116149902 -3.4e+38 47.8566093444824 36.9534378051758 23.2718925476074 23.88991355896 24.730375289917 25.3214130401611 20.8582649230957 21.9403648376465 20.7110729217529 26.5050354003906 28.8115692138672 24.7008876800537 21.9052734375 22.3307933807373 24.6069602966309 20.4483070373535 21.3548831939697 17.6964530944824 22.3289375305176 15.9138021469116 21.1369476318359 20.0854091644287 8.82855796813965
10.0864963531494 62.8494567871094 125.618537902832 115.825386047363 59.1993293762207 14.8369750976562 10.2179908752441 5.22065544128418 56.0827941894531 60.0133438110352 30.7443523406982 60.9061164855957 126.605880737305 127.804298400879 82.0373458862305 99.8886642456055 80.3284606933594 80.6850280761719 99.4978866577148 49.7423210144043 25.009334564209 51.3857307434082 67.2394561767578 27.3965091705322 27.7861423492432 45.1432151794434 64.293327331543 52.9272918701172 47.0005187988281 27.1675243377686 47.7370338439941 104.048248291016 76.6275634765625 68.9821014404297 45.5992622375488 56.5563278198242 38.6317291259766 34.1230278015137 15.8256416320801 18.5242233276367 16.5613212585449 16.6284809112549 13.2741785049438 18.3955631256104 12.7152986526489 10.2663164138794 12.2712860107422 23.1769371032715 16.2472991943359 19.5032119750977 23.3726482391357 18.6495990753174 20.6090755462646 18.7281608581543 18.2115478515625 32.8138313293457
51.2688865661621 48.4396667480469 65.6460037231445 139.028610229492 115.330230712891 56.3514709472656 0 4.96738529205322 40.2664031982422 55.7553176879883 65.1661071777344 48.0600280761719 65.678825378418 10.5916500091553 30.7393398284912 44.9639167785645 53.3285942077637 54.3350067138672 33.0475463867188 35.5173606872559 73.6206359863281 63.6332969665527 44.230110168457 69.9099807739258 57.6079902648926 55.2236747741699 52.9079093933105 41.5993576049805 94.8742828369141 49.0519638061523 28.6775646209717 24.5900802612305 76.5810699462891 106.905265808105 67.4312515258789 10.6739625930786 14.3081569671631 22.4450416564941 25.605016708374 21.4807434082031 15.2642641067505 14.2597465515137 7.65787220001221 4.10870265960693 8.43977832794189 3.92471408843994 4.731360912323 28.5698699951172 26.7416400909424 6.66071605682373 8.3834810256958 8.07206535339355 17.3651351928711 26.1950969696045 33.6837043762207 40.307243347168
49.8333282470703 33.5236778259277 95.4877166748047 97.1986389160156 62.5114593505859 43.542552947998 73.0026168823242 14.9035472869873 36.943244934082 68.8067474365234 69.5349502563477 68.2371673583984 27.9420108795166 10.7524976730347 53.1426086425781 39.029972076416 37.454460144043 34.7578277587891 70.2315216064453 85.0984268188477 43.2976417541504 52.9305076599121 59.7362861633301 35.5391273498535 40.9453506469727 50.3876724243164 48.5237655639648 39.7926254272461 30.837474822998 35.6731262207031 33.8037033081055 36.4003448486328 26.834623336792 22.4969482421875 42.1291198730469 23.0955696105957 15.3328742980957 21.1226348876953 9.49087715148926 11.0025844573975 15.2566576004028 14.8625478744507 11.4857025146484 6.54643630981445 10.2791290283203 32.0107841491699 19.6185474395752 20.3487586975098 6.36967325210571 3.90523386001587 11.2036714553833 21.0462017059326 18.0190296173096 30.2859745025635 21.4129009246826 16.510139465332
45.1071319580078 108.495964050293 56.6920471191406 0.258256316184998 18.7890968322754 119.576309204102 198.440582275391 65.2524871826172 64.6569747924805 22.9203281402588 49.2556800842285 46.5296669006348 35.089038848877 14.8848752975464 27.5202808380127 35.4332580566406 39.813159942627 44.0608062744141 11.7616930007935 38.209114074707 36.835807800293 42.8112907409668 28.7296180725098 21.0311679840088 13.8527364730835 16.3371181488037 15.8365936279297 26.7523422241211 32.4180908203125 35.6668128967285 19.3703727722168 38.1011810302734 15.5531511306763 13.758171081543 11.5235471725464 12.0035667419434 15.4545249938965 22.0539379119873 26.5198497772217 29.887393951416 24.6350326538086 9.10064506530762 10.8656568527222 12.8858938217163 10.3029851913452 13.0945920944214 10.9070348739624 21.0886135101318 12.387734413147 21.0845756530762 23.4598693847656 23.7922115325928 18.2173557281494 22.5462512969971 5.69340705871582 11.6595506668091
