rasters/terrain/rugosity.asc
NCOLS 720 
NROWS 300 
XLLCORNER -180 
YLLCORNER -60 
CELLSIZE 0.5 
NODATA_value -3.4e+38 
[rows 100 to 124 of 300, columns 168 to 223 of 720]
30.8683624267578 26.9571342468262 22.1340141296387 16.6221733093262 21.8875904083252 17.3760662078857 20.894250869751 12.9199771881104 17.6157455444336 30.5071868896484 33.3097877502441 16.8003082275391 9.49819946289062 8.36169815063477 7.34534740447998 5.20681047439575 9.95366287231445 24.9622459411621 21.387523651123 22.8829765319824 22.102954864502 21.7362842559814 27.1231212615967 25.940523147583 21.9570064544678 31.7388496398926 35.8918800354004 21.1934585571289 21.9319877624512 36.008674621582 42.6555976867676 26.1695022583008 143.270248413086 104.695793151855 179.089477539062 96.760009765625 98.6586761474609 112.033157348633 43.7467079162598 45.7139701843262 52.6792755126953 24.9106998443604 9.77513217926025 13.54065990448 -3.4e+38 -3.4e+38 -3.4e+38 -3.4e+38 -3.4e+38 -3.4e+38 -3.4e+38 -3.4e+38 -3.4e+38 -3.4e+38 -3.4e+38 -3.4e+38
27.73805809021 26.3289699554443 21.9645175933838 28.0527820587158 20.206335067749 15.4526147842407 18.838716506958 16.2025623321533 15.482349395752 26.4346580505371 33.2970314025879 15.7603931427002 7.65939712524414 12.2009954452515 12.3308820724487 18.3345890045166 20.4517974853516 14.390477180481 26.1168308258057 23.9815979003906 26.9199771881104 19.5690402984619 39.5473861694336 33.0234603881836 17.6524486541748 34.1772422790527 34.4054374694824 21.8153743743896 22.2985153198242 30.9596481323242 34.1740570068359 59.2746276855469 143.843322753906 225.41584777832 130.963226318359 95.9120712280273 60.9658203125 47.0676689147949 53.8144454956055 -3.4e+38 4.05838871002197 -3.4e+38 6.67720127105713 -3.4e+38 -3.4e+38 -3.4e+38 -3.4e+38 -3.4e+38 -3.4e+38 -3.4e+38 -3.4e+38 -3.4e+38 -3.4e+38 -3.4e+38 -3.4e+38 -3.4e+38
20.074649810791 22.6291275024414 19.0945358276367 18.8918762207031 18.2431869506836 26.3426609039307 28.0389842987061 28.779748916626 28.6997222900391 33.734260559082 30.6812534332275 22.0936603546143 13.9740781784058 12.3793344497681 10.8895425796509 12.3414478302002 12.4226551055908 10.3531408309937 25.6789417266846 29.8798809051514 31.0075016021729 35.0337448120117 30.3752326965332 27.0688400268555 28.0100727081299 42.2216110229492 26.983829498291 22.4532833099365 28.5253257751465 28.1806240081787 75.4825286865234 193.19108581543 180.742965698242 206.068908691406 146.515762329102 186.550842285156 51.577091217041 38.6935997009277 17.0316143035889 -3.4e+38 3.09093594551086 3.05128121376038 -3.4e+38 -3.4e+38 -3.4e+38 -3.4e+38 -3.4e+38 -3.4e+38 -3.4e+38 -3.4e+38 -3.4e+38 -3.4e+38 -3.4e+38 -3.4e+38 -3.4e+38 -3.4e+38
16.411792755127 17.5650310516357 20.2805404663086 16.3664646148682 13.9699201583862 27.674352645874 28.8477897644043 36.9878387451172 37.6513519287109 29.6154022216797 39.0563316345215 36.2058410644531 12.4928569793701 11.9578809738159 14.5157909393311 10.4373626708984 11.3949823379517 13.3536710739136 28.2992382049561 27.777681350708 40.4258270263672 23.8027153015137 26.9749851226807 22.2094554901123 27.3795185089111 30.5381240844727 26.4390697479248 36.6040077209473 63.4596252441406 90.971061706543 171.588668823242 166.09130859375 189.337020874023 179.746673583984 154.450668334961 147.931060791016 18.3080959320068 24.5262012481689 11.9552412033081 -3.4e+38 2.93579578399658 3.33505249023438 -3.4e+38 -3.4e+38 -3.4e+38 -3.4e+38 -3.4e+38 -3.4e+38 -3.4e+38 -3.4e+38 -3.4e+38 -3.4e+38 -3.4e+38 -3.4e+38 -3.4e+38 -3.4e+38
22.5670890808105 16.3733558654785 19.870979309082 21.3737945556641 24.7336978912354 26.7127075195312 40.0028533935547 34.1037101745605 38.3687171936035 43.8037986755371 47.8518295288086 47.2833366394043 30.6942386627197 29.6372261047363 27.3592319488525 24.8822345733643 12.4523506164551 9.23030948638916 23.0697002410889 21.316370010376 35.7698974609375 27.1056118011475 29.0170497894287 43.1941375732422 41.6173934936523 27.3655433654785 36.6590805053711 64.3789749145508 95.1006851196289 107.919807434082 126.057426452637 120.374794006348 167.84831237793 205.135848999023 133.932952880859 24.8995246887207 15.8524045944214 15.5350856781006 9.65067481994629 -3.4e+38 2.59033465385437 -3.4e+38 -3.4e+38 -3.4e+38 -3.4e+38 -3.4e+38 -3.4e+38 -3.4e+38 -3.4e+38 -3.4e+38 -3.4e+38 -3.4e+38 -3.4e+38 -3.4e+38 -3.4e+38 -3.4e+38
21.1971073150635 16.9764938354492 13.4384689331055 23.9982967376709 35.225887298584 32.2102546691895 36.0082855224609 30.7958984375 32.6222381591797 47.5138359069824 44.6375198364258 45.9130096435547 32.0969696044922 26.6849880218506 22.925708770752 23.0986309051514 21.1468200683594 23.7127151489258 20.8348293304443 22.9816436767578 24.8408546447754 33.6091995239258 31.2127323150635 29.4143314361572 40.9490509033203 68.3521270751953 123.532814025879 103.788475036621 116.406913757324 101.226005554199 132.224105834961 145.017730712891 108.271629333496 50.7436332702637 30.5406684875488 23.2764797210693 15.5142803192139 14.6932420730591 7.73858165740967 -3.4e+38 -3.4e+38 -3.4e+38 -3.4e+38 -3.4e+38 -3.4e+38 -3.4e+38 -3.4e+38 -3.4e+38 -3.4e+38 -3.4e+38 -3.4e+38 -3.4e+38 -3.4e+38 -3.4e+38 -3.4e+38 -3.4e+38
19.4276542663574 19.7305202484131 32.4016227722168 31.8015441894531 46.987060546875 49.0135612487793 49.0008201599121 37.5968704223633 44.2258338928223 41.5907783508301 42.6163063049316 20.5915603637695 15.0645990371704 12.1916074752808 16.4092712402344 18.5548324584961 20.7682876586914 19.6930274963379 20.7654399871826 35.4602699279785 28.6325016021729 47.427375793457 65.4452590942383 63.8576354980469 98.6584701538086 107.724754333496 169.107818603516 108.076110839844 205.999496459961 116.184799194336 143.099700927734 209.086715698242 56.0720748901367 37.6947937011719 17.5144500732422 22.9967880249023 20.2007904052734 8.30063247680664 6.16750478744507 3.72203755378723 -3.4e+38 -3.4e+38 -3.4e+38 -3.4e+38 -3.4e+38 -3.4e+38 -3.4e+38 -3.4e+38 -3.4e+38 -3.4e+38 -3.4e+38 -3.4e+38 -3.4e+38 -3.4e+38 -3.4e+38 -3.4e+38
17.0875835418701 36.0967750549316 27.2392196655273 26.850154876709 48.7014541625977 92.3565902709961 52.964282989502 43.6288795471191 35.7328453063965 44.6240463256836 17.9044532775879 16.4565582275391 3.26521348953247 15.7757377624512 13.9325199127197 17.4040908813477 33.8065223693848 32.8125877380371 36.2136116027832 36.6673202514648 42.2235984802246 104.792846679688 56.5275382995605 148.149551391602 60.6990928649902 56.1463088989258 172.065673828125 262.641387939453 214.050491333008 233.928237915039 95.5513763427734 44.5592231750488 26.5090065002441 20.1897563934326 29.6934986114502 19.9181957244873 22.5089912414551 7.32453680038452 7.61192989349365 3.22061991691589 -3.4e+38 -3.4e+38 -3.4e+38 -3.4e+38 -3.4e+38 -3.4e+38 -3.4e+38 -3.4e+38 -3.4e+38 -3.4e+38 -3.4e+38 -3.4e+38 -3.4e+38 -3.4e+38 -3.4e+38 -3.4e+38
22.1499118804932 34.8058090209961 54.8622512817383 112.259880065918 142.818939208984 122.738609313965 95.2169189453125 77.9934997558594 65.1310348510742 28.359224319458 16.2556476593018 2.79393100738525 15.5767784118652 12.1603984832764 17.912425994873 16.0470600128174 41.0156211853027 29.3186740875244 24.2694149017334 59.7660789489746 81.3174362182617 103.000007629395 133.773651123047 33.4031944274902 320.507293701172 405.611846923828 182.514343261719 274.271759033203 177.641235351562 56.673526763916 24.2806797027588 21.4629554748535 34.5490036010742 40.5945091247559 19.1225128173828 19.6775131225586 9.6879243850708 6.45085334777832 4.45399045944214 1.66009128093719 1.63816606998444 -3.4e+38 -3.4e+38 -3.4e+38 -3.4e+38 -3.4e+38 -3.4e+38 -3.4e+38 -3.4e+38 -3.4e+38 -3.4e+38 -3.4e+38 -3.4e+38 -3.4e+38 -3.4e+38 -3.4e+38
21.4780101776123 53.9433631896973 51.173942565918 46.6196632385254 98.8463973999023 61.5056076049805 66.3760986328125 56.7382431030273 45.1120986938477 14.9913539886475 16.1046142578125 8.50010013580322 13.181321144104 23.5290699005127 16.204029083252 27.3866481781006 38.1977958679199 26.8069686889648 31.7481155395508 59.2276954650879 125.731605529785 150.466171264648 85.6346588134766 220.820449829102 237.143905639648 224.399475097656 289.130889892578 196.934753417969 43.5396041870117 31.778902053833 20.4444446563721 39.6248168945312 37.2330474853516 20.4933319091797 17.7869548797607 8.73481559753418 9.72137260437012 4.79480266571045 3.22146439552307 -3.4e+38 -3.4e+38 -3.4e+38 -3.4e+38 -3.4e+38 -3.4e+38 -3.4e+38 -3.4e+38 -3.4e+38 -3.4e+38 -3.4e+38 -3.4e+38 -3.4e+38 -3.4e+38 -3.4e+38 -3.4e+38 -3.4e+38
39.5555114746094 78.8369674682617 117.655029296875 100.384712219238 80.1785888671875 65.9946746826172 61.3197708129883 24.9658832550049 7.14666604995728 3.8165979385376 10.4485378265381 14.7899808883667 20.3460235595703 24.0135307312012 18.1499423980713 23.8504829406738 31.7499504089355 21.3458404541016 37.6654167175293 96.8310241699219 101.66960144043 97.029426574707 189.703140258789 129.732818603516 184.340026855469 202.262115478516 45.8373031616211 36.9756851196289 29.5358867645264 23.0588302612305 23.0522918701172 31.4772148132324 25.9996242523193 15.7115697860718 8.62728404998779 9.83249187469482 6.7055549621582 3.0477237701416 1.84040069580078 -3.4e+38 -3.4e+38 -3.4e+38 -3.4e+38 -3.4e+38 -3.4e+38 -3.4e+38 -3.4e+38 -3.4e+38 -3.4e+38 -3.4e+38 -3.4e+38 -3.4e+38 -3.4e+38 -3.4e+38 -3.4e+38 -3.4e+38
41.9444351196289 65.5093688964844 75.3524398803711 100.037414550781 84.5609970092773 53.1787605285645 29.2583789825439 13.9762077331543 5.29116106033325 4.31725597381592 3.15893411636353 15.6661710739136 17.4841060638428 16.483980178833 21.3818416595459 36.02197265625 36.9737701416016 30.828426361084 45.2311859130859 46.4454574584961 86.7844924926758 38.9705619812012 57.3129081726074 55.1822357177734 54.7507438659668 26.0435333251953 29.4192333221436 23.7719688415527 18.7169628143311 22.1857852935791 29.9181022644043 22.4026031494141 12.5766534805298 8.30298328399658 8.08556365966797 4.14865016937256 -3.4e+38 -3.4e+38 -3.4e+38 -3.4e+38 -3.4e+38 -3.4e+38 -3.4e+38 -3.4e+38 -3.4e+38 -3.4e+38 -3.4e+38 -3.4e+38 -3.4e+38 -3.4e+38 -3.4e+38 -3.4e+38 -3.4e+38 -3.4e+38 -3.4e+38 -3.4e+38
16.3836784362793 14.1281623840332 11.9563875198364 16.8224124908447 20.3654232025146 16.6585998535156 18.8732757568359 12.9859666824341 16.6001148223877 4.07466220855713 3.52136278152466 14.4969911575317 20.0135612487793 21.8615226745605 16.3330478668213 25.8247127532959 25.5393657684326 24.7622013092041 52.8578605651855 56.7582321166992 65.7455139160156 34.9673271179199 33.2420387268066 26.405143737793 32.0263214111328 21.9779777526855 19.8400402069092 20.8012523651123 24.692590713501 28.4841461181641 23.418607711792 11.9770565032959 5.65019559860229 5.02615451812744 -3.4e+38 -3.4e+38 -3.4e+38 -3.4e+38 -3.4e+38 -3.4e+38 -3.4e+38 -3.4e+38 -3.4e+38 -3.4e+38 -3.4e+38 -3.4e+38 -3.4e+38 -3.4e+38 -3.4e+38 -3.4e+38 -3.4e+38 -3.4e+38 -3.4e+38 -3.4e+38 -3.4e+38 -3.4e+38
15.3577251434326 16.4343452453613 14.0100040435791 14.541314125061 13.7221612930298 12.5580978393555 15.6209135055542 13.61754322052 10.1671600341797 3.06580805778503 2.11344861984253 26.2478656768799 15.4155464172363 18.9959888458252 27.1515846252441 20.5857410430908 24.6130046844482 27.9423942565918 33.6869850158691 54.8231506347656 56.761547088623 49.9913635253906 19.3502063751221 22.4699840545654 21.7438087463379 22.1455554962158 23.8331260681152 22.1511535644531 25.5103816986084 16.9920921325684 11.908013343811 6.47747993469238 4.29411220550537 2.24006938934326 -3.4e+38 -3.4e+38 -3.4e+38 -3.4e+38 -3.4e+38 -3.4e+38 -3.4e+38 -3.4e+38 -3.4e+38 -3.4e+38 -3.4e+38 -3.4e+38 -3.4e+38 -3.4e+38 -3.4e+38 -3.4e+38 -3.4e+38 -3.4e+38 -3.4e+38 -3.4e+38 -3.4e+38 -3.4e+38
13.9639978408813 17.8357887268066 16.3324108123779 16.9063987731934 13.6500396728516 17.0472030639648 19.342264175415 14.0991373062134 6.39123773574829 3.38791275024414 17.6512870788574 19.4843692779541 18.7701435089111 14.1758794784546 28.9596214294434 14.8650436401367 21.3132514953613 26.7784156799316 32.6739501953125 46.2230987548828 35.3619575500488 29.2474956512451 48.6549224853516 40.0505027770996 26.2443981170654 22.021183013916 18.2598514556885 12.6392250061035 16.901330947876 9.75422954559326 8.04043483734131 3.064537525177 -3.4e+38 -3.4e+38 -3.4e+38 -3.4e+38 -3.4e+38 -3.4e+38 -3.4e+38 -3.4e+38 -3.4e+38 -3.4e+38 -3.4e+38 -3.4e+38 -3.4e+38 -3.4e+38 -3.4e+38 -3.4e+38 -3.4e+38 -3.4e+38 -3.4e+38 -3.4e+38 -3.4e+38 -3.4e+38 -3.4e+38 -3.4e+38
17.6914920806885 18.5943393707275 18.9550819396973 13.6631288528442 18.7552127838135 16.1093883514404 14.4070901870728 17.9139251708984 3.64288902282715 5.2773585319519 22.2225341796875 15.0554323196411 14.6505575180054 12.7769861221313 21.0505123138428 31.6640605926514 16.8765316009521 15.7044486999512 21.7227382659912 27.7080078125 28.3293476104736 23.4171199798584 32.8347129821777 26.520378112793 16.027904510498 15.4179201126099 14.2841663360596 10.7662782669067 13.6196432113647 9.24255466461182 3.28399658203125 -3.4e+38 -3.4e+38 -3.4e+38 -3.4e+38 -3.4e+38 -3.4e+38 -3.4e+38 -3.4e+38 -3.4e+38 -3.4e+38 -3.4e+38 -3.4e+38 -3.4e+38 -3.4e+38 -3.4e+38 -3.4e+38 -3.4e+38 -3.4e+38 -3.4e+38 -3.4e+38 -3.4e+38 -3.4e+38 -3.4e+38 -3.4e+38 -3.4e+38
29.2710208892822 27.5483551025391 24.2012271881104 19.2756385803223 17.120361328125 23.2622528076172 15.5042839050293 15.8669109344482 12.1537551879883 34.9778823852539 29.6043930053711 23.7885341644287 19.6626415252686 18.7827396392822 18.2359104156494 23.1834812164307 30.0146980285645 32.5397300720215 19.6945304870605 19.5996513366699 17.5908393859863 26.8706474304199 22.2022190093994 17.8687019348145 15.8536949157715 16.7208271026611 13.9386205673218 11.5638666152954 11.4795808792114 2.58360075950623 -3.4e+38 -3.4e+38 -3.4e+38 -3.4e+38 -3.4e+38 -3.4e+38 -3.4e+38 -3.4e+38 -3.4e+38 -3.4e+38 -3.4e+38 -3.4e+38 -3.4e+38 -3.4e+38 -3.4e+38 -3.4e+38 -3.4e+38 -3.4e+38 -3.4e+38 -3.4e+38 -3.4e+38 -3.4e+38 -3.4e+38 -3.4e+38 -3.4e+38 -3.4e+38
21.3632125854492 18.8076362609863 14.8768186569214 19.2581176757812 26.036413192749 15.0755977630615 19.8458881378174 12.3345489501953 10.8979902267456 29.1016292572021 19.8394813537598 17.430456161499 23.7526626586914 18.9850978851318 18.3991565704346 19.5143871307373 30.1151428222656 23.8174343109131 17.2274551391602 20.3382034301758 20.8370323181152 21.7510662078857 13.2585363388062 18.9622974395752 16.3531761169434 11.7320013046265 7.93778610229492 8.82766437530518 6.35428047180176 -3.4e+38 -3.4e+38 -3.4e+38 -3.4e+38 -3.4e+38 -3.4e+38 -3.4e+38 -3.4e+38 -3.4e+38 -3.4e+38 -3.4e+38 -3.4e+38 -3.4e+38 -3.4e+38 -3.4e+38 -3.4e+38 -3.4e+38 -3.4e+38 -3.4e+38 -3.4e+38 -3.4e+38 -3.4e+38 -3.4e+38 -3.4e+38 -3.4e+38 -3.4e+38 -3.4e+38
20.1480293273926 24.3451271057129 23.4786396026611 24.0840587615967 23.5297508239746 15.2783699035645 12.5047159194946 8.26709365844727 8.71280479431152 26.6598243713379 24.7442626953125 24.3442192077637 22.6357879638672 20.2634944915771 19.1563568115234 20.5328903198242 17.3833103179932 21.1046581268311 15.2714462280273 17.8507595062256 13.5140924453735 12.1822729110718 21.741081237793 16.3346118927002 13.7012310028076 10.2361316680908 9.72157669067383 7.71662998199463 6.92432308197021 -3.4e+38 -3.4e+38 -3.4e+38 -3.4e+38 -3.4e+38 -3.4e+38 -3.4e+38 -3.4e+38 -3.4e+38 -3.4e+38 -3.4e+38 -3.4e+38 -3.4e+38 -3.4e+38 -3.4e+38 -3.4e+38 -3.4e+38 -3.4e+38 -3.4e+38 -3.4e+38 -3.4e+38 -3.4e+38 -3.4e+38 -3.4e+38 -3.4e+38 -3.4e+38 -3.4e+38
18.5657215118408 22.0460319519043 10.0266046524048 8.39870452880859 6.63609457015991 6.19390201568604 2.8491632938385 2.64674115180969 2.50470066070557 4.05496168136597 4.58612108230591 5.71109294891357 3.61154270172119 -3.4e+38 -3.4e+38 -3.4e+38 -3.4e+38 -3.4e+38 -3.4e+38 -3.4e+38 8.5715970993042 11.4641017913818 14.4850330352783 13.4803695678711 12.6602735519409 6.36575222015381 9.3673152923584 8.16375350952148 7.8280200958252 -3.4e+38 -3.4e+38 -3.4e+38 -3.4e+38 -3.4e+38 -3.4e+38 -3.4e+38 -3.4e+38 -3.4e+38 -3.4e+38 -3.4e+38 -3.4e+38 -3.4e+38 -3.4e+38 -3.4e+38 -3.4e+38 -3.4e+38 -3.4e+38 -3.4e+38 -3.4e+38 -3.4e+38 -3.4e+38 -3.4e+38 -3.4e+38 -3.4e+38 -3.4e+38 -3.4e+38
10.8038635253906 6.45501613616943 3.61487579345703 1.93903076648712 -3.4e+38 -3.4e+38 3.89660215377808 -3.4e+38 2.7416205406189 0.87386292219162 1.34299635887146 0.577350258827209 3.2999951839447 3.61154270172119 -3.4e+38 -3.4e+38 -3.4e+38 -3.4e+38 -3.4e+38 -3.4e+38 -3.4e+38 1.57359600067139 -3.4e+38 -3.4e+38 -3.4e+38 3.85871624946594 7.22502470016479 10.4108562469482 13.2040910720825 -3.4e+38 -3.4e+38 -3.4e+38 -3.4e+38 -3.4e+38 -3.4e+38 -3.4e+38 -3.4e+38 -3.4e+38 -3.4e+38 -3.4e+38 -3.4e+38 -3.4e+38 -3.4e+38 -3.4e+38 -3.4e+38 -3.4e+38 -3.4e+38 -3.4e+38 -3.4e+38 -3.4e+38 -3.4e+38 -3.4e+38 -3.4e+38 -3.4e+38 -3.4e+38 -3.4e+38
5.68772602081299 3.23121571540833 -3.4e+38 -3.4e+38 -3.4e+38 -3.4e+38 -3.4e+38 -3.4e+38 -3.4e+38 -3.4e+38 -3.4e+38 -3.4e+38 -3.4e+38 -3.4e+38 -3.4e+38 -3.4e+38 -3.4e+38 -3.4e+38 -3.4e+38 -3.4e+38 -3.4e+38 -3.4e+38 -3.4e+38 -3.4e+38 -3.4e+38 -3.4e+38 6.74769878387451 7.57947206497192 9.49123954772949 5.28861379623413 -3.4e+38 -3.4e+38 -3.4e+38 -3.4e+38 -3.4e+38 -3.4e+38 -3.4e+38 -3.4e+38 -3.4e+38 -3.4e+38 -3.4e+38 -3.4e+38 -3.4e+38 -3.4e+38 -3.4e+38 -3.4e+38 -3.4e+38 -3.4e+38 -3.4e+38 -3.4e+38 -3.4e+38 -3.4e+38 -3.4e+38 -3.4e+38 -3.4e+38 -3.4e+38
2.26808261871338 -3.4e+38 -3.4e+38 -3.4e+38 -3.4e+38 -3.4e+38 -3.4e+38 -3.4e+38 -3.4e+38 -3.4e+38 -3.4e+38 -3.4e+38 -3.4e+38 -3.4e+38 -3.4e+38 -3.4e+38 -3.4e+38 -3.4e+38 -3.4e+38 -3.4e+38 -3.4e+38 -3.4e+38 -3.4e+38 -3.4e+38 -3.4e+38 -3.4e+38 -3.4e+38 7.98091888427734 8.04118919372559 7.40475988388062 -3.4e+38 -3.4e+38 -3.4e+38 -3.4e+38 -3.4e+38 -3.4e+38 -3.4e+38 -3.4e+38 -3.4e+38 -3.4e+38 -3.4e+38 -3.4e+38 -3.4e+38 -3.4e+38 -3.4e+38 -3.4e+38 -3.4e+38 -3.4e+38 -3.4e+38 -3.4e+38 -3.4e+38 -3.4e+38 -3.4e+38 -3.4e+38 -3.4e+38 -3.4e+38
-3.4e+38 -3.4e+38 -3.4e+38 -3.4e+38 -3.4e+38 -3.4e+38 -3.4e+38 -3.4e+38 -3.4e+38 -3.4e+38 -3.4e+38 -3.4e+38 -3.4e+38 -3.4e+38 -3.4e+38 -3.4e+38 -3.4e+38 -3.4e+38 -3.4e+38 -3.4e+38 -3.4e+38 -3.4e+38 -3.4e+38 -3.4e+38 -3.4e+38 -3.4e+38 4.89320373535156 9.48028087615967 6.12195301055908 4.40943288803101 3.7463653087616 -3.4e+38 -3.4e+38 -3.4e+38 -3.4e+38 -3.4e+38 -3.4e+38 -3.4e+38 -3.4e+38 -3.4e+38 -3.4e+38 -3.4e+38 -3.4e+38 -3.4e+38 -3.4e+38 -3.4e+38 -3.4e+38 -3.4e+38 -3.4e+38 -3.4e+38 -3.4e+38 -3.4e+38 -3.4e+38 -3.4e+38 -3.4e+38 -3.4e+38
-3.4e+38 -3.4e+38 -3.4e+38 -3.4e+38 -3.4e+38 -3.4e+38 -3.4e+38 -3.4e+38 -3.4e+38 -3.4e+38 -3.4e+38 -3.4e+38 -3.4e+38 -3.4e+38 -3.4e+38 -3.4e+38 -3.4e+38 -3.4e+38 -3.4e+38 -3.4e+38 -3.4e+38 -3.4e+38 -3.4e+38 -3.4e+38 -3.4e+38 -3.4e+38 4.24355173110962 11.0535383224487 8.24416351318359 6.27683544158936 5.94939613342285 -3.4e+38 -3.4e+38 -3.4e+38 -3.4e+38 -3.4e+38 -3.4e+38 -3.4e+38 -3.4e+38 -3.4e+38 -3.4e+38 -3.4e+38 -3.4e+38 -3.4e+38 -3.4e+38 -3.4e+38 -3.4e+38 -3.4e+38 -3.4e+38 -3.4e+38 -3.4e+38 -3.4e+38 -3.4e+38 -3.4e+38 -3.4e+38 -3.4e+38
