rasters/terrain/rugosity.asc
NCOLS 720 
NROWS 300 
XLLCORNER -180 
YLLCORNER -60 
CELLSIZE 0.5 
NODATA_value -3.4e+38 
[rows 125 to 149 of 300, columns 392 to 447 of 720]
16.0412406921387 59.1336364746094 47.0909042358398 90.3513488769531 51.6153869628906 17.4915771484375 15.7442359924316 9.09476661682129 12.3574666976929 8.26977920532227 9.66009998321533 8.79726314544678 12.449836730957 13.9176387786865 13.6677417755127 15.794960975647 12.7886371612549 12.630163192749 14.6985502243042 37.8805999755859 35.8887367248535 36.0530281066895 54.5998306274414 89.6092834472656 49.4441261291504 74.922119140625 24.4471969604492 37.0482749938965 34.7672080993652 60.5168991088867 88.0441970825195 70.1775894165039 62.5369186401367 130.037628173828 266.315704345703 186.299667358398 -3.4e+38 -3.4e+38 -3.4e+38 140.708679199219 146.728851318359 412.851531982422 141.637283325195 151.468505859375 42.5632476806641 30.4670677185059 67.5890884399414 86.8563690185547 77.0227737426758 70.7572174072266 109.896347045898 66.8547897338867 101.515693664551 40.3012161254883 22.4176692962646 22.7393398284912
43.7128486633301 60.7479782104492 77.2957305908203 85.1343002319336 47.8819122314453 19.6286144256592 14.3390808105469 8.36849784851074 8.50719451904297 8.43529033660889 8.80593585968018 10.304178237915 11.4730587005615 16.2167854309082 13.4418182373047 26.8729839324951 20.5143947601318 13.3148040771484 31.5885334014893 51.7232131958008 39.5998611450195 20.876012802124 35.433666229248 82.9123916625977 31.327205657959 47.2996025085449 17.5881004333496 28.3546257019043 30.6738910675049 23.7853660583496 102.629859924316 143.525161743164 53.2139739990234 114.248748779297 203.42626953125 251.302749633789 -3.4e+38 -3.4e+38 -3.4e+38 -3.4e+38 65.8414764404297 120.014488220215 212.094360351562 232.096908569336 107.932540893555 52.7690658569336 39.6677665710449 51.5829467773438 77.9901962280273 42.0913391113281 65.7501449584961 74.1756973266602 68.4890060424805 46.4810409545898 50.9013557434082 29.6347808837891
41.8145980834961 26.5276851654053 28.064338684082 47.5164260864258 36.3456687927246 43.0842781066895 17.4395294189453 10.0452461242676 11.0626945495605 9.99249362945557 11.8609304428101 12.916407585144 11.3754806518555 16.7642555236816 47.2011985778809 42.1542778015137 36.8062973022461 33.7745056152344 53.5321388244629 47.3849143981934 37.4131889343262 24.4369144439697 33.2194061279297 66.8585433959961 87.3719253540039 44.6866607666016 46.4249114990234 32.2177352905273 46.6029815673828 24.178279876709 20.1390762329102 101.389602661133 152.62092590332 122.149398803711 138.465026855469 124.794219970703 -3.4e+38 -3.4e+38 -3.4e+38 -3.4e+38 -3.4e+38 95.636589050293 407.903076171875 182.515884399414 166.758224487305 198.754684448242 152.883224487305 136.99153137207 98.3351135253906 35.3292999267578 51.6051254272461 47.1596069335938 56.1008148193359 66.4495162963867 44.9157562255859 19.5775451660156
29.9254817962646 64.3975143432617 27.8610363006592 44.317024230957 40.8803482055664 24.9472484588623 17.3212871551514 11.5968322753906 13.0814971923828 14.7346172332764 12.7436275482178 11.9195880889893 16.6887283325195 22.4395580291748 54.8537292480469 59.5093841552734 39.106990814209 35.8567161560059 27.6428356170654 21.9476318359375 25.4863948822021 31.1188983917236 34.001781463623 49.4530639648438 43.6941146850586 129.519470214844 130.340377807617 64.7210388183594 122.918365478516 123.527503967285 40.8775405883789 55.2077598571777 126.916915893555 120.680801391602 82.4085388183594 81.8541488647461 215.682235717773 -3.4e+38 -3.4e+38 -3.4e+38 -3.4e+38 23.6177845001221 125.702735900879 212.230682373047 144.834686279297 172.226867675781 73.7814102172852 257.579833984375 164.38916015625 52.558422088623 73.3088226318359 38.8809585571289 31.3047504425049 59.0886726379395 44.6287002563477 34.6781921386719
29.7982940673828 32.7529258728027 25.1419906616211 15.2000465393066 15.3786573410034 17.9303970336914 26.5520076751709 17.8326454162598 25.3107318878174 18.9134292602539 13.4588623046875 13.0904932022095 16.6990947723389 36.3803939819336 38.8719062805176 40.8163566589355 23.949390411377 48.4258728027344 52.5334167480469 28.5994243621826 46.0365371704102 42.974308013916 28.5997142791748 29.6427536010742 47.9371185302734 54.2347450256348 71.3547744750977 143.54719543457 90.2096633911133 153.057373046875 22.3403701782227 15.3161201477051 144.308868408203 98.5538787841797 50.6309776306152 76.6493072509766 79.8767166137695 147.057159423828 -3.4e+38 -3.4e+38 -3.4e+38 -3.4e+38 118.608192443848 247.785339355469 158.873306274414 186.410858154297 113.803253173828 143.457504272461 136.339614868164 67.7481460571289 45.9594993591309 41.384822845459 23.3300170898438 53.830005645752 66.159049987793 44.6705055236816
32.4474906921387 14.7857475280762 17.7982025146484 12.2407245635986 14.0477952957153 13.8093242645264 24.6270713806152 30.1606407165527 30.0783977508545 33.186466217041 25.7235717773438 35.7304992675781 38.9982757568359 42.4776229858398 24.8833560943604 35.8077239990234 30.1924934387207 48.9047050476074 48.3257789611816 41.4931297302246 35.5480613708496 33.75 43.4919548034668 23.7822246551514 29.7963466644287 31.9897155761719 29.4146747589111 25.7159671783447 54.2089691162109 120.075798034668 55.605396270752 18.7456474304199 98.6337814331055 23.6048984527588 39.0161361694336 61.4956970214844 74.848876953125 193.319580078125 -3.4e+38 -3.4e+38 -3.4e+38 -3.4e+38 98.6296539306641 353.228729248047 315.513977050781 292.596038818359 148.057586669922 159.416534423828 55.5769348144531 70.2244873046875 41.2122993469238 48.7922096252441 26.4107990264893 66.666877746582 53.9216461181641 61.8015213012695
48.6625366210938 18.4044952392578 13.8173875808716 10.3974256515503 10.050986289978 14.2030830383301 58.0386238098145 36.3809432983398 28.6576957702637 25.3680763244629 32.576789855957 57.4915809631348 85.1268463134766 56.8596725463867 20.1314888000488 23.0281200408936 38.973518371582 51.0091285705566 71.3842239379883 86.2284317016602 62.8611030578613 35.7414283752441 96.7900390625 25.1023197174072 30.4502048492432 21.1409854888916 22.9131488800049 38.0494346618652 29.3785800933838 84.2783508300781 55.294075012207 16.58740234375 100.473258972168 56.3856010437012 62.1176567077637 50.258487701416 46.2087326049805 194.805374145508 283.760955810547 -3.4e+38 -3.4e+38 -3.4e+38 -3.4e+38 60.8942375183105 198.345733642578 379.549743652344 201.657119750977 132.377990722656 30.3421401977539 29.4620208740234 48.788444519043 35.3500366210938 30.340404510498 32.3339767456055 42.5534858703613 38.7814636230469
27.0728321075439 20.2790584564209 15.1586475372314 23.0226726531982 17.8852367401123 57.0443878173828 72.9248580932617 80.2640991210938 58.0700454711914 25.5794620513916 38.2766418457031 56.3799057006836 38.5080146789551 25.3507976531982 27.1759395599365 29.0468254089355 29.2065906524658 38.5148162841797 166.647445678711 83.3091278076172 84.8704833984375 74.0117568969727 58.8341217041016 24.1298885345459 23.1646709442139 23.30224609375 28.3196048736572 18.003812789917 36.6216278076172 48.5568542480469 32.4712257385254 37.9519119262695 95.24365234375 12.1262531280518 51.5956573486328 40.3291816711426 40.9470138549805 43.3235130310059 209.762588500977 -3.4e+38 -3.4e+38 -3.4e+38 -3.4e+38 -3.4e+38 -3.4e+38 152.529251098633 360.365539550781 173.486801147461 150.130950927734 77.5383605957031 32.1653594970703 26.8608512878418 24.7441673278809 26.6925849914551 39.3024711608887 53.837818145752
25.750768661499 20.3673686981201 26.8484172821045 15.3464498519897 45.146484375 93.0040969848633 74.6909790039062 89.8102188110352 59.751895904541 31.503755569458 60.4351806640625 59.1478500366211 34.3593673706055 19.4655017852783 32.904468536377 23.6078243255615 22.9956951141357 41.9064674377441 34.5595397949219 165.254653930664 124.072692871094 76.2619476318359 90.7896575927734 42.2295875549316 17.8516998291016 12.3866405487061 18.9540462493896 15.7891139984131 18.9423503875732 32.3608856201172 42.0727806091309 61.0014686584473 35.0483283996582 25.3796558380127 71.3266220092773 62.3990211486816 88.8194961547852 102.498497009277 120.514701843262 -3.4e+38 -3.4e+38 -3.4e+38 -3.4e+38 -3.4e+38 -3.4e+38 -3.4e+38 155.455474853516 258.420532226562 141.045135498047 39.2428359985352 78.4340972900391 37.6394729614258 26.8928489685059 22.770092010498 44.3580741882324 49.1775398254395
39.6809310913086 35.1038208007812 49.1309852600098 45.5278205871582 48.7208709716797 129.589141845703 162.121215820312 95.2237930297852 29.1195678710938 48.1230812072754 56.5092811584473 30.0960102081299 18.577615737915 24.388277053833 30.1890296936035 37.0198440551758 40.8993186950684 43.9974594116211 73.5328369140625 102.861755371094 101.140617370605 61.024040222168 24.6919097900391 18.5457744598389 12.5580139160156 6.96079921722412 8.05397415161133 17.0664577484131 21.0779705047607 31.5130805969238 35.3544998168945 38.8826293945312 32.5659141540527 54.872127532959 42.4986572265625 90.2737197875977 66.1118545532227 78.5405883789062 204.866790771484 73.5210571289062 -3.4e+38 -3.4e+38 -3.4e+38 -3.4e+38 -3.4e+38 -3.4e+38 95.0724792480469 331.576446533203 147.481628417969 21.48779296875 71.4088134765625 20.7151279449463 15.3585538864136 23.3288154602051 34.8382453918457 25.7292194366455
68.5214462280273 66.0580215454102 85.7283172607422 76.4455413818359 77.1532516479492 218.773162841797 328.467620849609 47.7329902648926 26.7293491363525 74.8518218994141 59.201545715332 18.8834972381592 23.195707321167 21.7479648590088 17.8455295562744 24.8450813293457 23.3957405090332 91.5429458618164 64.9069137573242 71.6850662231445 47.8830795288086 61.5220260620117 32.4216117858887 14.4767112731934 11.0408277511597 10.6074342727661 15.7976512908936 18.7470397949219 36.2501411437988 44.5658912658691 32.003719329834 44.876766204834 55.4473991394043 56.8516235351562 54.3230667114258 54.6527328491211 33.3920707702637 88.6216201782227 190.578079223633 212.434814453125 232.316696166992 -3.4e+38 -3.4e+38 -3.4e+38 -3.4e+38 -3.4e+38 62.3492584228516 239.391815185547 139.271408081055 38.0287284851074 25.754280090332 31.0054149627686 18.6806831359863 16.1307411193848 22.127613067627 57.0562210083008
148.584045410156 79.9804458618164 221.261856079102 119.640563964844 233.185958862305 255.64404296875 285.947998046875 73.8219680786133 20.820348739624 42.0525245666504 43.1357421875 12.7793989181519 21.4534435272217 13.0584383010864 10.0682458877563 16.0050048828125 16.3658885955811 144.331893920898 129.268188476562 25.1661796569824 75.27099609375 52.439151763916 28.4591751098633 13.0209980010986 12.1134004592896 10.7769765853882 21.3330135345459 29.9483108520508 35.2449493408203 57.8203201293945 44.5762596130371 64.9214172363281 66.4787902832031 83.002555847168 37.269603729248 62.1399040222168 55.1413154602051 101.707504272461 172.36637878418 163.641174316406 287.427154541016 284.701934814453 -3.4e+38 -3.4e+38 -3.4e+38 -3.4e+38 68.3652725219727 141.977462768555 251.204376220703 96.3797988891602 101.818298339844 45.5155982971191 66.4332427978516 34.7678527832031 22.5985355377197 79.3465118408203
380.529510498047 428.493988037109 299.683990478516 261.335357666016 389.865295410156 512.416198730469 69.2250061035156 54.1164512634277 23.7233486175537 33.7393455505371 18.599214553833 17.6106376647949 25.1788272857666 27.4095764160156 18.1220684051514 35.5552101135254 46.8729095458984 27.3528270721436 36.6706352233887 28.4408512115479 49.0860176086426 54.9772071838379 20.6184883117676 13.0944337844849 19.5100288391113 15.7432794570923 25.7448787689209 36.955738067627 34.0800437927246 45.5984001159668 46.5585136413574 58.5585174560547 78.0694122314453 79.9823837280273 38.5888481140137 73.821891784668 59.2642593383789 85.4266662597656 110.799606323242 79.9180145263672 126.002410888672 264.818359375 -3.4e+38 -3.4e+38 -3.4e+38 -3.4e+38 50.67138671875 102.944839477539 571.07080078125 157.929656982422 88.8729629516602 62.1459846496582 127.288032531738 68.153076171875 27.725061416626 76.0356903076172
307.901336669922 440.276824951172 389.887359619141 374.11474609375 225.290390014648 261.76513671875 154.27116394043 41.9242477416992 38.0773658752441 37.7677268981934 12.5359926223755 22.2960948944092 29.3428497314453 20.9400310516357 25.0842590332031 39.9397468566895 32.6480751037598 51.9213218688965 45.4992523193359 48.9315528869629 26.4813213348389 36.1464538574219 37.2941932678223 25.654878616333 27.2156829833984 25.4235668182373 28.8601741790771 35.660472869873 29.6866130828857 44.5861511230469 49.6516494750977 50.9690818786621 52.0105972290039 51.4034271240234 40.4080200195312 24.1370334625244 56.7691917419434 66.5851745605469 72.2365646362305 55.5588035583496 95.4129333496094 222.332138061523 -3.4e+38 -3.4e+38 -3.4e+38 -3.4e+38 -3.4e+38 87.873649597168 303.464691162109 548.582275390625 195.467590332031 70.7275085449219 104.237770080566 45.7601585388184 36.3565711975098 32.6860122680664
95.5966567993164 97.6408538818359 239.659225463867 221.227066040039 618.251770019531 335.971099853516 94.9131164550781 46.963680267334 19.8337078094482 9.90024375915527 23.1179313659668 29.1742000579834 35.0121917724609 36.0346603393555 28.4993190765381 30.5164966583252 33.4914321899414 37.5650749206543 53.979248046875 48.8937835693359 11.7672662734985 14.7060804367065 25.9778099060059 53.4255905151367 34.6391220092773 42.2778472900391 28.7829322814941 26.0943355560303 23.5485038757324 23.3953990936279 21.4322261810303 23.8666000366211 17.0900650024414 33.3897171020508 23.0284023284912 16.8095798492432 45.3914985656738 48.4177627563477 35.6406707763672 54.0405921936035 66.7880859375 286.715087890625 -3.4e+38 -3.4e+38 -3.4e+38 -3.4e+38 -3.4e+38 -3.4e+38 88.9776611328125 229.236145019531 667.295776367188 166.340728759766 99.0229263305664 49.0591583251953 68.7067031860352 39.5536727905273
43.5127143859863 41.6495552062988 123.10636138916 189.908676147461 545.8427734375 682.687744140625 84.8007354736328 49.0780143737793 21.6174182891846 17.9301376342773 28.7934856414795 55.0041885375977 50.4073448181152 61.4134101867676 33.9925765991211 36.025634765625 22.3279628753662 35.8669128417969 28.9186534881592 16.5038089752197 4.92835521697998 30.2930488586426 50.7959671020508 35.2204551696777 25.8140239715576 17.478889465332 14.0941038131714 23.7624912261963 17.741039276123 25.0636749267578 27.7735748291016 21.6643619537354 17.8842601776123 13.8932094573975 18.0303211212158 12.0439214706421 20.3084201812744 27.1411876678467 51.2986526489258 102.096321105957 78.2260894775391 230.876998901367 -3.4e+38 -3.4e+38 -3.4e+38 -3.4e+38 -3.4e+38 -3.4e+38 -3.4e+38 105.659072875977 358.093963623047 558.905212402344 206.923736572266 91.1069641113281 98.9742736816406 76.3840484619141
39.3801918029785 42.4122619628906 31.5225391387939 51.4157829284668 67.6335067749023 98.0411376953125 60.0174942016602 34.8242721557617 31.8142757415771 30.4530639648438 56.0385704040527 66.6506500244141 59.2403869628906 67.1135177612305 69.1591491699219 31.7901935577393 34.1648445129395 25.0961017608643 16.1695156097412 9.97674083709717 18.0608425140381 51.9754524230957 54.4826927185059 37.1414680480957 12.3701019287109 32.3051795959473 14.1115942001343 17.1201019287109 13.0377559661865 12.6049308776855 34.4059829711914 23.5430393218994 20.0931663513184 23.6669826507568 31.3838520050049 11.2087774276733 12.8321151733398 24.3810291290283 45.3577651977539 63.4042282104492 112.534225463867 176.321151733398 129.240112304688 -3.4e+38 -3.4e+38 -3.4e+38 -3.4e+38 -3.4e+38 -3.4e+38 -3.4e+38 78.7478713989258 344.456085205078 344.541137695312 84.9540557861328 110.738861083984 129.753707885742
21.6173629760742 20.2726287841797 28.0212936401367 21.0106372833252 33.1787567138672 37.9920272827148 47.1086120605469 24.2811985015869 30.8644771575928 52.1487274169922 33.0634841918945 34.9615707397461 44.6358108520508 68.5065307617188 87.0342102050781 78.0265274047852 46.9232063293457 26.3114147186279 11.2987365722656 8.86683940887451 13.2820148468018 33.3682441711426 38.9148788452148 29.7443866729736 23.1373176574707 19.7347106933594 32.3668785095215 17.3633995056152 13.3274126052856 26.7778606414795 18.4272232055664 22.4574642181396 34.935245513916 31.823673248291 60.9272842407227 13.0033588409424 9.40382099151611 14.9890298843384 48.0800361633301 94.5675582885742 109.032012939453 83.8466033935547 383.639343261719 -3.4e+38 -3.4e+38 -3.4e+38 -3.4e+38 -3.4e+38 -3.4e+38 -3.4e+38 32.0136108398438 138.992065429688 698.456787109375 91.324592590332 136.62077331543 117.032272338867
19.1072998046875 17.4351139068604 27.8163261413574 26.6074371337891 51.970027923584 44.1483840942383 21.7254600524902 18.114595413208 17.3444385528564 39.3931846618652 32.5344047546387 35.8741226196289 38.4565010070801 37.202823638916 98.0158462524414 49.9595069885254 42.7645874023438 24.2696399688721 14.1016216278076 7.74605274200439 13.3996429443359 32.1804275512695 43.441478729248 34.3215675354004 34.3680953979492 34.9404106140137 36.0327949523926 19.8061809539795 17.1807270050049 18.4036254882812 26.8331813812256 24.0301074981689 33.8531684875488 54.7315902709961 37.9101181030273 28.6630458831787 9.67855548858643 15.0705404281616 22.757007598877 36.3372573852539 38.0086479187012 160.102172851562 341.885314941406 114.881011962891 -3.4e+38 -3.4e+38 -3.4e+38 -3.4e+38 -3.4e+38 -3.4e+38 -3.4e+38 219.257598876953 719.920349121094 262.214630126953 172.980895996094 167.867080688477
22.1136684417725 36.8356132507324 49.1465950012207 41.6991844177246 31.7395305633545 22.163990020752 38.6817970275879 11.6888332366943 13.7389478683472 36.7539482116699 100.920745849609 123.8359375 144.808334350586 178.121612548828 151.943511962891 61.1380500793457 46.5284004211426 12.3791065216064 9.71092796325684 12.7025766372681 20.44455909729 33.4149589538574 48.7281913757324 23.2451095581055 21.7339038848877 30.049617767334 33.2890625 25.6429824829102 38.4851570129395 25.2917385101318 36.2009735107422 25.765832901001 45.3748245239258 63.4268608093262 29.5578765869141 28.1993465423584 9.75220489501953 10.8510398864746 15.1684684753418 48.619945526123 53.3122253417969 156.949356079102 170.793075561523 404.080169677734 602.907409667969 -3.4e+38 -3.4e+38 -3.4e+38 -3.4e+38 -3.4e+38 -3.4e+38 -3.4e+38 195.832336425781 458.002105712891 486.804565429688 231.763381958008
14.7231683731079 16.2007274627686 18.3312683105469 26.3103790283203 21.5879859924316 20.8951759338379 27.2982063293457 17.4116592407227 10.8122243881226 18.5775032043457 77.0950088500977 126.825347900391 87.4539260864258 41.5217781066895 55.4269676208496 78.6785202026367 28.1387252807617 8.80260562896729 6.63331270217896 11.4004983901978 18.4256248474121 27.0910778045654 47.1926460266113 20.4964962005615 24.6927452087402 19.3608951568604 34.3331604003906 53.3413276672363 64.0885238647461 73.0823745727539 53.5410270690918 45.1549453735352 28.4952812194824 33.0060195922852 29.2889652252197 16.3023433685303 11.1240882873535 5.55665683746338 17.5428314208984 28.6327114105225 62.5956840515137 70.4346160888672 137.333786010742 406.626312255859 475.240631103516 250.746429443359 -3.4e+38 -3.4e+38 -3.4e+38 -3.4e+38 -3.4e+38 -3.4e+38 -3.4e+38 223.31510925293 707.673522949219 141.20361328125
12.9730644226074 15.9501142501831 25.2410850524902 16.6525630950928 28.2300205230713 25.2922706604004 27.0191631317139 11.8313436508179 16.118034362793 16.3631782531738 35.2225570678711 86.3724594116211 154.120086669922 53.3869895935059 104.698234558105 54.6172866821289 10.9829578399658 9.37902641296387 16.7564659118652 37.2509727478027 45.0740013122559 48.1884536743164 62.7704162597656 28.4595069885254 22.0796375274658 11.2594232559204 74.3531188964844 68.3289184570312 75.2073745727539 90.6099166870117 69.2615814208984 26.0780391693115 27.7443218231201 38.8779983520508 24.195873260498 18.1318912506104 12.486102104187 5.0820574760437 3.72678518295288 4.10218191146851 16.8143939971924 91.7724456787109 137.086074829102 193.011932373047 483.2275390625 451.286224365234 -3.4e+38 -3.4e+38 -3.4e+38 -3.4e+38 -3.4e+38 -3.4e+38 -3.4e+38 40.9287490844727 768.751281738281 251.266342163086
12.5929164886475 16.9142932891846 29.606481552124 19.8111534118652 13.7776746749878 21.6025905609131 8.33273792266846 15.1252098083496 13.3097076416016 15.564248085022 19.4152088165283 41.9473304748535 78.4597015380859 82.6643524169922 45.6288681030273 51.2198944091797 48.8642272949219 29.9714508056641 61.5529022216797 57.0333633422852 61.7175598144531 46.4945411682129 62.3324813842773 42.5116729736328 30.4326610565186 12.7491989135742 31.9060001373291 23.5463314056396 38.2095680236816 64.5112152099609 48.6822853088379 27.1826171875 25.7053050994873 37.4234848022461 40.9181098937988 42.8859596252441 21.4281787872314 5.86439085006714 5.31376361846924 5.73490333557129 14.1676378250122 70.5374145507812 55.9290809631348 330.775665283203 351.338592529297 407.089935302734 -3.4e+38 -3.4e+38 -3.4e+38 -3.4e+38 -3.4e+38 -3.4e+38 -3.4e+38 -3.4e+38 419.442260742188 363.025756835938
14.4217128753662 8.49829769134521 2.67958378791809 5.19528865814209 7.44635152816772 23.12477684021 7.48354768753052 9.44481182098389 9.39315605163574 17.8844699859619 27.9219226837158 49.392749786377 111.469123840332 43.9577407836914 30.5511322021484 43.2351379394531 44.2660293579102 49.8065528869629 85.411735534668 112.600791931152 73.011604309082 61.2573738098145 40.5039558410645 60.7572441101074 35.123363494873 21.5762424468994 39.9781608581543 33.0770645141602 35.6700401306152 36.728328704834 48.9855880737305 25.44016456604 23.5639057159424 29.2029972076416 33.5377006530762 35.769718170166 17.8626003265381 22.4748554229736 14.7242364883423 9.465407371521 22.7324371337891 78.6310043334961 118.00269317627 189.82878112793 359.187194824219 522.607116699219 142.949584960938 -3.4e+38 -3.4e+38 -3.4e+38 -3.4e+38 -3.4e+38 -3.4e+38 17.4392642974854 352.942352294922 686.939208984375
6.37240648269653 6.72195291519165 3.75619626045227 4.59555149078369 13.0096645355225 9.43985366821289 6.10448026657104 8.14834117889404 11.7374467849731 18.5325756072998 42.3277244567871 137.460861206055 48.6962471008301 28.698787689209 22.9488334655762 52.6089057922363 64.1038131713867 57.0634765625 80.3808822631836 71.9832763671875 146.604034423828 235.829345703125 39.0240821838379 68.1278228759766 54.0834197998047 22.1532192230225 37.5219688415527 39.1653938293457 72.3216857910156 43.5442581176758 39.0065040588379 21.4132404327393 28.3412570953369 3.39723753929138 20.6970729827881 16.4671287536621 14.6424198150635 22.044017791748 23.8860454559326 11.2512865066528 26.1261253356934 99.9210739135742 116.222023010254 186.32942199707 229.101791381836 336.380859375 632.306518554688 -3.4e+38 -3.4e+38 -3.4e+38 -3.4e+38 -3.4e+38 -3.4e+38 12.3765716552734 421.601745605469 614.783813476562
