rasters/edaphic_/bdod.asc
ncols        720
nrows        300
xllcorner    -180.000000000000
yllcorner    -60.000000000000
cellsize     0.500000000000
NODATA_value  nan
[rows 58 to 86 of 300, columns 198 to 263 of 720]
nan nan nan nan nan 119.21036529541015625 116.76456451416015625 116.37566375732421875 116.2521209716796875 115.4778289794921875 115.01560211181640625 115.10062408447265625 nan nan 113.66457366943359375 113.970001220703125 115.3693084716796875 116.19550323486328125 nan nan 119.06095123291015625 119.25559234619140625 nan nan nan nan nan nan nan nan nan nan nan nan nan nan nan nan nan nan nan nan nan nan nan nan nan nan nan nan nan nan nan nan nan nan nan nan nan nan nan nan nan nan nan 112.73096466064453125
nan nan nan nan nan nan nan 115.39667510986328125 116.3746795654296875 nan nan 115.41644287109375 115.0146636962890625 nan nan nan 114.254119873046875 115.23310089111328125 115.701019287109375 116.5855560302734375 nan 117.39588165283203125 116.33101654052734375 nan nan 117.40766143798828125 nan nan nan nan nan nan 114.51432037353515625 nan nan nan nan nan nan nan nan nan nan nan nan nan nan nan nan nan nan nan nan nan nan nan nan nan nan nan nan nan nan nan nan nan
nan nan nan nan nan nan nan 114.87347412109375 115.56569671630859375 nan 114.25592803955078125 nan nan 114.9759368896484375 nan 115.2093963623046875 114.26308441162109375 115.2913360595703125 nan 116.397186279296875 116.4976959228515625 115.91771697998046875 114.6871337890625 nan nan nan nan nan nan nan nan nan 114.6512908935546875 nan nan nan nan nan nan nan nan nan nan nan nan nan nan nan nan nan nan nan nan nan nan nan nan nan nan nan nan nan nan nan nan nan
nan nan nan nan nan nan 112.704376220703125 113.02170562744140625 112.526123046875 110.03433990478515625 110.0846405029296875 nan 113.83953857421875 114.81482696533203125 113.80046844482421875 113.4944000244140625 113.93726348876953125 115.2696380615234375 116.407379150390625 nan 116.6525726318359375 116.71649932861328125 116.676422119140625 nan nan nan nan nan nan nan 111.13660430908203125 112.053985595703125 113.51888275146484375 114.22635650634765625 nan nan nan nan nan nan nan nan nan nan nan nan nan nan nan nan nan nan nan nan nan nan nan nan nan nan nan nan nan nan nan nan
nan nan nan nan nan 112.441070556640625 111.54886627197265625 nan nan 111.224212646484375 110.85243988037109375 112.55648040771484375 112.8945770263671875 113.67092132568359375 113.42186737060546875 112.91146087646484375 113.96142578125 114.04845428466796875 nan 114.8105926513671875 115.284210205078125 115.47006988525390625 nan 115.0068359375 nan nan nan nan nan 111.50133514404296875 nan 113.05132293701171875 113.29555511474609375 113.236785888671875 113.08709716796875 111.89322662353515625 nan nan nan nan nan nan nan nan nan nan nan nan nan nan nan nan nan nan nan nan nan nan nan nan nan nan nan nan nan nan
nan nan nan nan nan nan 111.72472381591796875 111.01255035400390625 nan 111.0448760986328125 110.15605926513671875 111.14659881591796875 111.75331878662109375 112.4826202392578125 111.31290435791015625 108.82657623291015625 106.62664031982421875 105.85205078125 106.895233154296875 109.53838348388671875 nan nan 114.21360015869140625 nan 113.58887481689453125 112.32007598876953125 110.9895782470703125 110.30896759033203125 108.162139892578125 nan nan 113.85257720947265625 115.2796630859375 114.8558349609375 114.46707916259765625 112.32091522216796875 108.54888153076171875 nan nan nan nan nan nan nan nan nan nan nan nan nan nan nan nan nan nan nan nan nan nan nan nan nan nan nan nan nan
nan nan nan nan nan nan nan nan 109.33725738525390625 110.725860595703125 111.8792877197265625 nan nan 111.386505126953125 109.04900360107421875 104.76480865478515625 103.46938323974609375 103.8040771484375 nan 107.45816802978515625 108.54950714111328125 nan 110.39249420166015625 110.3050079345703125 110.77147674560546875 110.6698760986328125 109.93817901611328125 109.30954742431640625 109.152069091796875 nan 112.42362213134765625 114.54405975341796875 115.53751373291015625 115.03853607177734375 113.98389434814453125 113.157257080078125 110.740875244140625 nan 108.90613555908203125 nan nan nan nan nan nan nan nan nan nan nan nan nan nan nan nan nan nan nan nan nan nan nan nan nan nan nan
nan nan nan nan nan nan nan nan nan nan 109.103179931640625 nan nan 109.4698638916015625 107.864898681640625 106.5222930908203125 nan 105.4244842529296875 103.5126800537109375 103.1543121337890625 103.6934814453125 105.43790435791015625 106.34076690673828125 108.72406005859375 111.12603759765625 110.58202362060546875 109.49432373046875 109.2834014892578125 nan nan 111.2138671875 113.392669677734375 nan 113.88811492919921875 112.68412017822265625 nan 110.1007843017578125 nan nan nan nan nan nan nan nan nan nan nan nan nan nan nan nan nan nan nan nan nan nan nan nan nan nan nan nan nan
nan nan nan nan nan nan nan nan nan 107.63715362548828125 107.932098388671875 nan nan 108.8758697509765625 108.8576202392578125 106.32108306884765625 104.16190338134765625 103.35582733154296875 nan 101.819854736328125 104.0705108642578125 106.25608062744140625 106.31324005126953125 106.6363983154296875 nan 109.25513458251953125 109.169158935546875 109.39311981201171875 109.70880126953125 109.6598052978515625 111.3629150390625 113.5104522705078125 114.518463134765625 114.38124847412109375 112.6160430908203125 112.12665557861328125 111.21311187744140625 108.732025146484375 nan nan nan nan nan nan nan nan nan nan nan nan nan nan nan nan nan nan nan nan nan nan nan nan nan nan nan nan
nan nan nan 115.344512939453125 113.287689208984375 nan nan nan nan nan 107.02635955810546875 nan nan nan 107.5381622314453125 107.3889007568359375 105.98230743408203125 104.93729400634765625 104.57671356201171875 nan 103.99697113037109375 106.0478515625 105.24111175537109375 105.0948333740234375 106.08307647705078125 107.64287567138671875 nan 109.9302215576171875 nan nan 111.16761016845703125 112.226715087890625 113.43627166748046875 nan 113.14110565185546875 111.55499267578125 110.79549407958984375 108.4536895751953125 107.49553680419921875 nan nan nan nan nan nan nan nan nan nan nan nan nan nan nan nan nan nan nan nan nan nan nan nan nan nan nan
nan nan nan nan nan nan nan nan 103.6499786376953125 103.8902587890625 103.75815582275390625 103.47657012939453125 103.84442138671875 nan 106.520782470703125 nan 107.37412261962890625 104.56855010986328125 103.38835906982421875 nan 103.14992523193359375 105.27820587158203125 105.19290924072265625 104.344635009765625 104.15476226806640625 nan 108.2866973876953125 109.90708160400390625 110.63988494873046875 110.59796905517578125 109.833831787109375 110.87206268310546875 110.92303466796875 112.6405487060546875 114.0429229736328125 112.523193359375 110.7395782470703125 109.3468170166015625 nan nan nan nan nan nan nan nan nan nan nan nan nan nan nan nan nan nan nan nan nan nan nan nan nan nan nan nan
nan nan nan nan nan nan nan 100.7364501953125 100.19916534423828125 101.8789520263671875 102.4678497314453125 102.211273193359375 nan 102.60379791259765625 102.5498504638671875 nan 102.710357666015625 104.4513397216796875 nan 105.14191436767578125 nan 104.93395233154296875 106.4704132080078125 107.33969879150390625 106.90412139892578125 105.59844970703125 106.789459228515625 108.28934478759765625 nan nan 108.7226104736328125 109.808349609375 111.010406494140625 nan 112.4593048095703125 112.3058013916015625 112.12741851806640625 112.6950225830078125 110.39205169677734375 108.72918701171875 109.53350830078125 nan nan nan nan nan nan nan nan nan nan nan nan nan nan nan nan nan nan nan nan nan nan nan nan nan
nan nan nan 110.889404296875 107.035675048828125 nan 103.76944732666015625 102.82474517822265625 102.8271026611328125 103.567718505859375 102.6785430908203125 104.2687225341796875 nan 101.43590545654296875 101.54038238525390625 103.0493316650390625 104.42168426513671875 nan 105.74553680419921875 nan nan 105.9949798583984375 nan nan 108.1513519287109375 nan nan 106.29772186279296875 nan 109.708404541015625 109.94952392578125 nan 110.496337890625 110.6907958984375 110.9241485595703125 110.880645751953125 110.9362945556640625 111.3651885986328125 109.8591156005859375 109.13216400146484375 109.889251708984375 110.65044403076171875 110.7535247802734375 109.21070098876953125 108.54041290283203125 110.52774810791015625 nan nan nan nan nan nan nan nan nan nan nan nan nan nan nan nan nan nan nan nan
nan nan nan 110.391510009765625 107.991241455078125 105.76153564453125 105.53182220458984375 104.72214508056640625 105.22606658935546875 105.3847808837890625 104.95806884765625 104.3818206787109375 102.7225494384765625 101.91970062255859375 101.97356414794921875 102.68901824951171875 103.033447265625 104.26259613037109375 nan 106.30500030517578125 107.0943756103515625 nan 108.2410736083984375 107.0603790283203125 108.14141082763671875 108.1744842529296875 108.7404632568359375 106.96347808837890625 107.37529754638671875 109.5455780029296875 110.3843231201171875 110.1930389404296875 nan nan 110.5970611572265625 nan 110.10756683349609375 nan 109.7554168701171875 109.8569183349609375 112.40877532958984375 114.02312469482421875 113.75872039794921875 112.82811737060546875 111.93881988525390625 111.5161285400390625 nan nan nan nan nan nan nan nan nan nan nan nan nan nan nan nan nan nan nan nan
nan nan nan nan 110.49449920654296875 108.458984375 108.71273040771484375 nan nan 109.52025604248046875 nan nan 106.3459625244140625 104.0186309814453125 103.33660888671875 102.56551361083984375 103.14922332763671875 103.45665740966796875 104.77526092529296875 106.3654022216796875 107.08232879638671875 107.84201812744140625 nan 108.30828857421875 nan 108.95074462890625 109.42352294921875 108.742523193359375 nan 108.53284454345703125 109.91431427001953125 111.3520965576171875 111.10572052001953125 111.0897216796875 111.6016082763671875 nan nan 113.01519012451171875 113.6968994140625 113.44747161865234375 114.3005828857421875 114.4560089111328125 nan nan 114.545257568359375 117.3646392822265625 115.8571319580078125 112.6783905029296875 nan nan nan nan nan nan nan nan nan nan nan nan nan nan nan nan nan nan
nan nan nan nan 113.51526641845703125 112.5032958984375 111.5905609130859375 112.48836517333984375 nan nan 108.97708892822265625 107.014617919921875 106.74898529052734375 105.013427734375 103.56427001953125 103.78179931640625 104.736846923828125 103.7427215576171875 nan 103.614959716796875 105.61104583740234375 107.439117431640625 109.166290283203125 nan 112.635498046875 nan 110.718475341796875 nan 109.91643524169921875 110.69371795654296875 111.0005340576171875 111.18451690673828125 nan 113.3907928466796875 nan 112.96813201904296875 113.4707489013671875 115.12032318115234375 117.5184478759765625 117.50199127197265625 118.6517486572265625 nan 117.01488494873046875 nan 118.868316650390625 120.52907562255859375 119.7885589599609375 nan 115.1048736572265625 113.45201873779296875 nan nan nan nan nan nan nan nan nan nan nan nan nan nan nan nan
120.19744110107421875 nan nan nan nan 116.90827178955078125 115.71613311767578125 nan 117.041412353515625 114.99066925048828125 110.67041778564453125 109.2055816650390625 109.5456390380859375 109.0831146240234375 nan 108.42778778076171875 106.6100616455078125 106.29903411865234375 106.65706634521484375 nan 108.54523468017578125 110.9141998291015625 112.90361785888671875 nan 115.6146087646484375 115.77857208251953125 113.11748504638671875 112.0038299560546875 112.38433837890625 113.2914886474609375 113.94029998779296875 nan 114.2000579833984375 116.2248077392578125 117.70876312255859375 118.92742919921875 nan 119.6480712890625 119.987762451171875 120.45243072509765625 121.604339599609375 121.8349609375 120.930877685546875 121.56829071044921875 122.6740570068359375 124.450347900390625 123.69211578369140625 122.56784820556640625 120.40152740478515625 118.451263427734375 nan nan nan nan nan nan nan nan nan nan nan nan nan nan nan nan
nan nan nan nan nan 118.27327728271484375 118.7208709716796875 118.767852783203125 118.66938018798828125 115.6730194091796875 nan 115.74298858642578125 114.83896636962890625 nan 113.6389312744140625 nan 111.48509979248046875 111.3633880615234375 112.41300201416015625 nan 114.05582427978515625 115.37578582763671875 116.67316436767578125 117.954010009765625 118.54882049560546875 118.57556915283203125 117.615875244140625 115.3693695068359375 114.920989990234375 114.237701416015625 114.3075408935546875 115.1854095458984375 117.4750213623046875 121.06291961669921875 121.17522430419921875 nan 122.24401092529296875 122.2134857177734375 121.27693939208984375 121.0636749267578125 122.08596038818359375 122.47162628173828125 121.735809326171875 121.45458221435546875 122.36989593505859375 123.6727294921875 124.05828857421875 124.397918701171875 122.6895751953125 122.862274169921875 nan nan nan nan nan nan nan nan nan nan nan nan nan nan nan nan
124.995086669921875 nan nan nan 122.45885467529296875 120.97548675537109375 120.3395233154296875 120.6230926513671875 121.3169097900390625 nan 120.59252166748046875 120.58660125732421875 120.45745849609375 120.88352203369140625 119.71990203857421875 nan 118.507781982421875 119.31195068359375 119.3428497314453125 118.7098388671875 118.11907958984375 119.35589599609375 120.57006072998046875 121.4303131103515625 121.25749969482421875 119.16802978515625 117.366851806640625 119.03631591796875 119.393463134765625 117.7217254638671875 116.66834259033203125 nan 121.89605712890625 123.13886260986328125 122.75945281982421875 122.7104339599609375 122.441436767578125 120.71512603759765625 120.15497589111328125 nan 120.937042236328125 122.46593475341796875 122.1476287841796875 121.91277313232421875 121.3186492919921875 121.7627716064453125 122.3320770263671875 124.847991943359375 124.7924346923828125 125.447296142578125 nan nan nan nan nan nan nan nan nan nan nan nan nan nan nan nan
125.7816009521484375 126.134033203125 nan 125.33657073974609375 124.28894805908203125 124.01644134521484375 124.9654083251953125 126.426666259765625 126.41780853271484375 124.8979034423828125 nan nan 125.89952850341796875 125.7320709228515625 125.54016876220703125 nan 124.4785614013671875 124.66776275634765625 123.7154083251953125 nan 121.05771636962890625 121.4635009765625 124.26763916015625 124.992095947265625 123.6598663330078125 nan 118.55628204345703125 120.54769134521484375 121.60694122314453125 121.80826568603515625 122.36058807373046875 123.420135498046875 122.776153564453125 121.825408935546875 121.27136993408203125 121.54549407958984375 122.57558441162109375 122.1044158935546875 121.71723175048828125 121.26892852783203125 120.96056365966796875 121.4166107177734375 121.6273956298828125 123.05751800537109375 123.3184051513671875 123.6094818115234375 nan nan 129.7855377197265625 nan nan nan nan nan nan nan nan nan nan nan nan nan nan nan nan nan
127.836669921875 128.0009765625 128.27337646484375 128.500732421875 128.9949951171875 129.964569091796875 131.103790283203125 130.9733123779296875 129.8654327392578125 127.37469482421875 126.8338623046875 127.37030792236328125 nan 129.1956634521484375 130.1495819091796875 129.50299072265625 127.8195953369140625 127.329803466796875 127.54201507568359375 127.116119384765625 126.47866058349609375 124.20623779296875 122.7648773193359375 124.06093597412109375 nan 121.42235565185546875 122.30590057373046875 122.64835357666015625 122.94370269775390625 123.4501953125 124.99872589111328125 nan 124.6903076171875 124.92653656005859375 124.59313201904296875 125.7328033447265625 126.51306915283203125 127.1395721435546875 126.82071685791015625 125.525421142578125 nan 124.7530670166015625 126.76189422607421875 127.4419403076171875 nan nan nan nan 126.53531646728515625 126.36808013916015625 nan nan nan nan nan nan nan nan nan nan nan nan nan nan nan nan
129.9928436279296875 130.790313720703125 132.0580902099609375 132.693023681640625 132.630584716796875 133.8437652587890625 134.022705078125 133.0253143310546875 132.3277587890625 129.6120452880859375 127.337066650390625 nan 128.6524200439453125 129.1595306396484375 131.17352294921875 131.31622314453125 129.779754638671875 129.0336151123046875 128.062408447265625 127.7627105712890625 126.92897796630859375 126.70339202880859375 126.94014739990234375 126.90740203857421875 126.0679168701171875 124.8615570068359375 123.14313507080078125 124.30852508544921875 127.9333953857421875 129.847259521484375 131.099639892578125 nan nan 130.953369140625 nan 128.8264923095703125 nan 132.436798095703125 133.2951507568359375 nan 131.5195465087890625 130.9318084716796875 nan nan nan nan nan 123.99633026123046875 125.25431060791015625 nan nan nan nan nan nan nan nan nan nan nan nan nan nan nan nan nan
133.583892822265625 134.1753997802734375 134.4925537109375 134.3555755615234375 133.695037841796875 134.4457855224609375 134.9029388427734375 133.5446319580078125 nan 130.918792724609375 130.2233428955078125 130.1157684326171875 129.9081878662109375 nan 131.247283935546875 131.2678680419921875 130.0231781005859375 nan 129.142852783203125 128.7046966552734375 128.3915252685546875 nan 129.3206634521484375 129.2382049560546875 128.23480224609375 128.195220947265625 127.42192840576171875 128.4888153076171875 nan nan nan nan nan nan 134.9875030517578125 133.5616912841796875 nan nan nan nan nan nan nan nan nan nan 120.91701507568359375 121.99786376953125 nan 130.759368896484375 nan nan nan nan nan nan nan nan nan nan nan nan nan nan nan nan
137.5665130615234375 135.6454620361328125 135.6080322265625 133.74700927734375 132.0849151611328125 132.5269012451171875 132.989410400390625 132.27337646484375 129.8562164306640625 129.5428924560546875 129.3189849853515625 129.3665008544921875 128.98236083984375 130.7724151611328125 132.24365234375 132.5688323974609375 133.4801025390625 133.4243927001953125 129.388275146484375 126.8762664794921875 126.669281005859375 127.00218963623046875 128.798187255859375 130.2945404052734375 131.270294189453125 131.81707763671875 nan nan nan nan nan nan nan nan nan 133.1536865234375 133.5225372314453125 135.1035614013671875 nan nan nan nan nan nan nan nan 120.94178009033203125 128.165679931640625 131.1324920654296875 133.2758941650390625 134.06597900390625 134.001800537109375 135.2267303466796875 136.477874755859375 136.385467529296875 nan nan nan nan nan nan nan nan nan nan nan
139.0046844482421875 nan 137.4895782470703125 135.0418701171875 133.737335205078125 134.1631011962890625 132.80841064453125 131.308380126953125 127.96013641357421875 127.2629852294921875 128.583984375 128.7415313720703125 nan 129.77606201171875 131.0157623291015625 132.3906707763671875 136.24420166015625 137.977142333984375 nan 126.72559356689453125 nan 124.83238983154296875 129.1859893798828125 133.573089599609375 nan nan 135.099334716796875 132.96539306640625 128.545684814453125 124.9413299560546875 126.0789031982421875 126.96855926513671875 128.4359283447265625 nan nan nan nan nan nan nan nan nan nan nan nan 120.51190948486328125 nan 126.64759063720703125 nan 134.221893310546875 134.0185546875 132.4901275634765625 132.720123291015625 135.1594085693359375 nan nan nan nan nan nan nan nan nan nan nan nan
nan 137.41937255859375 137.90960693359375 137.0043792724609375 137.2952880859375 137.162109375 135.2834625244140625 132.627655029296875 129.0050811767578125 127.447357177734375 128.17999267578125 129.0005035400390625 129.348236083984375 130.1824951171875 131.4393768310546875 133.0718994140625 135.088897705078125 135.7203826904296875 130.61981201171875 nan 127.03549957275390625 128.285400390625 133.4609375 nan 138.565338134765625 134.8997650146484375 132.553131103515625 132.8746795654296875 132.3605194091796875 132.374664306640625 131.734527587890625 129.9492645263671875 129.1630096435546875 nan nan nan nan nan nan nan nan nan nan nan nan 120.61513519287109375 120.98961639404296875 125.120452880859375 127.115478515625 nan 127.8868408203125 128.0845184326171875 130.061279296875 132.61199951171875 130.642425537109375 nan nan nan nan nan nan nan nan nan nan nan
137.1803436279296875 137.7770538330078125 138.762481689453125 138.28802490234375 138.3875732421875 138.1680755615234375 137.8358001708984375 nan 130.791351318359375 nan 129.7680816650390625 129.0808258056640625 128.968597412109375 132.061370849609375 134.50054931640625 135.8236541748046875 135.6018524169921875 131.0220794677734375 121.60230255126953125 117.502227783203125 122.64736175537109375 130.8712005615234375 nan 138.849945068359375 135.8628692626953125 133.0376739501953125 132.469268798828125 134.867950439453125 136.067047119140625 137.8654632568359375 140.0345306396484375 138.84320068359375 nan nan nan nan nan nan nan nan nan nan nan nan 120.02337646484375 120.82135009765625 122.4892730712890625 123.627410888671875 124.80152130126953125 124.792816162109375 122.98189544677734375 123.88944244384765625 125.32686614990234375 127.25571441650390625 nan 128.3582611083984375 nan nan nan nan nan nan nan nan nan nan
137.415191650390625 138.3992919921875 nan 140.122406005859375 138.8710174560546875 138.781585693359375 nan 136.49456787109375 135.2447662353515625 133.7570648193359375 132.6050262451171875 131.8608245849609375 132.774322509765625 135.9931488037109375 136.8376007080078125 nan nan 126.88646697998046875 119.12415313720703125 118.2716064453125 125.07924652099609375 nan 138.60675048828125 135.2566070556640625 135.5578765869140625 137.0672149658203125 138.1660614013671875 136.549652099609375 133.9613800048828125 136.8434600830078125 140.2652740478515625 140.0384979248046875 nan nan nan nan nan nan nan nan nan nan nan nan nan nan nan nan nan nan nan 124.940521240234375 nan nan 126.5458526611328125 126.1943206787109375 nan nan nan nan nan nan nan nan nan nan
nan 142.5604095458984375 141.89495849609375 140.5887451171875 nan 140.4156646728515625 140.2400665283203125 139.567840576171875 nan 138.441650390625 nan 136.171295166015625 135.532257080078125 135.588531494140625 nan nan 137.711456298828125 134.98406982421875 132.3856658935546875 nan 136.667449951171875 138.390045166015625 138.7989654541015625 137.3436737060546875 138.2566375732421875 141.377655029296875 140.8501739501953125 138.546478271484375 136.350616455078125 140.0464630126953125 142.1005706787109375 141.1957855224609375 nan 143.30712890625 nan nan nan nan nan nan 119.8372802734375 nan nan nan nan nan nan nan nan nan nan nan nan nan nan 126.59525299072265625 nan nan nan nan nan nan nan nan nan nan
