rasters/edaphic_/bdod.asc
ncols        720
nrows        300
xllcorner    -180.000000000000
yllcorner    -60.000000000000
cellsize     0.500000000000
NODATA_value  nan
[rows 29 to 57 of 300, columns 0 to 65 of 720]
nan nan nan nan nan nan nan nan nan nan nan nan nan nan nan nan nan nan nan nan nan nan nan nan nan nan nan nan nan nan nan nan nan nan nan nan nan nan nan nan nan nan nan nan nan nan nan nan nan nan nan nan nan nan nan nan nan nan nan nan nan nan nan nan nan nan
nan nan nan nan nan nan nan nan nan nan nan nan nan nan nan nan nan nan nan nan nan nan nan nan nan nan nan nan nan nan nan nan nan nan nan nan nan nan nan nan nan nan nan nan nan nan nan nan nan nan nan nan nan nan nan nan nan nan nan nan nan nan nan nan nan nan
nan nan nan nan nan nan nan nan nan nan nan nan nan nan nan nan nan nan nan nan nan nan nan nan nan nan nan nan nan nan nan nan nan nan nan nan nan nan nan nan nan nan nan nan nan nan nan nan nan nan nan nan nan nan nan nan nan nan nan nan nan nan nan nan nan nan
nan nan nan nan nan nan nan nan nan nan nan nan nan nan nan nan nan nan nan nan nan nan nan nan nan nan nan nan nan nan nan nan nan nan nan nan nan nan nan nan nan nan nan nan nan nan nan nan nan nan nan nan nan nan nan nan nan nan nan nan nan nan nan nan nan nan
nan nan nan nan nan nan nan nan nan nan nan nan nan nan nan nan nan nan nan nan nan nan nan nan nan nan nan nan nan nan nan nan nan nan nan nan nan nan nan nan nan nan nan nan nan nan nan nan nan nan nan nan nan nan nan nan nan nan nan nan nan nan nan nan nan nan
nan nan nan nan nan nan nan nan nan nan nan nan nan nan nan nan nan nan nan nan nan nan nan nan nan nan nan nan nan nan nan nan nan nan nan nan nan nan nan nan nan nan nan nan nan nan nan nan nan nan nan nan nan nan nan nan nan nan nan nan nan nan nan nan nan nan
nan nan nan nan nan nan nan nan nan nan nan nan nan nan nan nan nan nan nan nan nan nan nan nan nan nan nan nan nan nan nan nan nan nan nan nan nan nan nan nan nan nan nan nan nan nan nan nan nan nan nan nan nan nan nan nan nan nan nan nan nan nan nan nan nan nan
nan nan nan nan nan nan nan nan nan nan nan nan nan nan nan nan nan nan nan nan nan nan nan nan nan nan nan nan nan nan nan nan nan nan nan nan nan nan nan nan nan nan nan nan nan nan nan nan nan nan nan nan nan nan nan nan nan nan nan nan nan nan nan nan nan nan
nan nan 109.06243133544921875 109.95648193359375 111.0818328857421875 nan nan nan nan nan nan nan nan nan nan nan nan nan nan nan nan nan nan nan nan nan nan nan nan nan nan nan nan nan nan nan nan nan nan nan nan nan nan nan nan nan 50.2766876220703125 50.3256683349609375 nan nan nan nan nan nan nan nan nan nan nan nan nan nan nan nan nan nan
nan nan nan nan nan nan nan nan nan nan nan nan nan nan nan nan nan nan nan nan nan nan nan nan nan nan nan nan nan nan nan nan nan nan nan nan nan nan nan nan nan nan 72.59992218017578125 nan 66.94426727294921875 63.78589630126953125 60.475452423095703125 nan 64.61510467529296875 nan nan 65.2237548828125 64.4353790283203125 63.644031524658203125 nan nan nan nan nan nan nan nan nan nan nan nan
nan nan nan nan nan nan nan nan nan nan nan nan nan nan nan nan nan nan nan nan nan nan nan nan nan nan nan nan nan nan nan nan nan nan nan nan 90.71681976318359375 nan 85.50450897216796875 84.74808502197265625 nan nan 83.9128875732421875 nan 83.99671173095703125 83.60455322265625 83.3520660400390625 nan 79.21157073974609375 78.72965240478515625 nan 81.69324493408203125 nan 78.75601959228515625 nan nan 78.05364227294921875 80.720184326171875 nan 83.14290618896484375 nan 81.7483978271484375 82.59476470947265625 83.1619110107421875 nan nan
nan nan nan nan nan nan nan nan nan nan nan nan nan nan nan nan nan nan nan nan nan nan nan nan nan nan nan nan nan nan nan nan nan nan nan 97.81095123291015625 96.7015533447265625 95.36643218994140625 93.9687652587890625 92.93798065185546875 93.06798553466796875 93.7216033935546875 93.5795135498046875 93.2977142333984375 93.9514007568359375 94.387786865234375 93.7756805419921875 93.62046051025390625 94.27215576171875 93.47122955322265625 91.96190643310546875 91.0920257568359375 89.768402099609375 87.5817718505859375 nan 84.8715667724609375 nan 89.28521728515625 88.65285491943359375 86.69573211669921875 87.42722320556640625 91.1146392822265625 95.67546844482421875 94.16211700439453125 93.2166290283203125 91.41680908203125
nan nan nan nan nan nan nan nan nan nan nan nan nan nan nan nan nan nan nan nan nan nan nan nan nan nan nan nan nan nan nan nan nan nan 94.5222625732421875 94.5152740478515625 94.1039581298828125 94.33681488037109375 94.56841278076171875 93.9670257568359375 93.5408782958984375 92.93338775634765625 92.232086181640625 91.967498779296875 91.9933319091796875 92.34281158447265625 92.1233062744140625 92.98323822021484375 93.23218536376953125 92.57117462158203125 93.2938995361328125 93.2707061767578125 92.11753082275390625 91.400787353515625 90.37232208251953125 89.59079742431640625 89.75728607177734375 91.27748870849609375 93.5587310791015625 94.5797119140625 94.45342254638671875 93.95629119873046875 96.81511688232421875 98.16431427001953125 97.4754486083984375 96.13739776611328125
101.6344146728515625 101.1496429443359375 nan nan nan nan nan nan nan nan nan nan nan nan nan nan nan nan nan nan nan nan nan nan nan nan nan nan 96.46895599365234375 93.8407745361328125 93.8608245849609375 95.39611053466796875 95.1578521728515625 94.502655029296875 95.30377960205078125 95.08658599853515625 94.72444915771484375 95.2179718017578125 96.9267730712890625 96.15488433837890625 94.52065277099609375 93.7659759521484375 93.65172576904296875 92.37583160400390625 92.309539794921875 92.69577789306640625 92.89385223388671875 93.72191619873046875 93.0374908447265625 92.52862548828125 92.90683746337890625 94.1049652099609375 94.53951263427734375 94.9605865478515625 94.87612152099609375 95.17211151123046875 95.7608489990234375 97.14685821533203125 97.5271453857421875 96.75823974609375 97.287933349609375 96.516510009765625 97.80413818359375 98.8650970458984375 99.39041900634765625 99.52851104736328125
103.441680908203125 103.0713653564453125 102.69101715087890625 103.7991485595703125 103.873504638671875 nan nan nan nan nan nan nan nan nan nan nan nan nan nan nan nan nan nan nan nan nan nan nan 96.255828857421875 95.1992340087890625 95.3878021240234375 96.433929443359375 96.9851226806640625 96.3655548095703125 96.683624267578125 96.81865692138671875 96.347412109375 95.92688751220703125 97.479766845703125 96.7637786865234375 94.242034912109375 92.77947235107421875 93.04354095458984375 92.78375244140625 93.4561767578125 94.13838958740234375 94.72518157958984375 95.626007080078125 96.8027496337890625 98.6930999755859375 100.099853515625 100.646942138671875 101.01910400390625 100.87201690673828125 100.119140625 101.0798797607421875 100.61948394775390625 100.54998016357421875 101.31175994873046875 101.035308837890625 100.9271087646484375 101.3208160400390625 102.22083282470703125 102.23493194580078125 101.40680694580078125 101.50016021728515625
nan 104.072540283203125 103.10327911376953125 103.629486083984375 104.2721710205078125 102.774169921875 101.8678436279296875 100.66619873046875 nan nan nan nan nan nan nan nan nan nan nan nan nan nan nan nan nan nan nan nan nan nan nan 97.2585296630859375 96.14305877685546875 94.7581634521484375 93.6409912109375 93.71302032470703125 96.46950531005859375 96.142791748046875 95.00203704833984375 95.74155426025390625 95.6340179443359375 94.70343017578125 93.919189453125 94.8139495849609375 94.2715911865234375 96.21546173095703125 99.16170501708984375 100.13840484619140625 100.70165252685546875 103.7653045654296875 105.13832855224609375 104.37506103515625 102.9212493896484375 102.43938446044921875 100.93575286865234375 99.7786865234375 100.427215576171875 100.3938140869140625 100.10744476318359375 99.47858428955078125 100.58483123779296875 102.92577362060546875 104.12261199951171875 102.48105621337890625 99.451629638671875 99.04804229736328125
104.91326904296875 105.20073699951171875 104.64166259765625 103.0910186767578125 102.78243255615234375 103.70822906494140625 104.1796875 102.97174072265625 101.96610260009765625 nan nan nan nan nan nan nan nan nan nan nan nan nan nan nan nan nan nan nan nan nan nan nan 96.591766357421875 96.97992706298828125 96.57799530029296875 95.58837890625 94.73267364501953125 93.7308197021484375 94.416351318359375 96.049285888671875 94.0465087890625 95.44950103759765625 95.9441680908203125 96.1476593017578125 96.4450531005859375 97.5190277099609375 100.12705230712890625 102.65985107421875 104.5246734619140625 105.87503814697265625 105.94964599609375 105.82761383056640625 103.9903717041015625 102.97863006591796875 102.84210205078125 99.82840728759765625 98.18068695068359375 98.415985107421875 96.8303070068359375 96.5762939453125 97.49851226806640625 98.414947509765625 98.590087890625 98.35196685791015625 97.39278411865234375 97.51753997802734375
nan 103.91431427001953125 103.62285614013671875 103.3168487548828125 103.4828643798828125 103.62960052490234375 102.7586212158203125 101.915924072265625 101.63350677490234375 101.4544677734375 100.80291748046875 nan 97.60813140869140625 97.781219482421875 97.92597198486328125 96.91555023193359375 94.1527099609375 nan nan nan nan nan nan nan nan nan nan nan nan nan nan nan nan nan nan 94.6034088134765625 92.4134368896484375 94.24900054931640625 94.04691314697265625 94.18194580078125 93.8264312744140625 95.04906463623046875 95.4519195556640625 95.72214508056640625 96.72161102294921875 98.14321136474609375 98.56725311279296875 99.9037933349609375 101.95638275146484375 103.65679168701171875 105.26331329345703125 107.4816436767578125 107.78411102294921875 107.129547119140625 105.59906005859375 103.2789764404296875 104.2213592529296875 104.41318511962890625 99.1851654052734375 99.07464599609375 99.236724853515625 95.52628326416015625 94.17186737060546875 95.4588165283203125 97.97008514404296875 98.73513031005859375
nan nan 104.396820068359375 103.52478790283203125 104.54986572265625 105.36577606201171875 104.74144744873046875 103.575653076171875 103.32164764404296875 102.1569061279296875 100.4458160400390625 98.69324493408203125 96.92371368408203125 97.861541748046875 98.2729339599609375 98.941253662109375 97.3289642333984375 96.82012939453125 98.2407989501953125 98.69321441650390625 nan nan nan nan nan nan nan nan 98.1022491455078125 99.87999725341796875 100.93204498291015625 98.70876312255859375 nan nan nan nan nan nan 96.91345977783203125 96.63665008544921875 96.5342254638671875 97.10742950439453125 97.57260894775390625 97.9448699951171875 99.265380859375 101.48914337158203125 101.4816131591796875 101.57131195068359375 103.66175079345703125 105.78021240234375 109.78130340576171875 111.36611175537109375 110.0265960693359375 110.39825439453125 109.68476104736328125 108.30179595947265625 107.60977935791015625 106.2398223876953125 101.9487762451171875 96.217803955078125 90.69329833984375 91.33304595947265625 nan 100.11449432373046875 101.9947052001953125 103.1552886962890625
nan nan nan 102.08878326416015625 104.2325439453125 104.483551025390625 102.97393035888671875 102.69830322265625 102.01041412353515625 100.385894775390625 98.89481353759765625 97.9839935302734375 97.1041412353515625 98.04096221923828125 98.8371124267578125 99.01720428466796875 99.20453643798828125 nan 98.61667633056640625 nan nan nan nan nan nan 98.50038909912109375 98.7403411865234375 99.341705322265625 99.0805816650390625 100.2284393310546875 100.35439300537109375 100.087310791015625 100.8621368408203125 102.0765838623046875 101.4211273193359375 101.41024017333984375 101.23248291015625 100.83480072021484375 100.8504486083984375 100.4583282470703125 99.992919921875 100.00439453125 100.45667266845703125 100.32112884521484375 101.45996856689453125 102.8639068603515625 104.1346282958984375 nan 105.61295318603515625 108.467041015625 110.7042694091796875 110.19905853271484375 108.2563323974609375 109.5578155517578125 110.2106475830078125 107.23398590087890625 107.33808135986328125 107.417266845703125 105.045318603515625 97.89797210693359375 91.7180633544921875 86.58765411376953125 85.6234588623046875 91.625152587890625 93.70230865478515625 93.7747344970703125
103.83077239990234375 nan nan nan nan nan nan nan 100.98751068115234375 100.3638153076171875 99.47913360595703125 99.12140655517578125 96.655853271484375 97.29065704345703125 99.51764678955078125 99.9866180419921875 nan nan nan nan nan nan nan nan nan nan nan nan 98.51836395263671875 99.1613922119140625 98.68231201171875 99.66268157958984375 101.84603118896484375 102.19722747802734375 101.83731842041015625 101.64626312255859375 102.11136627197265625 102.514007568359375 103.16613006591796875 103.10573577880859375 103.0957183837890625 102.7178955078125 101.516571044921875 101.7481231689453125 104.21148681640625 104.05213165283203125 104.6804962158203125 107.4668731689453125 109.17882537841796875 109.16864776611328125 109.18097686767578125 107.89965057373046875 107.26788330078125 108.56363677978515625 108.19178009033203125 105.56398773193359375 105.79105377197265625 105.55804443359375 105.45503997802734375 102.5664825439453125 96.59649658203125 88.02877044677734375 84.1090545654296875 87.19406890869140625 89.43536376953125 88.61962127685546875
nan nan nan nan nan nan nan nan nan nan nan 100.088165283203125 98.845550537109375 100.0140838623046875 nan 99.3431243896484375 nan nan nan nan nan nan nan nan nan nan nan 100.6122589111328125 100.52954864501953125 99.646820068359375 99.06653594970703125 99.33586883544921875 98.33544158935546875 100.0487823486328125 102.26891326904296875 103.01767730712890625 nan 103.54852294921875 102.29813385009765625 102.6465301513671875 104.43030548095703125 105.80048370361328125 102.794952392578125 102.8710479736328125 106.02170562744140625 105.8873443603515625 105.94965362548828125 106.9132080078125 107.79946136474609375 107.69579315185546875 107.4854888916015625 107.4590301513671875 109.7948455810546875 112.35924530029296875 110.26953887939453125 106.7467041015625 108.712371826171875 112.287445068359375 113.04625701904296875 110.13997650146484375 100.67397308349609375 90.34789276123046875 91.468505859375 93.45665740966796875 99.493377685546875 99.71039581298828125
nan nan nan nan nan nan nan nan nan nan nan nan nan nan nan nan nan nan nan nan nan nan nan nan nan nan nan nan nan nan nan nan nan nan nan nan nan nan 103.08036041259765625 103.6392364501953125 106.23682403564453125 107.49347686767578125 104.40636444091796875 104.7460784912109375 105.73921966552734375 106.08951568603515625 107.1053924560546875 108.3545989990234375 109.6944580078125 111.18500518798828125 112.24031829833984375 111.9129486083984375 110.92617034912109375 110.6511077880859375 108.18866729736328125 107.05014801025390625 110.396942138671875 nan 111.55853271484375 111.27783203125 110.23403167724609375 104.889251708984375 99.1685638427734375 100.3859405517578125 104.0260772705078125 103.10616302490234375
nan nan nan nan nan nan nan nan nan nan nan nan nan nan nan nan 98.31027984619140625 nan nan nan nan nan nan nan nan nan nan nan nan nan nan nan nan nan nan nan nan nan 105.2859649658203125 105.912322998046875 108.11299896240234375 108.00672149658203125 107.53711700439453125 107.5285797119140625 108.062255859375 108.7853851318359375 109.00310516357421875 108.86820220947265625 110.215789794921875 111.451446533203125 110.615966796875 110.5645904541015625 109.57514190673828125 109.97730255126953125 111.50904083251953125 112.94197845458984375 112.08827972412109375 109.5595245361328125 106.8559112548828125 107.6472930908203125 108.4592437744140625 108.14537811279296875 105.97377777099609375 106.44112396240234375 107.00963592529296875 105.08434295654296875
nan nan nan nan nan nan nan nan nan nan nan nan nan nan nan nan nan nan nan nan 98.329193115234375 98.50426483154296875 100.03638458251953125 nan nan nan nan nan nan nan nan nan nan nan nan 104.7722015380859375 106.29140472412109375 107.4087982177734375 107.89882659912109375 107.12715911865234375 106.47649383544921875 108.094635009765625 109.6230316162109375 109.2696533203125 110.6510162353515625 111.09406280517578125 110.5146636962890625 109.65436553955078125 108.46591949462890625 109.10959625244140625 109.37563323974609375 107.57068634033203125 107.71874237060546875 110.59078216552734375 111.9381103515625 113.52112579345703125 111.90787506103515625 109.3902435302734375 105.53086090087890625 nan 102.7641143798828125 105.64495086669921875 110.28084564208984375 108.43427276611328125 106.08716583251953125 103.05036163330078125
nan nan nan nan nan nan nan nan nan nan nan nan nan nan nan nan nan nan nan nan nan nan nan nan nan nan nan nan nan nan 99.67060089111328125 nan 100.973236083984375 103.86884307861328125 105.5536651611328125 105.76847076416015625 106.044769287109375 107.09174346923828125 106.94626617431640625 105.54389190673828125 104.741973876953125 107.64563751220703125 109.77521514892578125 110.13950347900390625 110.1896209716796875 108.49951171875 107.69652557373046875 108.11431884765625 107.92919921875 109.7500762939453125 110.79146575927734375 108.6642913818359375 108.1571197509765625 110.92163848876953125 110.63088226318359375 108.312286376953125 nan 104.0393218994140625 nan 96.13695526123046875 97.0941619873046875 101.07065582275390625 104.30068206787109375 107.376373291015625 106.11920166015625 103.36003875732421875
nan nan nan nan nan nan nan nan nan nan nan nan nan nan nan nan nan nan nan nan nan nan nan nan nan nan nan nan nan 97.15985107421875 99.02721405029296875 101.02829742431640625 nan 105.97876739501953125 105.26091766357421875 nan 105.93157958984375 106.66680908203125 106.3895263671875 104.52968597412109375 104.510467529296875 108.00801849365234375 109.78243255615234375 109.67534637451171875 108.39414215087890625 108.07392120361328125 108.5213165283203125 109.495880126953125 110.05072021484375 110.44513702392578125 110.9744415283203125 110.15111541748046875 108.07633209228515625 106.1664886474609375 104.55690765380859375 101.27225494384765625 nan 96.756988525390625 94.036651611328125 92.91403961181640625 95.07778167724609375 100.43088531494140625 102.94217681884765625 106.060882568359375 106.9333343505859375 104.7790985107421875
nan nan nan nan nan nan nan nan nan nan nan nan nan nan nan nan nan nan nan nan nan nan nan nan nan nan nan nan nan 96.483489990234375 96.4225921630859375 98.5227203369140625 nan 104.0754241943359375 103.6972808837890625 102.01059722900390625 102.851470947265625 nan 102.01734161376953125 103.40346527099609375 105.53723907470703125 107.73675537109375 108.28731536865234375 107.42414093017578125 107.693359375 107.926788330078125 nan 110.07164764404296875 111.588836669921875 110.2094573974609375 108.49633026123046875 108.14727783203125 106.0086822509765625 104.67314910888671875 104.8558807373046875 101.33679962158203125 95.48834991455078125 90.65261077880859375 91.55965423583984375 95.83307647705078125 98.0327606201171875 99.47069549560546875 99.7958984375 101.7891082763671875 102.787017822265625 104.60955047607421875
nan nan nan nan nan nan nan nan nan nan nan nan nan nan nan nan nan nan nan nan nan nan nan nan nan nan nan nan nan 97.48012542724609375 98.03905487060546875 100.0908660888671875 102.5423126220703125 104.33270263671875 104.53421783447265625 101.910736083984375 100.56768035888671875 nan 101.3315887451171875 104.62776947021484375 106.44506072998046875 108.17828369140625 108.45914459228515625 106.41423797607421875 106.4750518798828125 107.249237060546875 108.91474151611328125 110.9203643798828125 111.5343017578125 110.0143585205078125 108.9300384521484375 106.84897613525390625 104.0382843017578125 103.7135009765625 102.8101348876953125 nan 97.4658966064453125 94.09629058837890625 96.79157257080078125 nan 98.945770263671875 98.60808563232421875 nan 99.74103546142578125 96.60099029541015625 nan
