rasters/edaphic_/bdod.asc
ncols        720
nrows        300
xllcorner    -180.000000000000
yllcorner    -60.000000000000
cellsize     0.500000000000
NODATA_value  nan
[rows 87 to 115 of 300, columns 330 to 395 of 720]
nan nan nan nan nan nan nan nan nan nan nan nan nan nan nan nan nan nan nan nan nan nan nan nan nan nan nan nan 137.5863037109375 139.305450439453125 137.189056396484375 139.1769561767578125 141.5482177734375 142.3632659912109375 144.0211334228515625 143.103271484375 143.486602783203125 142.2212677001953125 143.0177459716796875 142.850860595703125 141.88970947265625 130.065826416015625 nan 125.12749481201171875 124.06085968017578125 125.7792816162109375 125.691925048828125 121.1735382080078125 120.30721282958984375 nan 127.451873779296875 128.9320220947265625 130.2255401611328125 126.27297210693359375 126.12273406982421875 124.02820587158203125 116.0620880126953125 107.3030548095703125 107.9614105224609375 118.4582672119140625 129.457916259765625 140.8235931396484375 147.0934600830078125 148.12713623046875 147.0235595703125 146.496429443359375
nan nan nan nan nan nan nan nan nan nan nan nan nan nan nan nan nan nan nan nan nan nan nan nan nan nan nan nan 140.2568511962890625 140.2812957763671875 137.53399658203125 140.997344970703125 143.095123291015625 139.595550537109375 138.078155517578125 135.932464599609375 138.4294586181640625 133.7805023193359375 139.7525634765625 142.933013916015625 nan nan 128.4365234375 121.1240234375 122.70897674560546875 127.86865234375 132.96209716796875 135.4300689697265625 nan 133.3117218017578125 132.5445098876953125 131.9118804931640625 133.7059173583984375 137.1731414794921875 140.5516815185546875 140.6065673828125 nan nan 112.975341796875 122.62084197998046875 133.8271331787109375 143.0990753173828125 nan 149.7871856689453125 148.2962188720703125 147.63128662109375
nan nan nan nan nan nan nan nan nan nan nan nan nan nan nan nan nan nan nan nan nan nan nan nan nan nan nan nan 144.515838623046875 144.640716552734375 143.8568115234375 144.30645751953125 143.60687255859375 141.226898193359375 137.849151611328125 131.572113037109375 132.8782958984375 132.516326904296875 134.297821044921875 140.2317962646484375 143.2716522216796875 131.2982177734375 124.582794189453125 122.43054962158203125 127.78191375732421875 140.2850494384765625 146.5680389404296875 146.4306488037109375 145.69842529296875 147.3440399169921875 145.4445343017578125 144.4681243896484375 143.34844970703125 143.6380157470703125 141.402069091796875 nan nan 136.095428466796875 126.54827117919921875 119.67499542236328125 129.087371826171875 142.665069580078125 147.028533935546875 149.1664886474609375 147.6326904296875 146.8560028076171875
nan nan nan nan nan nan nan nan nan nan nan nan nan nan nan nan nan nan nan nan nan nan nan nan nan nan nan nan 145.83685302734375 146.9316558837890625 147.136688232421875 146.402496337890625 144.8712158203125 144.7933807373046875 141.4912109375 135.6602020263671875 132.0284576416015625 129.3656158447265625 130.009490966796875 138.08941650390625 135.6202239990234375 129.5511932373046875 125.99253082275390625 124.1014251708984375 132.868133544921875 147.2913055419921875 144.83135986328125 142.594390869140625 132.186676025390625 133.093292236328125 140.3286285400390625 143.79449462890625 144.2907867431640625 142.8317718505859375 nan nan nan nan nan 130.4326019287109375 125.25308990478515625 131.1603851318359375 136.4128570556640625 142.1123809814453125 nan 146.9900360107421875
nan nan nan nan nan nan nan nan nan nan nan nan nan nan nan nan nan nan nan nan nan nan nan nan nan nan nan nan 144.764739990234375 147.15032958984375 148.67138671875 148.0769195556640625 147.2659149169921875 146.7183074951171875 144.7301483154296875 139.611175537109375 135.59320068359375 129.4310760498046875 138.5340728759765625 145.82159423828125 140.5010833740234375 137.4235992431640625 134.5433197021484375 127.4400482177734375 129.1829681396484375 134.7273406982421875 134.836181640625 nan nan 122.1567840576171875 124.0411834716796875 129.4573974609375 135.5778961181640625 139.9368743896484375 142.9635162353515625 nan nan nan nan nan nan 137.3328704833984375 133.1583099365234375 132.45867919921875 134.2762908935546875 135.46807861328125
nan nan nan nan nan nan nan nan nan nan nan nan nan nan nan nan nan nan nan nan nan nan nan nan nan nan nan 134.6933441162109375 138.820953369140625 142.9157257080078125 147.5869903564453125 148.591522216796875 147.8914642333984375 147.224884033203125 143.87567138671875 136.486724853515625 136.5877838134765625 137.0520477294921875 144.40960693359375 146.202484130859375 144.106658935546875 141.8811492919921875 139.1338958740234375 135.533843994140625 nan nan nan nan nan nan nan nan nan 130.02313232421875 135.0574188232421875 141.4795379638671875 nan nan nan nan nan 145.3788604736328125 141.7645263671875 137.3311614990234375 134.3300628662109375 131.4446868896484375
nan nan nan nan nan nan nan nan nan nan nan nan 131.1959075927734375 127.76200103759765625 126.219573974609375 124.63968658447265625 122.4525299072265625 123.51457977294921875 126.80081939697265625 126.96689605712890625 126.693695068359375 129.4756622314453125 130.381134033203125 130.3278045654296875 128.8834381103515625 127.8403472900390625 127.58788299560546875 130.113189697265625 132.5191650390625 137.1940460205078125 142.75775146484375 145.0241241455078125 145.9151611328125 146.906707763671875 142.752471923828125 137.970855712890625 141.3553314208984375 nan nan nan nan 138.9521331787109375 137.7542724609375 nan nan nan nan nan nan nan nan 137.2299346923828125 137.3827972412109375 139.034881591796875 138.1214141845703125 138.253570556640625 140.8055267333984375 nan nan nan nan nan nan 138.6680450439453125 139.2559814453125 139.439117431640625
nan nan nan nan nan nan nan nan nan nan nan nan 129.3031158447265625 125.365936279296875 126.83092498779296875 126.18707275390625 126.11341094970703125 128.535369873046875 133.640655517578125 135.7235107421875 135.99066162109375 138.700408935546875 139.8002471923828125 139.0882110595703125 137.375701904296875 135.576324462890625 137.503204345703125 135.4715423583984375 131.588897705078125 127.75586700439453125 126.97609710693359375 127.53363037109375 128.3560638427734375 129.195556640625 131.621795654296875 138.455078125 nan nan nan nan nan nan nan nan nan nan nan nan nan nan nan nan 139.8665924072265625 139.079437255859375 139.2621307373046875 136.1399078369140625 133.1030426025390625 136.438568115234375 nan nan nan nan nan nan nan nan
nan nan nan nan nan nan nan nan nan nan nan nan nan 125.2524261474609375 127.80572509765625 127.67171478271484375 129.9267425537109375 136.2794952392578125 141.9644012451171875 141.52777099609375 142.59100341796875 143.0645294189453125 144.078948974609375 140.4539337158203125 138.9313812255859375 142.6221466064453125 nan 144.2074432373046875 142.020477294921875 139.622650146484375 138.2598114013671875 136.1138763427734375 133.9220733642578125 131.1761932373046875 131.39117431640625 135.7581634521484375 138.8207855224609375 nan nan nan nan nan nan nan nan nan nan 131.7972259521484375 130.6740570068359375 nan nan nan nan 142.5283203125 140.3776397705078125 134.45782470703125 132.2867431640625 135.8948822021484375 137.545684814453125 nan nan nan nan nan nan nan
nan nan nan nan nan nan nan nan nan nan nan nan 130.138885498046875 129.6758270263671875 131.706573486328125 135.589996337890625 139.29290771484375 140.8402099609375 140.0336456298828125 139.3222198486328125 140.4945526123046875 141.94134521484375 142.2093048095703125 140.749725341796875 140.5688323974609375 143.9871368408203125 144.2642669677734375 144.4318084716796875 144.8042755126953125 144.940216064453125 144.8474884033203125 144.3093719482421875 144.4870147705078125 142.7590789794921875 139.0561065673828125 138.86639404296875 nan nan nan nan nan nan nan nan nan nan nan nan 130.963653564453125 nan nan nan nan nan nan 140.0189666748046875 136.206451416015625 133.484161376953125 131.86944580078125 139.1837310791015625 143.2637481689453125 140.2570343017578125 nan nan nan nan
nan nan nan nan nan nan nan nan nan nan nan nan nan 134.403167724609375 134.9048919677734375 139.5608673095703125 141.74652099609375 142.8446197509765625 141.2596893310546875 140.3980255126953125 140.8383026123046875 140.890625 140.87872314453125 141.3631744384765625 142.2657623291015625 143.227386474609375 144.82122802734375 145.39508056640625 145.2146148681640625 144.69647216796875 145.2767486572265625 144.2715301513671875 143.357391357421875 143.132476806640625 nan nan nan nan nan nan nan nan nan nan nan nan nan nan nan nan nan nan nan nan nan nan 141.14093017578125 138.0350189208984375 137.8128204345703125 137.17852783203125 140.6884613037109375 143.8507080078125 143.8259124755859375 nan nan nan
nan nan nan nan nan nan nan nan nan nan nan nan nan 132.2491455078125 133.385589599609375 139.061614990234375 143.21929931640625 143.324798583984375 142.8358306884765625 141.7280426025390625 141.3320770263671875 140.0163421630859375 140.5883331298828125 143.030975341796875 142.7824249267578125 142.52154541015625 145.5737762451171875 147.208160400390625 146.46038818359375 144.960357666015625 144.162445068359375 nan nan nan nan nan nan nan nan nan nan nan nan nan nan nan 140.9218292236328125 138.9666748046875 137.3288726806640625 nan nan nan nan nan nan nan nan nan nan nan 134.5249176025390625 137.051483154296875 141.3240203857421875 143.352294921875 142.674713134765625 nan
nan nan nan nan nan nan nan nan nan nan nan nan 141.692413330078125 137.329803466796875 134.7562713623046875 140.048126220703125 142.3343505859375 142.11273193359375 140.180633544921875 140.1051177978515625 140.99639892578125 142.6137237548828125 144.2529449462890625 144.7627105712890625 143.8574981689453125 143.2772674560546875 144.788360595703125 146.169342041015625 145.3459625244140625 143.55047607421875 144.8036041259765625 nan nan nan nan nan nan nan nan nan nan nan nan nan nan nan nan 137.37774658203125 136.8305206298828125 nan nan nan nan nan nan nan nan nan nan nan 132.2349395751953125 129.452911376953125 134.1717071533203125 141.627105712890625 nan nan
nan nan nan nan nan nan nan nan nan nan nan nan 140.1034088134765625 141.122650146484375 141.7099609375 146.7749176025390625 nan 148.3208465576171875 146.510223388671875 145.55926513671875 144.7557525634765625 145.1120758056640625 145.8107147216796875 146.08349609375 145.18658447265625 144.6862945556640625 144.9442138671875 144.840667724609375 145.1055145263671875 144.523529052734375 nan nan nan nan nan 139.9248199462890625 nan nan nan nan nan nan nan nan nan nan nan 139.4201507568359375 138.13153076171875 nan nan nan nan nan nan nan nan nan nan nan nan nan 130.2533416748046875 nan nan nan
nan nan nan nan nan nan nan nan nan nan nan 140.886444091796875 143.61126708984375 146.7967681884765625 147.97723388671875 148.0496673583984375 148.960357666015625 149.67840576171875 148.77337646484375 146.6490325927734375 143.94024658203125 143.819915771484375 145.7564849853515625 147.526458740234375 147.169647216796875 146.612884521484375 145.88433837890625 145.1824493408203125 146.30706787109375 nan nan nan nan nan nan nan nan nan nan nan nan nan nan nan nan nan nan 139.982177734375 141.098907470703125 nan nan nan nan nan nan nan nan nan nan nan nan nan 126.359832763671875 129.1447601318359375 nan nan
nan nan nan nan nan nan nan nan nan nan nan 141.536712646484375 147.3938446044921875 148.785858154296875 150.1110382080078125 150.5193634033203125 149.22247314453125 149.1976470947265625 148.70367431640625 148.2112579345703125 146.6878814697265625 145.0576629638671875 146.4080352783203125 147.5109710693359375 146.6148529052734375 145.52752685546875 146.558929443359375 146.2738494873046875 146.469024658203125 145.57562255859375 nan nan nan nan nan nan nan nan nan nan nan nan nan nan nan nan nan nan nan nan nan nan nan nan nan nan nan nan nan nan nan nan 129.3173370361328125 nan nan nan
nan nan nan nan nan nan nan nan nan nan nan nan nan 150.371185302734375 151.514862060546875 151.2378387451171875 147.9143524169921875 146.93597412109375 146.9181976318359375 146.7786407470703125 147.277923583984375 146.9362640380859375 146.4073028564453125 146.6854400634765625 144.2443695068359375 144.1576080322265625 147.38037109375 148.1636505126953125 149.313323974609375 nan nan nan nan nan nan nan nan nan nan nan nan nan nan nan nan nan nan nan nan nan nan nan nan nan nan nan nan nan nan nan nan nan 128.32806396484375 nan nan nan
nan nan nan nan nan nan nan nan nan nan nan nan 147.1351470947265625 150.7221832275390625 152.418487548828125 151.6018829345703125 148.2676849365234375 147.9640655517578125 150.0513916015625 151.0766754150390625 151.1093292236328125 150.2599639892578125 148.167633056640625 147.3550567626953125 145.8980255126953125 146.630035400390625 148.1926727294921875 150.2979278564453125 nan nan nan nan nan nan nan nan nan nan nan nan nan nan nan nan nan nan nan nan nan nan nan nan nan nan nan 151.0581512451171875 146.928314208984375 146.2015838623046875 144.941253662109375 140.592437744140625 nan nan nan nan nan nan
nan nan nan nan nan nan nan nan nan nan nan nan 146.201141357421875 148.137847900390625 149.6427154541015625 151.5587615966796875 152.762969970703125 152.735137939453125 154.1303558349609375 153.6439361572265625 152.0089874267578125 147.8828125 146.4500885009765625 143.67138671875 144.7977447509765625 147.8455963134765625 150.8607330322265625 nan nan nan nan nan nan nan nan nan nan nan nan nan nan nan nan nan nan nan nan nan nan 154.8742828369140625 nan nan nan nan nan nan nan 150.4176788330078125 150.032012939453125 147.0462646484375 nan nan nan nan nan nan
nan nan nan nan nan nan nan nan nan nan nan nan nan nan nan nan nan 151.5689697265625 149.9472198486328125 146.022796630859375 147.9340362548828125 147.6233673095703125 nan nan 145.0884246826171875 nan nan nan nan nan nan nan nan nan nan nan nan 146.640106201171875 142.7049407958984375 143.4170379638671875 nan 139.066925048828125 140.177490234375 145.07647705078125 148.3019256591796875 147.0814056396484375 145.5272369384765625 146.61614990234375 153.253143310546875 157.6455841064453125 nan 155.6363677978515625 nan nan nan nan nan nan nan 146.6505279541015625 nan nan nan nan nan nan
nan nan nan nan nan nan nan nan nan nan nan nan nan nan nan nan nan nan 145.4467620849609375 141.96221923828125 nan nan nan nan nan nan nan nan nan nan nan 151.61260986328125 150.4168548583984375 149.19305419921875 148.697540283203125 147.9959869384765625 147.834625244140625 148.3084259033203125 146.8997650146484375 147.216827392578125 146.6641693115234375 146.402740478515625 147.6511077880859375 148.940338134765625 149.6688385009765625 148.876434326171875 148.090576171875 151.496337890625 153.1683197021484375 154.12127685546875 155.8663482666015625 nan nan nan nan nan nan nan nan nan nan nan nan nan nan nan
nan nan nan nan nan nan nan nan nan nan nan nan nan nan nan nan nan nan nan nan nan nan nan nan nan nan nan nan nan 155.1524200439453125 155.3954620361328125 153.78546142578125 150.469329833984375 148.9227752685546875 149.139556884765625 150.216766357421875 150.6153717041015625 150.535491943359375 150.32244873046875 149.434112548828125 149.299072265625 148.4924468994140625 148.6215362548828125 148.6572265625 150.5311126708984375 151.23504638671875 151.109954833984375 151.05523681640625 151.104248046875 153.562408447265625 157.441986083984375 nan nan nan nan nan nan nan nan nan nan nan nan nan nan nan
nan nan nan nan nan nan nan nan nan nan nan nan nan nan nan nan nan nan 147.9641571044921875 143.0884857177734375 nan nan nan nan nan nan nan 153.8315277099609375 154.0501708984375 154.027008056640625 153.4663543701171875 151.5699920654296875 150.3448486328125 150.6149444580078125 152.21685791015625 152.567108154296875 151.7508544921875 150.654388427734375 150.5471343994140625 150.173858642578125 152.7707061767578125 150.5672607421875 147.6434173583984375 148.0662384033203125 149.5203704833984375 150.358062744140625 150.4386444091796875 150.9173583984375 153.2935638427734375 155.031494140625 156.23822021484375 156.8965911865234375 nan nan nan nan nan nan nan nan nan nan nan nan nan nan
nan nan nan nan nan nan nan nan nan nan nan nan nan nan nan nan nan 156.224639892578125 153.2140045166015625 148.267791748046875 146.441680908203125 145.7779998779296875 147.655914306640625 151.5115509033203125 152.192047119140625 151.07794189453125 151.6016387939453125 150.0941314697265625 150.9681243896484375 151.88909912109375 150.679473876953125 149.8133697509765625 149.6737823486328125 150.48565673828125 151.679473876953125 150.7435760498046875 151.0869598388671875 150.79730224609375 151.511688232421875 152.5366668701171875 153.058624267578125 152.934722900390625 149.6201324462890625 150.1573944091796875 151.083892822265625 150.8132476806640625 151.6373748779296875 151.788421630859375 153.609130859375 154.2384490966796875 155.2880401611328125 nan nan nan nan nan nan nan nan nan nan nan nan nan nan nan
nan nan nan nan nan nan nan nan nan nan nan nan nan nan nan nan nan 157.6624908447265625 156.073486328125 153.321929931640625 152.3291015625 149.8511199951171875 150.824859619140625 153.1279449462890625 151.5210113525390625 152.160919189453125 151.9387359619140625 151.0167388916015625 149.999755859375 150.3055877685546875 150.3306427001953125 149.8572845458984375 150.5416717529296875 151.8004913330078125 151.6744537353515625 151.2082061767578125 152.2163848876953125 152.5327606201171875 153.03863525390625 153.64605712890625 153.1341552734375 151.260894775390625 nan 142.144378662109375 149.3103790283203125 149.343292236328125 149.560577392578125 149.4258575439453125 149.7617034912109375 151.7083740234375 nan nan nan nan nan nan nan nan nan nan nan nan nan nan nan nan
nan nan nan nan nan nan nan nan nan nan nan nan nan nan nan nan nan 156.4189300537109375 154.452239990234375 152.6021881103515625 150.15350341796875 147.2019195556640625 147.8668212890625 150.749542236328125 151.3443756103515625 153.7807159423828125 153.267578125 151.7889862060546875 150.77191162109375 150.515380859375 151.1165924072265625 151.5682220458984375 150.7455291748046875 151.00836181640625 152.007537841796875 152.535888671875 152.937896728515625 153.1642303466796875 152.6903076171875 152.125213623046875 151.1626129150390625 149.859100341796875 145.86883544921875 144.5339813232421875 147.463287353515625 147.6293182373046875 146.618988037109375 146.576446533203125 147.8800506591796875 150.4270172119140625 nan nan nan nan nan nan nan nan nan nan nan nan nan nan nan nan
nan nan nan nan nan nan nan nan nan nan nan nan nan 158.7660064697265625 159.57623291015625 159.045623779296875 158.2283935546875 154.5403900146484375 150.6638946533203125 147.92010498046875 147.5024261474609375 148.5617828369140625 149.7958526611328125 150.14971923828125 151.1076507568359375 151.5831756591796875 151.5575408935546875 150.86468505859375 150.2790679931640625 149.7545928955078125 150.0778656005859375 150.8146820068359375 151.660186767578125 152.1070098876953125 152.662994384765625 152.908599853515625 152.2547760009765625 152.070892333984375 151.197845458984375 150.2911224365234375 149.39288330078125 147.20849609375 145.0698089599609375 145.1117095947265625 144.859771728515625 144.729522705078125 144.640106201171875 145.0370941162109375 146.399261474609375 148.171661376953125 150.6983184814453125 154.1741180419921875 nan nan nan nan nan nan nan nan nan nan nan nan nan nan
nan nan nan nan nan nan nan nan nan nan nan nan 161.34002685546875 160.328369140625 159.86419677734375 160.542724609375 160.064208984375 155.3704376220703125 148.7182464599609375 146.670135498046875 147.597747802734375 148.7613525390625 148.8539886474609375 149.35247802734375 150.840301513671875 151.3066864013671875 151.2198944091796875 149.95361328125 148.9441986083984375 149.5239105224609375 150.8015594482421875 151.6998443603515625 152.036163330078125 151.22125244140625 150.31494140625 149.9980010986328125 149.2214508056640625 148.7176666259765625 148.8569488525390625 148.8200836181640625 147.9398345947265625 146.142120361328125 144.210418701171875 144.7742156982421875 144.2514190673828125 143.83270263671875 144.7950592041015625 145.50537109375 146.2384796142578125 147.7209930419921875 149.1514129638671875 152.442474365234375 154.672027587890625 156.1361846923828125 156.2686004638671875 nan 157.9717254638671875 156.833343505859375 nan nan nan nan nan nan nan nan
nan nan nan nan nan nan nan nan nan nan nan nan 162.864013671875 160.2638702392578125 159.6474761962890625 161.4763946533203125 157.1432647705078125 149.4333648681640625 143.984100341796875 143.8896331787109375 146.3572540283203125 148.159912109375 149.6534271240234375 150.740570068359375 151.1197967529296875 151.29571533203125 149.2924652099609375 149.2159423828125 149.6826324462890625 149.2862701416015625 148.3668365478515625 149.160980224609375 149.03662109375 147.8080902099609375 146.8345794677734375 146.429718017578125 145.913543701171875 145.9751434326171875 146.7244720458984375 147.024688720703125 146.5673675537109375 145.7885589599609375 145.5205230712890625 145.484588623046875 144.6394195556640625 144.4206695556640625 144.8800506591796875 145.3095703125 144.5976104736328125 145.81671142578125 148.1343841552734375 150.3862152099609375 151.8440093994140625 152.2343902587890625 152.5982666015625 152.9346466064453125 152.4598388671875 151.719635009765625 151.5762786865234375 152.874420166015625 149.3532257080078125 nan nan nan nan nan
