rasters/edaphic_/bdod.asc
ncols        720
nrows        300
xllcorner    -180.000000000000
yllcorner    -60.000000000000
cellsize     0.500000000000
NODATA_value  nan
[rows 203 to 231 of 300, columns 264 to 329 of 720]
132.5326385498046875 133.3502044677734375 131.7527923583984375 131.112518310546875 133.1285858154296875 136.2146759033203125 nan 139.5086212158203125 139.6849212646484375 140.523040771484375 138.1340179443359375 136.8039398193359375 136.253570556640625 132.486297607421875 131.442291259765625 133.2160797119140625 134.71673583984375 136.116546630859375 138.8377227783203125 138.8282623291015625 135.1681060791015625 nan nan nan nan nan nan nan nan nan nan nan nan nan nan nan nan nan nan nan nan nan nan nan nan nan nan nan nan nan nan nan nan nan nan nan nan nan nan nan nan nan nan nan nan nan
133.04315185546875 133.85430908203125 131.8273162841796875 131.1066131591796875 132.28759765625 134.9874267578125 137.16827392578125 nan 138.8896026611328125 nan 139.5400238037109375 137.07403564453125 133.0974578857421875 131.276519775390625 132.1696929931640625 134.7637481689453125 135.27752685546875 136.19580078125 137.5753173828125 136.0720977783203125 nan nan nan nan nan nan nan nan nan nan nan nan nan nan nan nan nan nan nan nan nan nan nan nan nan nan nan nan nan nan nan nan nan nan nan nan nan nan nan nan nan nan nan nan nan nan
133.185516357421875 132.862335205078125 131.4706573486328125 131.579986572265625 132.69793701171875 135.6649932861328125 137.8803863525390625 138.4528350830078125 141.5513458251953125 141.093109130859375 139.515411376953125 137.4977874755859375 130.877777099609375 131.0365753173828125 132.7199554443359375 134.18707275390625 135.1336669921875 135.3859405517578125 nan 132.4907684326171875 nan nan nan nan nan nan nan nan nan nan nan nan nan nan nan nan nan nan nan nan nan nan nan nan nan nan nan nan nan nan nan nan nan nan nan nan nan nan nan nan nan nan nan nan nan nan
129.05328369140625 130.3249053955078125 132.0069122314453125 131.5728302001953125 133.8080902099609375 137.3856353759765625 139.535125732421875 138.152801513671875 141.399688720703125 141.4746856689453125 139.0362701416015625 136.8360595703125 129.5448760986328125 129.9680633544921875 133.8177490234375 130.375335693359375 128.7009124755859375 125.64757537841796875 nan nan nan nan nan nan nan nan nan nan nan nan nan nan nan nan nan nan nan nan nan nan nan nan nan nan nan nan nan nan nan nan nan nan nan nan nan nan nan nan nan nan nan nan nan nan nan nan
127.00153350830078125 127.3661651611328125 131.8972625732421875 131.8847808837890625 135.4534149169921875 139.923675537109375 140.9214935302734375 139.150787353515625 140.871063232421875 141.6956329345703125 139.7036590576171875 137.839447021484375 135.5606689453125 132.6652984619140625 135.3686981201171875 129.3544158935546875 122.58873748779296875 115.3544464111328125 nan nan nan nan nan nan nan nan nan nan nan nan nan nan nan nan nan nan nan nan nan nan nan nan nan nan nan nan nan nan nan nan nan nan nan nan nan nan nan nan nan nan nan nan nan nan nan nan
126.17066192626953125 127.78667449951171875 133.9623565673828125 132.506622314453125 133.60137939453125 137.4729156494140625 139.6262664794921875 139.1036224365234375 140.842254638671875 141.3434600830078125 138.7946319580078125 137.8376312255859375 138.3572845458984375 137.3839111328125 135.824798583984375 129.448272705078125 125.41800689697265625 119.7438812255859375 nan nan nan nan nan nan nan nan nan nan nan nan nan nan nan nan nan nan nan nan nan nan nan nan nan nan nan nan nan nan nan nan nan nan nan nan nan nan nan nan nan nan nan nan nan nan nan nan
124.056243896484375 130.675872802734375 132.87445068359375 131.102020263671875 130.7682037353515625 133.6429443359375 137.0089874267578125 138.7324676513671875 140.72796630859375 141.16552734375 138.2817230224609375 137.3991546630859375 138.602264404296875 137.4191436767578125 132.5272369384765625 128.0316162109375 127.09500885009765625 121.7890777587890625 nan nan nan nan nan nan nan nan nan nan nan nan nan nan nan nan nan nan nan nan nan nan nan nan nan nan nan nan nan nan nan nan nan nan nan nan nan nan nan nan nan nan nan nan nan nan nan nan
124.8294219970703125 129.1798553466796875 128.4587860107421875 128.5508880615234375 128.62646484375 132.64044189453125 135.521575927734375 137.58673095703125 140.0520477294921875 140.62213134765625 136.3531036376953125 134.968048095703125 135.649169921875 134.0423736572265625 128.9953155517578125 nan 129.5414886474609375 122.0933837890625 nan nan nan nan nan nan nan nan nan nan nan nan nan nan nan nan nan nan nan nan nan nan nan nan nan nan nan nan nan nan nan nan nan nan nan nan nan nan nan nan nan nan nan nan nan nan nan nan
nan 125.35662841796875 127.7851409912109375 129.955291748046875 131.9098052978515625 135.00347900390625 135.9970855712890625 136.7702178955078125 138.3199615478515625 138.4022674560546875 133.346893310546875 132.38104248046875 131.5364837646484375 127.18093109130859375 124.98859405517578125 130.3293914794921875 131.997344970703125 126.3216552734375 nan nan nan nan nan nan nan nan nan nan nan nan nan nan nan nan nan nan nan nan nan nan nan nan nan nan nan nan nan nan nan nan nan nan nan nan nan nan nan nan nan nan nan nan nan nan nan nan
124.8477325439453125 126.89513397216796875 128.549407958984375 129.9470672607421875 134.654266357421875 136.753509521484375 134.401275634765625 134.0110626220703125 135.487518310546875 135.13623046875 130.6991729736328125 130.3353118896484375 129.8522186279296875 125.132568359375 124.956512451171875 129.0323944091796875 132.080474853515625 130.3549041748046875 nan nan nan nan nan nan nan nan nan nan nan nan nan nan nan nan nan nan nan nan nan nan nan nan nan nan nan nan nan nan nan nan nan nan nan nan nan nan nan nan nan nan nan nan nan nan nan nan
125.6326446533203125 126.39963531494140625 130.071685791015625 132.4244384765625 134.7607269287109375 135.9272003173828125 133.4440460205078125 131.2759246826171875 132.066741943359375 131.6468353271484375 129.693450927734375 130.9651031494140625 129.414794921875 124.82674407958984375 124.32141876220703125 125.55484771728515625 129.81927490234375 131.6741943359375 nan nan nan nan nan nan nan nan nan nan nan nan nan nan nan nan nan nan nan nan nan nan nan nan nan nan nan nan nan nan nan nan nan nan nan nan nan nan nan nan nan nan nan nan nan nan nan nan
127.0373077392578125 127.5283203125 129.3208465576171875 130.7245635986328125 133.420318603515625 134.3315887451171875 134.365814208984375 132.186187744140625 130.96484375 128.866455078125 126.54137420654296875 126.3561553955078125 122.8680877685546875 122.8565673828125 126.23026275634765625 128.9301300048828125 133.0201873779296875 133.235137939453125 nan nan nan nan nan nan nan nan nan nan nan nan nan nan nan nan nan nan nan nan nan nan nan nan nan nan nan nan nan nan nan nan nan nan nan nan nan nan nan nan nan nan nan nan nan nan nan nan
128.328887939453125 128.3469390869140625 129.6509857177734375 129.4175567626953125 130.731048583984375 132.8553314208984375 134.4029541015625 132.2341461181640625 127.463897705078125 124.014007568359375 121.287445068359375 119.9304656982421875 119.22198486328125 121.71297454833984375 126.4695892333984375 132.064361572265625 134.4022674560546875 nan nan nan nan nan nan nan nan nan nan nan nan nan nan nan nan nan nan nan nan nan nan nan nan nan nan nan nan nan nan nan nan nan nan nan nan nan nan nan nan nan nan nan nan nan nan nan nan nan
129.5916900634765625 129.118804931640625 128.826141357421875 128.788116455078125 129.3480377197265625 nan 133.159820556640625 133.2926788330078125 124.40264129638671875 118.1502685546875 116.35953521728515625 119.7846221923828125 119.19025421142578125 120.0660858154296875 125.5719146728515625 132.62103271484375 133.111236572265625 nan nan nan nan nan nan nan nan nan nan nan nan nan nan nan nan nan nan nan nan nan nan nan nan nan nan nan nan nan nan nan nan nan nan nan nan nan nan nan nan nan nan nan nan nan nan nan nan nan
129.4649200439453125 127.9452667236328125 125.453948974609375 125.71845245361328125 127.89943695068359375 130.1200714111328125 131.466339111328125 131.712554931640625 123.011383056640625 117.50687408447265625 117.27620697021484375 119.10822296142578125 116.3297271728515625 118.0814208984375 124.19002532958984375 131 nan nan nan nan nan nan nan nan nan nan nan nan nan nan nan nan nan nan nan nan nan nan nan nan nan nan nan nan nan nan nan nan nan nan nan nan nan nan nan nan nan nan nan nan nan nan nan nan nan nan
127.7296600341796875 126.74492645263671875 125.0548095703125 123.0836639404296875 126.55347442626953125 129.5881195068359375 129.6983795166015625 129.0795135498046875 125.27618408203125 119.83547210693359375 118.28386688232421875 119.5452117919921875 116.8236846923828125 118.8812103271484375 123.298309326171875 129.0582733154296875 126.8614044189453125 nan nan nan nan nan nan nan nan nan nan nan nan nan nan nan nan nan nan nan nan nan nan nan nan nan nan nan nan nan nan nan nan nan nan nan nan nan nan nan nan nan nan nan nan nan nan nan nan nan
127.53662109375 124.48053741455078125 123.09436798095703125 122.5712890625 126.99723052978515625 127.690460205078125 126.71846771240234375 125.20655059814453125 122.4947662353515625 119.31058502197265625 118.43454742431640625 118.1980438232421875 117.5827484130859375 119.8787689208984375 120.73618316650390625 126.159027099609375 nan nan nan nan nan nan nan nan nan nan nan nan nan nan nan nan nan nan nan nan nan nan nan nan nan nan nan nan nan nan nan nan nan nan nan nan nan nan nan nan nan nan nan nan nan nan nan nan nan nan
128.2975616455078125 125.574951171875 122.91602325439453125 123.46506500244140625 126.066986083984375 123.9913177490234375 123.2935028076171875 120.3067169189453125 118.46337127685546875 118.83681488037109375 119.4915771484375 116.19029998779296875 114.293121337890625 114.2625885009765625 115.06549072265625 nan nan nan nan nan nan nan nan nan nan nan nan nan nan nan nan nan nan nan nan nan nan nan nan nan nan nan nan nan nan nan nan nan nan nan nan nan nan nan nan nan nan nan nan nan nan nan nan nan nan nan
127.9178314208984375 125.3974761962890625 123.27808380126953125 122.28783416748046875 123.07646942138671875 121.57563018798828125 119.472991943359375 117.27823638916015625 116.1933746337890625 116.7098541259765625 118.2750244140625 116.717926025390625 117.3903350830078125 121.30258941650390625 121.58844757080078125 nan nan nan nan nan nan nan nan nan nan nan nan nan nan nan nan nan nan nan nan nan nan nan nan nan nan nan nan nan nan nan nan nan nan nan nan nan nan nan nan nan nan nan nan nan nan nan nan nan nan nan
126.8121185302734375 124.0062255859375 120.945648193359375 119.5838775634765625 121.70934295654296875 119.96208953857421875 118.37639617919921875 116.78958892822265625 114.673675537109375 117.03269195556640625 119.6361236572265625 119.78847503662109375 121.36450958251953125 126.11224365234375 nan nan nan nan nan nan nan nan nan nan nan nan nan nan nan nan nan nan nan nan nan nan nan nan nan nan nan nan nan nan nan nan nan nan nan nan nan nan nan nan nan nan nan nan nan nan nan nan nan nan nan nan
125.08138275146484375 125.31098175048828125 119.87490081787109375 116.5242919921875 119.18466949462890625 119.1263885498046875 116.8616485595703125 115.3641204833984375 114.849365234375 117.4289093017578125 117.9096832275390625 119.51018524169921875 122.436767578125 125.349609375 nan nan nan nan nan nan nan nan nan nan nan nan nan nan nan nan nan nan nan nan nan nan nan nan nan nan nan nan nan nan nan nan nan nan nan nan nan nan nan nan nan nan nan nan nan nan nan nan nan nan nan nan
123.12686920166015625 126.12752532958984375 121.28987884521484375 116.15099334716796875 117.58432769775390625 116.34758758544921875 114.9843292236328125 116.542266845703125 118.52133941650390625 117.22931671142578125 115.47765350341796875 117.334136962890625 123.66815185546875 nan nan nan nan nan nan nan nan nan nan nan nan nan nan nan nan nan nan nan nan nan nan nan nan nan nan nan nan nan nan nan nan nan nan nan nan nan nan nan nan nan nan nan nan nan nan nan nan nan nan nan nan nan
126.27056121826171875 126.49407196044921875 119.06670379638671875 114.86614227294921875 115.01189422607421875 116.54935455322265625 114.8615875244140625 116.60149383544921875 121.4522705078125 nan 124.14397430419921875 126.10378265380859375 nan nan nan nan nan nan nan nan nan nan nan nan nan nan nan nan nan nan nan nan nan nan nan nan nan nan nan nan nan nan nan nan nan nan nan nan nan nan nan nan nan nan nan nan nan nan nan nan nan nan nan nan nan nan
125.35234832763671875 121.31175994873046875 nan 114.3633575439453125 115.9256744384765625 113.76827239990234375 111.51818084716796875 nan nan nan nan nan nan nan nan nan nan nan nan nan nan nan nan nan nan nan nan nan nan nan nan nan nan nan nan nan nan nan nan nan nan nan nan nan nan nan nan nan nan nan nan nan nan nan nan nan nan nan nan nan nan nan nan nan nan nan
117.8284912109375 113.925537109375 nan 103.3109283447265625 106.8815765380859375 nan nan nan nan nan nan nan nan nan nan nan nan nan nan nan nan nan nan nan nan nan nan nan nan nan nan nan nan nan nan nan nan nan nan nan nan nan nan nan nan nan nan nan nan nan nan nan nan nan nan nan nan nan nan nan nan nan nan nan nan nan
110.8098907470703125 108.556182861328125 nan nan nan nan nan nan nan nan nan nan nan nan nan nan nan nan nan nan nan nan nan nan nan nan nan nan nan nan nan nan nan nan nan nan nan nan nan nan nan nan nan nan nan nan nan nan nan nan nan nan nan nan nan nan nan nan nan nan nan nan nan nan nan nan
105.194122314453125 nan nan nan nan nan nan nan nan nan nan nan nan nan nan nan nan nan nan nan nan nan nan nan nan nan nan nan nan nan nan nan nan nan nan nan nan nan nan nan nan nan nan nan nan nan nan nan nan nan nan nan nan nan nan nan nan nan nan nan nan nan nan nan nan nan
nan nan nan nan nan nan nan nan nan nan nan nan nan nan nan nan nan nan nan nan nan nan nan nan nan nan nan nan nan nan nan nan nan nan nan nan nan nan nan nan nan nan nan nan nan nan nan nan nan nan nan nan nan nan nan nan nan nan nan nan nan nan nan nan nan nan
nan nan nan nan nan nan nan nan nan nan nan nan nan nan nan nan nan nan nan nan nan nan nan nan nan nan nan nan nan nan nan nan nan nan nan nan nan nan nan nan nan nan nan nan nan nan nan nan nan nan nan nan nan nan nan nan nan nan nan nan nan nan nan nan nan nan
