rasters/edaphic_/cec.asc
ncols        720
nrows        300
xllcorner    -180.000000000000
yllcorner    -60.000000000000
cellsize     0.500000000000
NODATA_value  nan
[rows 261 to 289 of 300, columns 198 to 263 of 720]
nan nan nan nan nan nan nan nan nan nan nan nan nan nan 258.650177001953125 290.473175048828125 290.084075927734375 254.484832763671875 265.51531982421875 257.788848876953125 232.321014404296875 216.7134857177734375 223.9092559814453125 223.817657470703125 226.5728912353515625 226.9037017822265625 218.665283203125 199.527587890625 185.6073455810546875 174.8256072998046875 171.5848541259765625 185.484710693359375 nan 163.7687530517578125 190.568206787109375 225.270660400390625 234.6525115966796875 nan nan nan nan nan nan nan nan nan nan nan nan nan nan nan nan nan nan nan nan nan nan nan nan nan nan nan nan nan
nan nan nan nan nan nan nan nan nan nan nan nan nan nan 261.71429443359375 283.526702880859375 nan nan 269.830596923828125 256.5740966796875 243.063262939453125 227.814666748046875 224.717681884765625 217.0138397216796875 214.7244415283203125 217.015960693359375 216.5095977783203125 218.17462158203125 216.3558502197265625 193.4721832275390625 174.2710113525390625 172.4998016357421875 nan nan nan nan nan nan nan nan nan nan nan nan nan nan nan nan nan nan nan nan nan nan nan nan nan nan nan nan nan nan nan nan nan nan
nan nan nan nan nan nan nan nan nan nan nan nan nan nan nan 285.209197998046875 nan 268.798858642578125 268.9617919921875 255.447509765625 237.5672607421875 223.4911651611328125 226.3766021728515625 229.4448394775390625 223.6258697509765625 221.120269775390625 215.77545166015625 213.907745361328125 209.1094970703125 196.160186767578125 186.462005615234375 183.35333251953125 nan nan nan nan nan nan nan nan nan nan nan nan nan nan nan nan nan nan nan nan nan nan nan nan nan nan nan nan nan nan nan nan nan nan
nan nan nan nan nan nan nan nan nan nan nan nan nan nan 271.24884033203125 nan nan 273.218505859375 266.831390380859375 250.13861083984375 239.19036865234375 225.3767852783203125 223.6311492919921875 228.4413909912109375 231.0912933349609375 226.95245361328125 220.67718505859375 214.034027099609375 206.8103179931640625 198.2655029296875 193.63665771484375 187.5581207275390625 190.7815704345703125 222.535736083984375 218.3262939453125 nan nan nan nan nan nan nan nan nan nan nan nan nan nan nan nan nan nan nan nan nan nan nan nan nan nan nan nan nan nan nan
nan nan nan nan nan nan nan nan nan nan nan nan nan nan 273.74066162109375 nan 277.005157470703125 269.685455322265625 nan 251.4052734375 242.316680908203125 229.2085723876953125 224.8928985595703125 226.6914520263671875 228.4171905517578125 223.556549072265625 220.7428131103515625 213.2296905517578125 210.562286376953125 207.062896728515625 198.0263671875 191.8884429931640625 nan nan 213.989837646484375 nan nan nan nan nan nan nan nan nan nan nan nan nan nan nan nan nan nan nan nan nan nan nan nan nan nan nan nan nan nan nan
nan nan nan nan nan nan nan nan nan nan nan nan nan 281.158447265625 275.3482666015625 nan 274.744964599609375 265.990966796875 257.989166259765625 248.138519287109375 241.64654541015625 225.5157928466796875 224.0381622314453125 222.5851287841796875 223.9611358642578125 221.8668365478515625 220.978851318359375 213.2186279296875 208.0070953369140625 209.34326171875 211.873138427734375 213.41162109375 nan nan nan nan nan nan nan nan nan nan nan nan nan nan nan nan nan nan nan nan nan nan nan nan nan nan nan nan nan nan nan nan nan nan
nan nan nan nan nan nan nan nan nan nan nan nan nan nan nan nan 275.83685302734375 269.368621826171875 259.744964599609375 244.9797821044921875 238.0044403076171875 224.706268310546875 219.247100830078125 217.699493408203125 215.6109619140625 216.029754638671875 220.3249053955078125 220.23809814453125 212.624725341796875 211.932647705078125 213.9484100341796875 nan nan nan nan nan nan nan nan nan nan nan nan nan nan nan nan nan nan nan nan nan nan nan nan nan nan nan nan nan nan nan nan nan nan nan
nan nan nan nan nan nan nan nan nan nan nan nan nan nan 303.289581298828125 nan 279.860504150390625 nan 261.13055419921875 246.0438690185546875 231.7148895263671875 221.63507080078125 220.5716552734375 217.12677001953125 213.66998291015625 214.868194580078125 216.3365936279296875 216.215087890625 214.565887451171875 216.5043792724609375 217.130035400390625 nan nan nan nan nan nan nan nan nan nan nan nan nan nan nan nan nan nan nan nan nan nan nan nan nan nan nan nan nan nan nan nan nan nan nan
nan nan nan nan nan nan nan nan nan nan nan nan nan 290.7305908203125 nan 287.09234619140625 nan 269.24688720703125 260.880706787109375 251.9486083984375 237.0249786376953125 218.4337615966796875 220.886566162109375 217.80474853515625 214.0390777587890625 214.1291656494140625 212.5677032470703125 211.89794921875 209.3441009521484375 212.721405029296875 215.246124267578125 nan nan nan nan nan nan nan nan nan nan nan nan nan nan nan nan nan nan nan nan nan nan nan nan nan nan nan nan nan nan nan nan nan nan nan
nan nan nan nan nan nan nan nan nan nan nan nan nan 295.98480224609375 295.01934814453125 286.685577392578125 282.344757080078125 267.821075439453125 256.46624755859375 252.309661865234375 231.6209869384765625 211.61798095703125 214.3984832763671875 215.5136260986328125 216.7327117919921875 211.0982666015625 205.3774566650390625 204.0848846435546875 206.178192138671875 nan nan nan nan nan nan nan nan nan nan nan nan nan nan nan nan nan nan nan nan nan nan nan nan nan nan nan nan nan nan nan nan nan nan nan nan nan
nan nan nan nan nan nan nan nan nan nan nan nan nan nan nan 288.59930419921875 281.20037841796875 267.515899658203125 256.0296630859375 250.44183349609375 227.943756103515625 215.5287017822265625 216.17755126953125 209.5713348388671875 208.589447021484375 207.23724365234375 201.7808990478515625 nan nan nan nan nan nan nan nan nan nan nan nan nan nan nan nan nan nan nan nan nan nan nan nan nan nan nan nan nan nan nan nan nan nan nan nan nan nan nan
nan nan nan nan nan nan nan nan nan nan nan nan nan 298.238189697265625 nan 291.81036376953125 283.065399169921875 271.007965087890625 253.2357025146484375 228.8550567626953125 220.3442840576171875 217.8367767333984375 216.86407470703125 208.191314697265625 198.728485107421875 192.6467437744140625 190.2421875 nan nan nan nan nan nan nan nan nan nan nan nan nan nan nan nan nan nan nan nan nan nan nan nan nan nan nan nan nan nan nan nan nan nan nan nan nan nan nan
nan nan nan nan nan nan nan nan nan nan nan nan 302.05816650390625 299.53192138671875 nan nan 276.90582275390625 262.544342041015625 255.6652679443359375 237.9073944091796875 218.9435272216796875 215.58209228515625 215.6520538330078125 217.8720245361328125 198.02947998046875 186.191375732421875 189.219879150390625 193.517974853515625 nan nan nan nan nan nan nan nan nan nan nan nan nan nan nan nan nan nan nan nan nan nan nan nan nan nan nan nan nan nan nan nan nan nan nan nan nan nan
nan nan nan nan nan nan nan nan nan nan nan nan nan nan nan 285.96234130859375 269.55670166015625 nan 237.7266082763671875 237.9897003173828125 237.4050750732421875 232.2835845947265625 228.29156494140625 227.3366546630859375 221.6353302001953125 206.678955078125 195.61114501953125 193.3757781982421875 200.084930419921875 210.5474395751953125 206.018768310546875 nan nan nan nan nan nan nan nan nan nan nan nan nan nan nan nan nan nan nan nan nan nan nan nan nan nan nan nan nan nan nan nan nan nan nan
nan nan nan nan nan nan nan nan nan nan nan nan nan 300.06732177734375 304.37652587890625 294.367828369140625 265.406402587890625 259.155059814453125 252.49188232421875 239.07501220703125 241.7828216552734375 235.17449951171875 229.1900177001953125 227.060791015625 231.6325225830078125 234.11181640625 220.5098419189453125 219.13885498046875 215.9510498046875 217.786773681640625 nan nan nan nan nan nan nan nan nan nan nan nan nan nan nan nan nan nan nan nan nan nan nan nan nan nan nan nan nan nan nan nan nan nan nan nan
nan nan nan nan nan nan nan nan nan nan nan 312.993377685546875 nan 309.777008056640625 314.607666015625 288.82666015625 nan 264.582489013671875 260.9012451171875 248.8923492431640625 239.0237884521484375 231.064300537109375 222.8217315673828125 223.8436126708984375 238.1812286376953125 246.278656005859375 243.02301025390625 245.146453857421875 236.7480621337890625 221.9115753173828125 nan nan nan nan nan nan nan nan nan nan nan nan nan nan nan nan nan nan nan nan nan nan nan nan nan nan nan nan nan nan nan nan nan nan nan nan
nan nan nan nan nan nan nan nan nan nan nan nan nan 301.898223876953125 nan nan 261.07672119140625 258.83013916015625 250.8898773193359375 243.186767578125 235.729217529296875 228.792022705078125 226.3309326171875 232.5116729736328125 247.6173553466796875 258.59967041015625 260.19122314453125 257.870758056640625 nan nan nan nan nan nan nan nan nan nan nan nan nan nan nan nan nan nan nan nan nan nan nan nan nan nan nan nan nan nan nan nan nan nan nan nan nan nan
nan nan nan nan nan nan nan nan nan nan nan nan 304.56170654296875 303.335723876953125 nan nan 263.621673583984375 252.350128173828125 239.2763214111328125 234.9478607177734375 232.1259002685546875 231.14434814453125 228.3397979736328125 229.1729736328125 242.5608062744140625 261.426788330078125 267.164398193359375 nan nan nan nan nan nan nan nan nan nan nan nan nan nan nan nan nan nan nan nan nan nan nan nan nan nan nan nan nan nan nan nan nan nan nan nan nan nan nan
nan nan nan nan nan nan nan nan nan nan nan 323.9844970703125 nan 297.9388427734375 nan nan 262.330780029296875 nan 229.7229766845703125 230.7511749267578125 228.7652130126953125 223.4544525146484375 223.2478179931640625 222.5733489990234375 229.5248260498046875 246.8136749267578125 251.0850372314453125 nan nan nan nan nan nan nan nan nan nan nan nan nan nan nan nan nan nan nan nan nan nan nan nan nan nan nan nan nan nan nan nan nan nan nan nan nan nan nan
nan nan nan nan nan nan nan nan nan nan nan nan nan nan nan nan nan nan 230.424285888671875 225.973541259765625 225.71954345703125 221.5979156494140625 218.3795166015625 220.6912078857421875 227.970550537109375 nan nan nan nan nan nan nan nan nan nan nan nan nan nan nan nan nan nan nan nan nan nan nan nan nan nan nan nan nan nan nan nan nan nan nan nan nan nan nan nan nan
nan nan nan nan nan nan nan nan nan nan nan 337.002777099609375 303.470306396484375 300.69927978515625 nan nan 261.1849365234375 nan 243.0606842041015625 221.0410308837890625 217.6490478515625 219.228973388671875 226.338531494140625 236.9652862548828125 nan nan nan nan nan nan nan nan nan nan nan nan nan nan nan nan nan nan nan nan nan nan nan nan nan nan nan nan nan nan nan nan nan nan nan nan nan nan nan nan nan nan
nan nan nan nan nan nan nan nan nan nan nan nan 301.959014892578125 nan nan nan nan 265.853729248046875 245.1259765625 224.368011474609375 225.5145263671875 232.3114776611328125 242.34063720703125 246.3599395751953125 nan nan nan nan nan nan nan nan nan nan nan nan nan nan nan nan nan nan nan nan nan nan nan nan nan nan nan nan nan nan nan nan nan nan nan nan nan nan nan nan nan nan
nan nan nan nan nan nan nan nan nan nan nan nan 314.82635498046875 nan nan 282.49658203125 280.08648681640625 279.67303466796875 256.435150146484375 241.1402435302734375 240.373046875 243.92095947265625 252.039031982421875 257.757049560546875 nan nan nan nan nan nan nan nan nan nan nan nan nan nan nan nan nan nan 283.68951416015625 nan 276.666107177734375 279.94525146484375 nan nan nan nan nan nan nan nan nan nan nan nan nan nan nan nan nan nan nan nan
nan nan nan nan nan nan nan nan nan nan nan nan nan nan 292.629547119140625 296.593353271484375 279.268218994140625 272.74285888671875 276.921356201171875 263.9197998046875 262.1527099609375 267.6915283203125 270.199462890625 267.328887939453125 264.741790771484375 nan nan nan nan nan nan nan nan nan nan nan nan nan nan nan nan nan nan nan nan nan nan nan nan nan nan nan nan nan nan nan nan nan nan nan nan nan nan nan nan nan
nan nan nan nan nan nan nan nan nan nan nan nan nan nan nan nan nan nan 264.871856689453125 277.610015869140625 274.882049560546875 nan nan 286.461578369140625 286.688751220703125 nan nan nan nan nan nan nan nan nan nan nan nan nan nan nan nan nan nan nan nan nan nan nan nan nan nan nan nan nan nan nan nan nan nan nan nan nan nan nan nan nan
nan nan nan nan nan nan nan nan nan nan nan nan nan nan nan nan 297.919097900390625 283.252532958984375 nan 257.851348876953125 nan 271.7701416015625 282.358978271484375 284.752471923828125 292.94927978515625 nan nan nan nan nan nan nan nan nan nan nan nan nan nan nan nan nan nan nan nan nan nan nan nan nan nan nan nan nan nan nan nan nan nan nan nan nan nan nan nan nan
nan nan nan nan nan nan nan nan nan nan nan nan nan nan nan nan 303.339324951171875 301.761199951171875 271.70263671875 249.3047943115234375 nan nan 274.549102783203125 284.029632568359375 286.406463623046875 294.293914794921875 nan nan nan nan nan nan nan nan nan nan nan nan nan nan nan nan nan nan nan nan nan nan nan nan nan nan nan nan nan nan nan nan nan nan nan nan nan nan nan nan
nan nan nan nan nan nan nan nan nan nan nan nan nan nan nan nan nan nan 296.937957763671875 nan 248.5129852294921875 242.54278564453125 nan 284.81903076171875 296.919586181640625 300.709381103515625 306.939422607421875 299.66033935546875 293.053558349609375 nan nan nan nan nan nan nan nan nan nan nan nan nan nan nan nan nan nan nan nan nan nan nan nan nan nan nan nan nan nan nan nan nan nan nan nan nan
nan nan nan nan nan nan nan nan nan nan nan nan nan nan nan nan nan nan nan nan 278.50140380859375 nan nan nan 273.9476318359375 278.71661376953125 281.489471435546875 288.718017578125 286.993804931640625 289.54461669921875 299.823699951171875 299.606781005859375 nan nan nan nan nan nan nan nan nan nan nan nan nan nan nan nan nan nan nan nan nan nan nan nan nan nan nan nan nan nan nan nan nan nan
