rasters/edaphic_/cec.asc
ncols        720
nrows        300
xllcorner    -180.000000000000
yllcorner    -60.000000000000
cellsize     0.500000000000
NODATA_value  nan
[rows 0 to 28 of 300, columns 132 to 197 of 720]
nan nan nan nan nan nan nan nan nan nan nan nan nan nan nan nan nan nan nan nan nan nan nan nan nan nan nan nan nan nan nan nan nan nan nan nan nan nan nan nan nan nan nan nan nan nan nan nan nan nan nan nan nan nan nan nan nan nan nan nan nan nan nan nan nan nan
nan nan nan nan nan nan nan nan nan nan nan nan nan nan nan nan nan nan nan nan nan nan nan nan nan nan nan nan nan nan nan nan nan nan nan nan nan nan nan nan nan nan nan nan nan nan nan nan nan nan nan nan nan nan nan nan nan nan nan nan nan nan nan nan nan nan
nan nan nan nan nan nan nan nan nan nan nan nan nan nan nan nan nan nan nan nan nan nan nan nan nan nan nan nan nan nan nan nan nan nan nan nan nan nan nan nan nan nan nan nan nan nan nan nan nan nan nan nan nan nan nan nan nan nan nan nan nan nan nan nan nan nan
nan nan nan nan nan nan nan nan nan nan nan nan nan nan nan nan nan nan nan nan nan nan nan nan nan nan nan nan nan nan nan nan nan nan nan nan nan nan nan nan nan nan nan nan nan nan nan nan nan nan nan nan nan nan nan nan nan nan nan nan nan nan nan nan nan nan
nan nan nan nan nan nan nan nan nan nan nan nan nan nan nan nan nan nan nan nan nan nan nan nan nan nan nan nan nan nan nan nan nan nan nan nan nan nan nan nan nan nan nan nan nan nan nan nan nan nan nan nan nan nan nan nan nan nan nan nan nan nan nan nan nan nan
nan nan nan nan nan nan nan nan nan nan nan nan nan nan nan nan nan nan nan nan nan nan nan nan nan nan nan nan nan nan nan nan nan nan nan nan nan nan nan nan nan nan nan nan nan nan nan nan nan nan nan nan nan nan nan nan nan nan nan nan nan nan nan nan nan nan
nan nan nan nan nan nan nan nan nan nan nan nan nan nan nan nan nan nan nan nan nan nan nan nan nan nan nan nan nan nan nan nan nan nan nan nan nan nan nan nan nan nan nan nan nan nan nan nan nan nan nan nan nan nan nan nan nan nan nan nan nan nan nan nan nan nan
nan nan nan nan nan nan nan nan nan nan nan nan nan nan nan nan nan nan nan nan nan nan nan nan nan nan nan nan nan nan nan nan nan nan nan nan nan nan nan nan nan nan nan nan nan nan nan nan nan nan nan nan nan nan nan nan nan nan nan nan nan nan nan nan nan nan
nan nan nan nan nan nan nan nan nan nan nan nan nan nan nan nan nan nan nan nan nan nan nan nan nan nan nan nan nan nan nan nan nan nan nan nan nan nan nan nan nan nan nan nan nan nan nan nan nan nan nan nan nan nan nan nan nan nan nan nan nan nan nan nan nan nan
nan nan nan nan nan nan nan nan nan nan nan nan nan nan nan nan nan nan nan nan nan nan nan nan nan nan nan nan nan nan nan nan nan nan nan nan nan nan nan nan nan nan nan nan nan nan nan nan nan nan nan nan nan nan nan nan nan nan nan nan nan nan nan nan nan nan
nan nan nan nan nan nan nan nan nan nan nan nan nan nan nan nan nan nan nan nan nan nan nan nan nan nan nan nan nan nan nan nan nan nan nan nan nan nan nan nan nan nan nan nan nan nan nan nan nan nan nan nan nan nan nan nan nan nan nan nan nan nan nan nan nan nan
nan nan nan nan nan nan nan nan nan nan nan nan nan nan nan nan nan nan nan nan nan nan nan nan nan nan nan nan nan nan nan nan nan nan nan nan nan nan nan nan nan nan nan nan nan nan nan nan nan nan nan nan nan nan nan nan nan nan nan nan nan nan nan nan nan nan
nan nan nan nan nan nan nan nan nan nan nan nan nan nan nan nan nan nan nan nan nan nan nan nan nan nan nan nan nan nan nan nan nan nan nan nan nan nan nan nan nan nan nan nan nan nan nan nan nan nan nan nan nan nan nan nan nan nan nan nan nan nan nan nan nan nan
nan nan nan nan nan nan nan nan nan nan nan nan nan nan nan nan nan nan nan nan nan nan nan nan nan nan nan nan nan nan nan nan nan nan nan nan nan nan nan nan nan nan nan nan nan nan nan nan nan nan nan nan nan nan nan nan nan nan nan nan nan nan nan nan nan nan
nan nan nan nan nan nan nan nan nan nan nan nan nan nan nan nan nan nan nan nan nan nan nan nan nan nan nan nan nan nan nan nan nan nan nan nan nan nan nan nan nan nan nan nan nan nan nan nan nan nan nan nan nan nan nan nan nan nan nan nan nan nan nan nan nan nan
nan nan nan nan nan nan nan nan nan nan nan nan nan nan nan nan nan nan nan nan nan nan nan nan nan nan nan nan nan nan nan nan nan nan nan nan nan nan nan nan nan nan nan nan nan nan nan nan nan nan nan nan nan nan nan nan nan nan nan nan nan nan nan nan 278.642333984375 nan
nan nan nan nan nan nan nan nan nan nan nan nan nan nan nan nan nan nan nan nan nan nan nan nan nan nan nan nan nan nan nan nan nan nan nan nan nan nan nan nan nan nan nan nan nan nan 283.132904052734375 285.6973876953125 280.478546142578125 278.18792724609375 281.147003173828125 nan nan nan nan nan nan nan nan nan nan nan 281.733306884765625 nan 288.90753173828125 nan
nan nan nan nan nan nan nan nan nan nan nan nan nan nan nan nan nan nan nan nan nan nan nan nan nan nan nan nan nan nan nan nan nan nan nan nan nan nan nan nan nan nan nan nan nan nan nan nan 295.64544677734375 291.723907470703125 290.413238525390625 291.6739501953125 293.42181396484375 297.808441162109375 302.767608642578125 304.7381591796875 309.370391845703125 313.52056884765625 316.198883056640625 nan nan nan nan nan nan 352.229583740234375
nan nan nan nan nan nan nan nan nan nan nan nan nan nan nan nan nan nan nan nan nan nan nan nan nan nan nan nan nan nan nan nan nan nan nan nan nan nan 324.626312255859375 321.953369140625 323.191009521484375 312.298675537109375 301.572845458984375 293.13287353515625 293.132049560546875 nan nan nan nan nan nan 305.5220947265625 301.60906982421875 302.545196533203125 nan nan 315.149139404296875 319.35626220703125 324.875457763671875 329.878448486328125 330.859832763671875 nan 334.510040283203125 nan 350.380218505859375 363.888580322265625
nan nan nan nan nan nan nan nan nan nan nan nan nan nan nan nan nan nan nan nan nan nan nan nan nan nan nan nan nan nan nan nan nan nan nan nan 317.9969482421875 325.928436279296875 327.7183837890625 338.45355224609375 nan nan nan nan 302.821563720703125 292.159820556640625 290.25164794921875 286.7830810546875 286.736297607421875 nan nan 291.55224609375 nan nan nan 307.982330322265625 nan nan nan nan nan nan 318.004547119140625 324.0245361328125 330.84356689453125 331.757476806640625
nan nan nan nan nan nan nan nan nan nan nan nan nan nan nan nan nan nan nan nan nan nan nan nan nan nan nan nan nan nan nan nan nan nan nan nan nan nan nan 345.97210693359375 nan nan nan nan nan nan nan nan 316.6212158203125 322.151123046875 nan 326.236907958984375 318.77288818359375 310.0555419921875 nan 315.788787841796875 316.170623779296875 319.242706298828125 320.33880615234375 323.21063232421875 329.967559814453125 338.15093994140625 335.362396240234375 328.304840087890625 nan 339.4730224609375
nan nan nan nan nan nan nan nan nan nan nan nan nan nan nan nan nan 331.26800537109375 332.82806396484375 339.41943359375 348.323394775390625 352.056854248046875 nan nan nan nan nan nan nan nan nan nan nan nan nan nan nan nan nan nan nan nan nan 347.674285888671875 341.4932861328125 336.79742431640625 326.15814208984375 323.080718994140625 333.589813232421875 338.56768798828125 nan 339.119659423828125 340.1265869140625 339.92034912109375 338.678955078125 335.9947509765625 334.859161376953125 332.0224609375 nan 339.2152099609375 340.431427001953125 341.248260498046875 342.641632080078125 340.1553955078125 339.272369384765625 349.32427978515625
nan nan nan nan nan nan nan nan nan nan nan nan nan nan nan nan nan nan nan nan nan 340.3358154296875 328.69024658203125 304.58233642578125 309.42431640625 318.970916748046875 333.8634033203125 335.221771240234375 nan nan nan nan 351.885711669921875 nan nan nan nan nan nan nan nan nan 352.697265625 nan 330.16552734375 nan nan nan nan 339.842681884765625 333.493377685546875 329.3074951171875 325.889495849609375 nan nan 326.3701171875 334.98553466796875 330.81689453125 337.307708740234375 346.57568359375 345.987457275390625 nan 343.874114990234375 353.3968505859375 362.46795654296875 nan
nan nan nan nan 274.35577392578125 271.927276611328125 nan 267.810821533203125 nan nan nan nan nan nan nan nan nan nan nan 282.709014892578125 294.991424560546875 nan nan 317.39727783203125 332.664703369140625 333.79052734375 339.299835205078125 342.952117919921875 345.506927490234375 nan nan nan 354.069854736328125 349.0823974609375 345.940826416015625 345.46783447265625 332.86077880859375 321.9423828125 nan nan nan nan nan nan 340.72393798828125 343.84832763671875 351.190338134765625 nan nan 338.462127685546875 335.478057861328125 324.955322265625 nan 337.943084716796875 351.969696044921875 364.061920166015625 364.67034912109375 356.3416748046875 354.983245849609375 364.6199951171875 368.635009765625 368.224700927734375 367.553863525390625 367.10247802734375 369.92938232421875 nan
265.6846923828125 nan 276.559356689453125 274.840850830078125 263.963836669921875 259.743499755859375 260.292755126953125 nan nan nan nan nan nan nan nan nan nan nan nan nan nan nan nan 315.117279052734375 321.041046142578125 330.056671142578125 nan nan nan nan nan nan nan nan nan nan nan nan nan nan nan nan nan nan nan nan nan nan nan nan nan nan 365.30535888671875 375.8314208984375 378.403533935546875 nan nan nan 382.713714599609375 385.745849609375 388.20587158203125 386.196258544921875 382.4423828125 379.7789306640625 379.1495361328125 nan
nan nan nan nan nan nan nan nan nan nan nan nan nan nan nan nan nan 287.405242919921875 288.796875 nan nan nan nan nan nan nan nan nan nan nan nan nan nan nan nan nan nan nan nan nan nan nan nan nan nan nan 343.174041748046875 348.490875244140625 353.586090087890625 nan nan nan nan nan 379.482086181640625 375.1519775390625 369.40594482421875 nan 372.33538818359375 386.19134521484375 389.113983154296875 365.7935791015625 348.5264892578125 352.15478515625 nan nan
280.76690673828125 nan nan nan nan nan nan nan nan 233.69207763671875 224.212738037109375 nan nan nan nan nan nan nan nan nan nan nan nan nan nan nan 296.507720947265625 294.0164794921875 nan nan nan nan nan nan 301.25323486328125 311.984466552734375 318.862335205078125 335.32708740234375 344.05517578125 340.218719482421875 308.81866455078125 292.3204345703125 nan nan nan nan nan 334.895477294921875 321.391693115234375 311.957550048828125 324.174957275390625 330.3433837890625 330.8392333984375 nan 349.07415771484375 nan nan nan 348.2982177734375 354.71783447265625 349.05859375 338.4840087890625 338.477294921875 346.741912841796875 372.4776611328125 nan
nan 261.24871826171875 nan nan nan nan nan nan 242.42974853515625 240.985443115234375 232.5109710693359375 224.103302001953125 nan nan nan nan nan nan nan nan 239.6424560546875 236.3372650146484375 227.8940277099609375 nan 247.493316650390625 258.193115234375 nan 283.774078369140625 288.56304931640625 295.1658935546875 294.12884521484375 278.622650146484375 267.47723388671875 nan nan nan nan 322.39752197265625 nan nan nan nan 277.957366943359375 291.80230712890625 304.08673095703125 295.425018310546875 nan 286.987762451171875 nan nan nan nan nan nan nan nan nan nan nan nan nan nan nan nan nan nan
256.457977294921875 254.880706787109375 239.502288818359375 235.6898651123046875 241.1446533203125 nan nan nan nan 223.1398468017578125 230.2837371826171875 225.608551025390625 nan 220.6560516357421875 nan 217.170440673828125 209.5037078857421875 nan nan nan nan nan 229.1925506591796875 226.8778839111328125 228.8316192626953125 244.8620758056640625 259.090576171875 272.155029296875 279.74365234375 276.31390380859375 276.685791015625 269.9742431640625 261.451416015625 nan nan nan nan nan 333.807586669921875 nan nan nan nan nan 309.528717041015625 313.987060546875 310.629241943359375 296.361053466796875 284.534088134765625 nan nan nan nan nan nan nan nan nan nan nan nan nan nan 364.35308837890625 nan nan
