rasters/edaphic_/cec.asc
ncols        720
nrows        300
xllcorner    -180.000000000000
yllcorner    -60.000000000000
cellsize     0.500000000000
NODATA_value  nan
[rows 29 to 57 of 300, columns 198 to 263 of 720]
nan nan 352.309234619140625 nan nan nan nan nan nan nan nan nan nan nan nan nan nan nan nan nan nan nan nan nan nan nan nan nan nan nan nan nan nan nan nan nan nan nan nan nan nan nan nan nan nan nan nan nan nan nan nan nan nan nan nan nan nan nan nan nan nan nan nan nan nan nan
nan nan nan nan nan nan nan nan nan nan nan nan nan nan nan nan nan nan nan nan nan nan nan nan nan nan nan nan nan nan nan nan nan nan nan nan nan nan nan nan nan nan nan nan nan nan nan nan nan nan nan nan nan nan nan nan nan nan nan nan nan nan nan nan nan nan
nan nan nan nan nan nan nan nan nan nan nan nan nan nan nan nan nan nan nan nan nan nan nan nan nan nan nan nan nan nan nan nan nan nan nan nan nan nan nan nan nan nan nan nan nan nan nan nan nan 382.21405029296875 nan nan nan nan nan nan nan nan nan nan nan nan nan nan nan nan
nan nan nan nan nan nan nan nan nan nan nan nan nan nan nan nan nan nan nan nan nan nan nan nan nan nan nan nan nan nan nan nan nan nan nan nan nan nan nan nan nan nan nan nan nan nan nan nan nan nan 363.43463134765625 nan nan nan nan nan nan nan nan nan nan nan nan nan nan nan
nan 435.242401123046875 451.000762939453125 nan nan 434.957550048828125 nan 385.15191650390625 362.96697998046875 nan nan nan nan nan nan nan nan nan nan nan nan nan nan nan nan nan nan nan nan nan nan nan nan nan nan nan nan nan nan nan nan nan nan nan nan nan nan nan nan nan nan 364.00946044921875 nan nan nan nan nan nan nan nan nan nan nan nan nan nan
436.11865234375 nan nan 491.4730224609375 nan nan nan nan nan nan nan nan nan nan nan nan nan nan nan nan nan nan nan nan nan nan nan nan nan nan nan nan nan nan nan nan nan nan nan nan nan nan nan nan nan nan nan nan nan nan nan 348.773681640625 335.503173828125 nan nan nan nan nan nan nan nan nan nan nan nan nan
nan nan 462.99176025390625 474.1121826171875 452.037750244140625 461.883819580078125 464.510772705078125 nan nan nan nan nan nan nan nan nan nan nan nan nan nan nan nan nan nan nan nan nan nan nan nan nan nan nan nan nan nan nan nan nan nan nan nan nan nan nan nan nan nan nan nan 334.144989013671875 344.581634521484375 345.19512939453125 341.952789306640625 nan nan nan nan nan nan nan nan nan nan nan
472.40814208984375 nan 465.76165771484375 459.136199951171875 452.37005615234375 462.535064697265625 nan 456.48687744140625 436.241607666015625 nan nan nan nan nan nan nan nan nan nan nan nan nan nan nan nan nan nan nan nan nan nan nan nan nan nan nan nan nan nan nan nan nan nan nan nan nan nan nan nan nan nan 346.9410400390625 346.43292236328125 348.09228515625 341.0350341796875 nan 318.1815185546875 nan 317.217041015625 nan nan nan nan nan nan nan
484.727264404296875 515.39337158203125 532.98504638671875 515.81536865234375 504.76287841796875 521.1336669921875 517.6717529296875 494.09368896484375 461.15802001953125 447.656158447265625 447.183868408203125 431.10302734375 395.821044921875 383.91162109375 372.39862060546875 362.933197021484375 368.13311767578125 361.954864501953125 359.06195068359375 363.697845458984375 nan nan nan nan nan nan nan nan nan nan nan nan nan nan nan nan nan nan nan nan nan nan nan nan nan nan nan nan nan nan nan nan nan nan 329.583648681640625 nan nan nan nan nan nan nan nan nan nan nan
491.81268310546875 505.512481689453125 529.26629638671875 561.10687255859375 575.23504638671875 549.497314453125 536.2376708984375 500.75408935546875 471.834503173828125 460.86541748046875 457.41973876953125 448.151702880859375 435.544647216796875 420.505157470703125 407.92236328125 399.5196533203125 nan nan nan nan nan nan nan 394.143280029296875 nan nan nan nan nan nan nan nan nan nan nan nan nan nan nan nan nan nan nan nan nan nan nan nan nan nan nan nan nan 293.665374755859375 301.737945556640625 nan nan nan nan nan 312.991943359375 nan nan nan nan nan
465.562164306640625 466.874847412109375 474.31439208984375 482.624298095703125 nan 558.63189697265625 552.4068603515625 524.74627685546875 498.296661376953125 486.13092041015625 485.16546630859375 502.773406982421875 nan nan nan nan 409.455718994140625 416.408843994140625 424.463531494140625 416.323577880859375 nan 373.975921630859375 nan 399.010986328125 nan nan nan nan nan nan nan nan nan nan nan nan nan nan nan nan nan nan nan nan nan nan nan nan nan nan nan nan nan 280.853363037109375 nan nan 276.010284423828125 279.693328857421875 290.545684814453125 292.672088623046875 297.112548828125 nan nan nan nan nan
427.071014404296875 nan nan nan nan nan nan nan 512.61492919921875 506.631591796875 509.931976318359375 544.005126953125 558.50311279296875 541.4737548828125 503.648651123046875 nan nan nan 415.168853759765625 419.68280029296875 411.824005126953125 nan nan 360.533447265625 nan 402.2113037109375 404.8514404296875 407.89910888671875 nan nan nan nan nan nan nan nan nan nan nan nan nan nan nan nan nan nan nan nan nan nan nan nan 270.443359375 272.99212646484375 nan nan nan nan nan nan nan nan nan nan nan nan
nan nan nan nan nan 412.19219970703125 nan 431.2679443359375 454.2041015625 nan nan 541.30078125 545.7603759765625 nan 514.36395263671875 483.359954833984375 455.275115966796875 433.946685791015625 429.73748779296875 455.24114990234375 462.73291015625 443.571990966796875 417.058441162109375 nan 360.715484619140625 nan 380.310546875 391.02947998046875 376.22821044921875 nan nan nan nan nan nan nan nan nan nan nan nan nan nan nan nan nan nan nan nan nan nan nan nan nan 272.27349853515625 nan nan nan nan nan 311.505157470703125 nan nan nan nan nan
nan nan nan nan nan nan nan nan nan nan nan nan 462.38525390625 484.416534423828125 545.27825927734375 550.76153564453125 518.599609375 482.263519287109375 481.606536865234375 507.095855712890625 480.564300537109375 438.6390380859375 nan 347.516387939453125 nan nan nan nan nan nan nan nan nan nan nan nan nan nan nan nan nan nan nan nan nan nan nan nan nan nan nan nan nan nan nan nan nan nan nan nan 331.34942626953125 nan nan nan nan nan
nan nan nan nan nan nan nan nan nan 439.256439208984375 nan 438.82373046875 nan nan nan nan 529.28851318359375 508.243316650390625 480.044921875 466.347930908203125 452.46270751953125 435.764495849609375 408.82940673828125 371.91021728515625 336.607574462890625 309.67974853515625 302.79510498046875 293.087371826171875 290.262359619140625 nan nan nan nan nan nan nan nan nan nan nan nan nan nan nan nan nan nan nan nan nan nan nan nan nan nan nan nan 296.063262939453125 nan nan 349.383941650390625 nan nan nan nan nan
nan nan nan nan nan nan nan 432.180084228515625 429.067352294921875 428.352447509765625 430.658966064453125 432.32940673828125 nan nan nan nan nan 468.19647216796875 477.754852294921875 483.474517822265625 471.347381591796875 470.83807373046875 439.571014404296875 439.363067626953125 431.1707763671875 388.178802490234375 332.8477783203125 287.158660888671875 279.13531494140625 276.5574951171875 278.929168701171875 284.846405029296875 295.609954833984375 nan nan nan nan nan nan nan nan nan nan nan nan nan nan nan nan nan nan nan nan nan nan 288.914398193359375 nan nan nan nan 357.94671630859375 nan nan nan nan nan
nan nan nan nan nan nan nan nan nan nan nan nan nan nan nan nan nan nan 414.909210205078125 454.499298095703125 503.53277587890625 511.06109619140625 485.35931396484375 472.06317138671875 438.182586669921875 394.658782958984375 360.894134521484375 nan nan nan nan nan nan nan nan 282.113800048828125 nan nan nan nan nan nan nan nan nan nan nan nan nan nan nan nan nan nan 275.070556640625 nan 289.338653564453125 307.6016845703125 325.164703369140625 358.155242919921875 nan 388.638824462890625 nan nan nan nan
nan nan nan nan nan nan nan nan nan nan nan nan nan nan nan nan 393.7008056640625 383.798980712890625 378.352996826171875 nan nan 471.51141357421875 433.998046875 396.49810791015625 365.691131591796875 337.593170166015625 329.08544921875 333.58514404296875 334.8021240234375 340.628997802734375 nan nan 291.522369384765625 298.5650634765625 292.3857421875 287.0411376953125 nan 282.39404296875 283.796539306640625 nan nan nan nan nan nan nan nan nan nan nan nan nan nan nan nan 267.8126220703125 283.85498046875 322.71533203125 356.780914306640625 369.6734619140625 370.7685546875 nan nan nan nan nan
nan nan nan nan nan nan nan nan nan nan nan nan nan nan 351.49163818359375 352.8663330078125 355.3697509765625 351.298553466796875 343.7574462890625 347.888153076171875 nan nan nan 327.844085693359375 316.505126953125 306.55352783203125 311.943389892578125 nan nan 349.664459228515625 334.463348388671875 325.23065185546875 326.249786376953125 321.426544189453125 311.108306884765625 nan 289.073638916015625 nan nan nan nan nan nan nan nan nan nan nan nan nan nan nan nan nan nan nan nan nan nan 333.849761962890625 336.344207763671875 341.094940185546875 nan nan nan nan
nan nan nan nan nan nan nan nan nan nan nan nan nan nan 354.745849609375 351.178131103515625 331.69964599609375 318.85528564453125 311.14935302734375 317.503021240234375 325.836334228515625 317.37725830078125 nan 306.170928955078125 nan 289.563507080078125 nan nan nan nan nan 319.234649658203125 317.045928955078125 322.613372802734375 298.80657958984375 290.89349365234375 nan nan nan nan nan nan nan nan nan nan nan nan nan nan nan nan nan nan nan nan nan nan 300.779876708984375 nan 309.673919677734375 nan nan nan nan nan
nan nan nan nan nan nan nan 343.40069580078125 nan 347.5631103515625 355.941009521484375 nan 344.94342041015625 351.736907958984375 353.030731201171875 342.074737548828125 323.215240478515625 306.521728515625 298.28826904296875 314.891082763671875 321.021148681640625 320.473297119140625 307.3905029296875 nan 306.905120849609375 306.24688720703125 286.4752197265625 277.847198486328125 nan nan nan nan 286.10205078125 291.35186767578125 277.6749267578125 270.474029541015625 nan nan nan nan nan nan nan nan nan nan nan nan nan nan nan nan nan nan nan nan nan 281.426910400390625 nan 310.800079345703125 nan 343.750701904296875 nan nan nan nan
nan nan nan nan nan nan 346.924041748046875 334.3291015625 337.32977294921875 342.2308349609375 344.27752685546875 332.564056396484375 329.52410888671875 340.978851318359375 nan 331.07666015625 312.697479248046875 302.4990234375 nan nan nan 342.750213623046875 338.200439453125 316.988189697265625 311.377960205078125 311.644927978515625 299.66082763671875 283.75860595703125 275.408905029296875 285.964996337890625 nan nan nan nan nan nan nan nan nan nan nan nan nan nan nan nan nan nan nan nan nan nan nan nan nan nan nan nan 305.2794189453125 329.3377685546875 345.87744140625 nan nan nan nan nan
nan nan nan nan nan nan nan nan 327.81756591796875 341.3345947265625 nan nan nan nan 342.016510009765625 nan 329.3392333984375 327.559478759765625 331.632476806640625 334.364044189453125 326.4896240234375 327.35845947265625 333.63006591796875 326.41607666015625 324.62542724609375 319.602752685546875 308.128143310546875 288.5684814453125 nan 292.60443115234375 280.295562744140625 272.706451416015625 nan nan nan nan nan nan nan nan nan nan nan nan nan nan nan nan nan nan nan nan nan nan nan nan nan nan 288.259521484375 nan 308.900726318359375 346.946533203125 366.06390380859375 nan nan nan
441.67340087890625 nan nan nan nan nan nan nan nan nan nan nan nan nan nan nan nan 348.119110107421875 354.501556396484375 368.279571533203125 367.97113037109375 342.529693603515625 333.996795654296875 335.329315185546875 350.104339599609375 369.353546142578125 346.872039794921875 308.139556884765625 290.518646240234375 291.8555908203125 281.741729736328125 nan 279.988677978515625 287.88604736328125 nan nan nan nan nan nan nan nan nan nan nan nan nan nan nan nan nan nan nan nan nan nan nan nan nan 269.078399658203125 288.915863037109375 305.905609130859375 nan nan nan nan
nan nan nan nan nan nan 347.8614501953125 nan nan nan nan nan nan nan nan nan nan nan nan 380.158660888671875 382.505126953125 388.319000244140625 378.299957275390625 361.326690673828125 346.034332275390625 331.7501220703125 nan nan 302.8404541015625 294.053741455078125 283.267120361328125 279.6517333984375 286.9630126953125 nan nan nan nan nan nan nan nan nan nan nan nan nan nan nan nan nan nan nan nan nan nan nan nan nan nan nan 252.8967437744140625 252.271728515625 269.628509521484375 nan nan nan
nan nan nan nan nan nan nan nan nan nan nan nan nan nan nan nan nan nan nan nan 389.52978515625 nan nan 404.162017822265625 377.669342041015625 343.414154052734375 310.539306640625 298.605010986328125 nan nan nan nan nan nan nan nan nan nan nan nan nan nan nan nan nan nan nan nan nan nan nan nan nan nan nan nan nan nan nan nan nan nan 251.447509765625 nan nan nan
nan nan 383.139129638671875 nan nan nan 380.349212646484375 365.201995849609375 nan 368.162994384765625 366.499755859375 nan nan 359.598480224609375 365.4781494140625 373.331756591796875 nan nan nan nan nan nan nan nan nan 386.99822998046875 nan 316.067352294921875 287.880096435546875 271.63690185546875 nan nan nan nan nan nan nan nan nan nan nan nan nan nan nan nan nan nan nan nan nan nan nan nan nan nan nan nan nan nan nan nan 252.5013275146484375 254.14617919921875 nan nan
nan nan nan nan nan nan 401.1036376953125 395.157989501953125 397.964111328125 396.867218017578125 nan 394.13873291015625 390.252716064453125 383.82855224609375 385.45269775390625 392.088653564453125 384.70098876953125 370.162994384765625 nan nan nan nan nan nan nan nan nan nan nan nan nan nan nan nan nan nan nan nan nan nan nan nan nan nan nan nan nan nan nan nan nan nan nan nan nan nan nan nan nan nan nan nan nan 231.3749237060546875 247.936553955078125 nan
nan nan nan nan nan nan nan 370.011474609375 378.03887939453125 390.45263671875 398.309661865234375 401.5146484375 400.860992431640625 nan 411.9957275390625 413.20050048828125 404.1573486328125 387.77569580078125 371.57769775390625 nan nan nan nan nan nan nan nan nan nan nan nan nan nan nan nan nan nan nan nan nan nan nan nan nan nan nan nan nan nan nan nan nan nan nan nan nan nan nan nan nan nan nan nan nan 220.6130218505859375 230.082763671875
