rasters/edaphic_/cec.asc
ncols        720
nrows        300
xllcorner    -180.000000000000
yllcorner    -60.000000000000
cellsize     0.500000000000
NODATA_value  nan
[rows 145 to 173 of 300, columns 462 to 527 of 720]
193.548919677734375 190.3647613525390625 203.8118743896484375 216.509002685546875 211.12603759765625 211.7957305908203125 219.5396728515625 231.8160400390625 239.072357177734375 nan nan nan nan nan nan nan nan nan nan nan nan nan nan nan nan nan nan nan nan nan nan nan nan nan nan nan nan nan nan nan nan nan nan nan nan 288.100738525390625 327.6527099609375 346.41302490234375 344.269744873046875 348.5233154296875 361.889434814453125 326.09234619140625 300.384521484375 314.906280517578125 267.705230712890625 226.7654571533203125 218.9578094482421875 211.3706207275390625 202.0080108642578125 202.03173828125 220.0782470703125 251.4167022705078125 254.0945281982421875 nan nan nan
206.78216552734375 197.731475830078125 207.2028961181640625 225.5325164794921875 223.39190673828125 nan nan nan nan nan nan nan nan nan nan nan nan nan nan nan nan nan nan nan nan nan nan nan nan nan nan nan nan nan nan nan nan nan nan nan nan nan nan nan nan 262.976165771484375 300.43951416015625 322.48907470703125 340.23309326171875 352.253936767578125 334.8834228515625 289.923980712890625 283.019744873046875 287.612335205078125 270.543701171875 253.8487396240234375 229.592376708984375 225.3096771240234375 220.5842742919921875 203.43218994140625 234.9830169677734375 250.440277099609375 250.141387939453125 nan nan nan
206.9481964111328125 178.3597869873046875 166.7976837158203125 nan nan nan nan nan nan nan nan nan nan nan nan nan nan nan nan nan nan nan nan nan nan nan nan nan nan nan nan nan nan nan nan nan nan nan nan nan nan nan nan nan nan 248.3658447265625 324.157501220703125 338.998931884765625 318.534881591796875 nan 319.434326171875 272.342742919921875 289.05487060546875 267.053436279296875 267.647674560546875 236.975921630859375 235.1735382080078125 232.3251953125 229.70550537109375 223.8075103759765625 250.4646759033203125 nan nan nan nan nan
222.4382171630859375 195.5825347900390625 nan nan nan nan nan nan nan nan nan nan nan nan nan nan nan nan nan nan nan nan nan nan nan nan nan nan nan nan nan nan nan nan nan nan nan nan nan nan nan nan nan nan nan 228.971954345703125 293.638275146484375 353.349456787109375 379.183135986328125 331.87286376953125 291.411773681640625 249.4681396484375 249.4869842529296875 260.87896728515625 257.631195068359375 229.3249664306640625 263.65850830078125 280.275421142578125 267.37152099609375 nan nan nan nan nan nan nan
222.1324920654296875 nan nan nan nan nan nan nan nan nan nan nan nan nan nan nan nan nan nan nan nan nan nan nan nan nan nan nan nan nan nan nan nan nan nan nan nan nan nan nan nan nan nan nan nan nan 250.981201171875 302.499053955078125 369.8558349609375 352.600555419921875 293.13311767578125 262.64227294921875 293.208587646484375 270.179931640625 263.317230224609375 241.3608245849609375 282.496978759765625 293.56890869140625 nan nan nan nan nan nan nan nan
nan nan nan nan nan nan nan nan nan nan nan nan nan nan nan nan nan nan nan nan nan nan nan nan nan nan nan nan nan nan nan nan nan nan nan nan nan nan nan nan nan nan nan nan nan nan 238.8850250244140625 270.985504150390625 347.211151123046875 365.736328125 372.391845703125 337.105072021484375 285.768218994140625 nan 272.689788818359375 249.70013427734375 280.697509765625 nan nan nan nan nan nan nan nan nan
nan nan nan nan nan nan nan nan nan nan nan nan nan nan nan nan nan nan nan nan nan nan nan nan nan nan nan nan nan nan nan nan nan nan nan nan nan nan nan nan nan nan nan nan nan nan nan 258.586090087890625 317.07196044921875 300.9532470703125 336.619720458984375 352.071746826171875 293.020263671875 258.234619140625 261.117156982421875 261.450408935546875 281.16705322265625 271.402679443359375 nan nan nan nan nan nan nan nan
nan nan nan nan nan nan nan nan nan nan nan nan nan nan nan nan nan nan nan nan nan nan nan nan nan nan nan nan nan nan nan nan nan nan nan nan nan nan nan nan nan nan nan nan nan nan nan 230.2525482177734375 264.917572021484375 273.936859130859375 307.138427734375 300.417449951171875 255.6682586669921875 217.3732147216796875 235.052947998046875 270.39117431640625 287.477325439453125 269.702880859375 270.16278076171875 nan nan nan nan nan nan nan
nan nan nan nan nan nan nan nan nan nan nan nan nan nan nan nan nan nan nan nan nan nan nan nan nan nan nan nan nan nan nan nan nan nan nan nan nan nan nan nan nan nan nan nan nan nan nan nan 232.3723602294921875 274.6876220703125 275.46282958984375 226.319610595703125 156.9472808837890625 nan 218.064544677734375 274.17633056640625 290.3994140625 271.61614990234375 262.39178466796875 nan nan nan nan nan nan nan
nan nan nan nan nan nan nan nan nan nan nan nan nan nan nan nan nan nan nan nan nan nan nan nan nan nan nan nan nan nan nan nan nan nan nan nan nan nan nan nan nan nan nan nan nan nan nan nan 190.29522705078125 243.36383056640625 264.04095458984375 234.7887725830078125 186.6139373779296875 224.348785400390625 270.531036376953125 284.823455810546875 298.660552978515625 nan 248.521148681640625 nan nan nan nan nan nan nan
nan nan nan nan nan nan nan nan nan nan nan nan nan nan nan nan nan nan nan nan nan nan nan nan nan nan nan nan nan nan nan nan nan nan nan nan nan nan nan nan nan nan nan nan nan nan nan nan 195.7573394775390625 226.4993743896484375 261.4527587890625 274.6434326171875 273.761077880859375 280.875762939453125 292.1961669921875 292.20379638671875 288.7674560546875 259.75146484375 nan nan nan nan nan nan nan nan
202.071533203125 nan nan nan nan nan nan nan nan nan nan nan nan nan nan nan nan nan nan nan nan nan nan nan nan nan nan nan nan nan nan nan nan nan nan nan nan nan nan nan nan nan nan nan nan nan nan nan nan 187.79644775390625 210.8007659912109375 269.756683349609375 288.767974853515625 302.207427978515625 302.37249755859375 294.81866455078125 271.65533447265625 245.2835693359375 nan nan nan nan nan nan nan nan
nan nan nan nan nan nan nan nan nan nan nan nan nan nan nan nan nan nan nan nan nan nan nan nan nan nan nan nan nan nan nan nan nan nan nan nan nan nan nan nan nan nan nan nan nan nan nan nan nan nan 161.138092041015625 219.9515228271484375 278.86322021484375 307.541656494140625 309.651123046875 316.776702880859375 282.467559814453125 252.9951019287109375 nan nan nan nan nan nan nan nan
nan nan nan nan nan nan nan nan nan nan nan nan nan nan nan nan nan nan nan nan nan nan nan nan nan nan nan nan nan nan nan nan nan nan nan nan nan nan nan nan nan nan nan nan nan nan nan nan nan nan 145.551544189453125 177.50213623046875 251.0531005859375 302.331695556640625 304.104278564453125 309.9595947265625 277.4449462890625 256.58929443359375 nan nan nan nan nan nan nan nan
nan nan nan nan nan nan nan nan nan nan nan nan nan nan nan nan nan nan nan nan nan nan nan nan nan nan nan nan nan nan nan nan nan nan nan nan nan nan nan nan nan nan nan nan nan nan nan nan nan nan 152.8368988037109375 153.905303955078125 206.3827362060546875 250.5062408447265625 270.72149658203125 285.93670654296875 275.3167724609375 nan nan nan nan nan nan nan nan nan
nan nan nan nan nan nan nan nan nan nan nan nan nan nan nan nan nan nan nan nan nan nan nan nan nan nan nan nan nan nan nan nan nan nan nan nan nan nan nan nan nan nan nan nan nan nan nan nan nan nan nan 142.1682586669921875 187.5431671142578125 258.373870849609375 295.269866943359375 304.611114501953125 nan nan 247.1338958740234375 nan nan nan nan nan nan nan
nan nan nan nan nan nan nan nan nan nan nan nan nan nan nan nan nan nan nan nan nan nan nan nan nan nan nan nan nan nan nan nan nan nan nan nan nan nan nan nan nan nan nan nan nan nan nan nan nan nan nan 151.369354248046875 183.458221435546875 277.30322265625 308.254180908203125 304.49908447265625 276.785614013671875 nan 231.8907470703125 233.5865936279296875 nan nan nan nan nan nan
nan nan nan nan nan nan nan nan nan nan nan nan nan nan nan nan nan nan nan nan nan nan nan nan nan nan nan nan nan nan nan nan nan nan nan nan nan nan nan nan nan nan nan nan nan nan nan nan nan nan nan 172.77587890625 185.7557830810546875 nan nan nan nan nan 196.6185760498046875 211.64300537109375 nan nan nan nan nan nan
nan nan nan nan nan nan nan nan nan nan nan nan nan nan nan nan nan nan nan nan nan nan nan nan nan nan nan nan nan nan nan nan nan nan nan nan nan nan nan nan nan nan nan nan nan nan nan nan nan nan nan nan 192.019195556640625 240.3567962646484375 nan nan nan nan 177.3974151611328125 194.680206298828125 231.548919677734375 nan nan nan nan nan
nan nan nan nan nan nan nan nan nan nan nan nan nan nan nan nan nan nan nan nan nan nan nan nan nan nan nan nan nan nan nan nan nan nan nan nan nan nan nan nan nan nan nan nan nan nan nan nan nan nan nan nan nan nan nan nan nan nan 169.331756591796875 172.05059814453125 196.4091796875 nan nan nan nan nan
nan nan nan nan nan nan nan nan nan nan nan nan nan nan nan nan nan nan nan nan nan nan nan nan nan nan nan nan nan nan nan nan nan nan nan nan nan nan nan nan nan nan nan nan nan nan nan nan nan nan nan nan nan nan nan nan nan nan 151.2497100830078125 nan 163.315887451171875 189.025115966796875 nan nan nan nan
nan nan nan nan nan nan nan nan nan nan nan nan nan nan nan nan nan nan nan nan nan nan nan nan nan nan nan nan nan nan nan nan nan nan nan nan nan nan nan nan nan nan nan nan nan nan nan nan nan nan nan nan nan nan nan nan nan nan 190.537261962890625 175.0290679931640625 160.1927032470703125 177.3698272705078125 nan nan nan nan
nan nan nan nan nan nan nan nan nan nan nan nan nan nan nan nan nan nan nan nan nan nan nan nan nan nan nan nan nan nan nan nan nan nan nan nan nan nan nan nan nan nan nan nan nan nan nan nan nan nan nan nan nan nan nan nan nan nan 197.5395050048828125 170.647735595703125 175.222686767578125 nan nan nan nan nan
nan nan nan nan nan nan nan nan nan nan nan nan nan nan nan nan nan nan nan nan nan nan nan nan nan nan nan nan nan nan nan nan nan nan nan nan nan nan nan nan nan nan nan nan nan nan nan nan nan nan nan nan nan nan nan nan nan nan nan nan nan nan nan nan nan nan
nan nan nan nan nan nan nan nan nan nan nan nan nan nan nan nan nan nan nan nan nan nan nan nan nan nan nan nan nan nan nan nan nan nan nan nan nan nan nan nan nan nan nan nan nan nan nan nan nan nan nan nan nan nan nan nan nan nan nan nan nan nan nan nan nan nan
nan nan nan nan nan nan nan nan nan nan nan nan nan nan nan nan nan nan nan nan nan nan nan nan nan nan nan nan nan nan nan nan nan nan nan nan nan nan nan nan nan nan nan nan nan nan nan nan nan nan nan nan nan nan nan nan nan nan nan nan nan nan nan nan nan nan
nan nan nan nan nan nan nan nan nan nan nan nan nan nan nan nan nan nan nan nan nan nan nan nan nan nan nan nan nan nan nan nan nan nan nan nan nan nan nan nan nan nan nan nan nan nan nan nan nan nan nan nan nan nan nan nan nan nan nan nan nan nan nan nan nan nan
nan nan nan nan nan nan nan nan nan nan nan nan nan nan nan nan nan nan nan nan nan nan nan nan nan nan nan nan nan nan nan nan nan nan nan nan nan nan nan nan nan nan nan nan nan nan nan nan nan nan nan nan nan nan nan nan nan nan nan nan nan nan nan nan nan nan
nan nan nan nan nan nan nan nan nan nan nan nan nan nan nan nan nan nan nan nan nan nan nan nan nan nan nan nan nan nan nan nan nan nan nan nan nan nan nan nan nan nan nan nan nan nan nan nan nan nan nan nan nan nan nan nan nan nan nan nan nan nan nan nan nan nan
