rasters/edaphic_/cfvo.asc
ncols        720
nrows        300
xllcorner    -180.000000000000
yllcorner    -60.000000000000
cellsize     0.500000000000
NODATA_value  nan
[rows 145 to 173 of 300, columns 132 to 197 of 720]
nan nan nan nan nan nan nan nan nan nan nan nan nan nan nan nan nan nan nan nan nan nan nan nan nan nan 224.985992431640625 236.6314849853515625 241.552337646484375 245.9401702880859375 240.15380859375 231.229827880859375 220.909423828125 198.5387115478515625 193.959747314453125 176.9118804931640625 155.96142578125 135.147308349609375 97.349090576171875 118.36853790283203125 136.1661529541015625 146.320281982421875 148.1708526611328125 136.322174072265625 119.332611083984375 108.60520172119140625 96.8045654296875 94.99048614501953125 106.598388671875 107.36585235595703125 106.5145263671875 nan nan nan nan nan nan nan nan nan nan nan nan nan nan nan
nan nan nan nan nan nan nan nan nan nan nan nan nan nan nan nan nan nan nan nan nan nan nan nan nan nan nan nan nan 207.913848876953125 215.62677001953125 228.08740234375 225.3682098388671875 202.04754638671875 191.2614593505859375 207.9142913818359375 211.2586822509765625 190.64697265625 147.3103790283203125 192.9747467041015625 192.4309234619140625 202.8122100830078125 187.0970001220703125 163.4714813232421875 135.7504425048828125 111.6012420654296875 92.45166778564453125 80.85416412353515625 80.76685333251953125 91.51784515380859375 103.50765228271484375 nan nan nan nan nan nan nan nan nan nan nan nan nan nan nan
nan nan nan nan nan nan nan nan nan nan nan nan nan nan nan nan nan nan nan nan nan nan nan nan nan nan nan nan nan nan nan 182.4132232666015625 216.532501220703125 211.2921295166015625 204.613006591796875 225.81109619140625 246.7725067138671875 194.024444580078125 nan 188.010986328125 232.78399658203125 233.1783599853515625 nan 159.2489013671875 133.59674072265625 112.28156280517578125 77.43994140625 69.3246002197265625 74.84264373779296875 88.23754119873046875 100.51343536376953125 nan nan nan nan nan nan nan nan nan nan nan nan nan nan nan
nan nan nan nan nan nan nan nan nan nan nan nan nan nan nan nan nan nan nan nan nan nan nan nan nan nan nan nan nan nan nan nan nan nan 211.186614990234375 206.811279296875 nan nan nan nan nan 181.8842315673828125 179.1175689697265625 161.0019989013671875 147.0511932373046875 126.0167083740234375 89.1569366455078125 79.45128631591796875 86.15172576904296875 96.93630218505859375 106.40390777587890625 nan 136.6298370361328125 141.6142425537109375 140.3735809326171875 135.2474517822265625 122.47580718994140625 109.86822509765625 99.636199951171875 103.5096435546875 nan nan nan nan nan nan
nan nan nan nan nan nan nan nan nan nan nan nan nan nan nan nan nan nan nan nan nan nan nan nan nan nan nan nan nan nan nan nan nan nan nan nan nan nan nan nan nan nan 140.1709442138671875 166.1222991943359375 168.6384735107421875 144.61883544921875 109.62323760986328125 100.4059295654296875 109.8108978271484375 111.88556671142578125 109.74411773681640625 125.4237823486328125 132.7156829833984375 134.9629058837890625 125.91046142578125 122.0991058349609375 113.86835479736328125 108.0571441650390625 110.7818450927734375 99.73184967041015625 88.16706085205078125 nan nan nan nan nan
nan nan nan nan nan nan nan nan nan nan nan nan nan nan nan nan nan nan nan nan nan nan nan nan nan nan nan nan nan nan nan nan nan nan nan nan nan nan nan nan nan nan nan 122.469390869140625 150.83001708984375 152.1748199462890625 130.05303955078125 123.3116607666015625 135.5843963623046875 131.072540283203125 119.2083892822265625 123.4137420654296875 123.946136474609375 122.51078033447265625 121.8272857666015625 121.36853790283203125 108.7185516357421875 111.557952880859375 nan 95.4496917724609375 84.743988037109375 nan nan nan nan nan
nan nan nan nan nan nan nan nan nan nan nan nan nan nan nan nan nan nan nan nan nan nan nan nan nan nan nan nan nan nan nan nan nan nan nan nan nan nan nan nan nan nan nan nan 104.43329620361328125 109.72814178466796875 115.4852752685546875 113.2785491943359375 123.33324432373046875 119.82978057861328125 116.5099334716796875 127.2376861572265625 127.42244720458984375 125.04656219482421875 128.4935150146484375 120.843963623046875 108.97967529296875 115.6044769287109375 119.98368072509765625 108.02721405029296875 90.57933807373046875 92.08412933349609375 nan nan nan nan
nan nan nan nan nan nan nan nan nan nan nan nan nan nan nan nan nan nan nan nan nan nan nan nan nan nan nan nan nan nan nan nan nan nan nan nan nan nan nan nan nan nan nan nan nan nan nan nan 126.24922943115234375 123.83685302734375 119.46614837646484375 123.32733917236328125 124.0322113037109375 130.39752197265625 131.094451904296875 121.2884674072265625 114.57910919189453125 111.4742279052734375 114.40862274169921875 97.95983123779296875 90.64530181884765625 nan nan nan nan nan
nan nan nan nan nan nan nan nan nan nan nan nan nan nan nan nan nan nan nan nan nan nan nan nan nan nan nan nan nan nan nan nan nan nan nan nan nan nan nan nan nan nan nan nan nan nan nan nan nan nan 118.02693939208984375 140.966552734375 142.5605316162109375 125.13912200927734375 131.325775146484375 130.31494140625 117.316192626953125 110.31975555419921875 100.1090850830078125 87.74556732177734375 90.895538330078125 nan nan nan nan nan
nan nan nan nan nan nan nan nan nan nan nan nan nan nan nan nan nan nan nan nan nan nan nan nan nan nan nan nan nan nan nan nan nan nan nan nan nan nan nan nan nan nan nan nan nan nan nan nan nan nan nan nan nan 138.149383544921875 124.83824920654296875 123.3733673095703125 128.19915771484375 123.92197418212890625 106.36460113525390625 88.14272308349609375 89.53829193115234375 nan nan nan nan nan
nan nan nan nan nan nan nan nan nan nan nan nan nan nan nan nan nan nan nan nan nan nan nan nan nan nan nan nan nan nan nan nan nan nan nan nan nan nan nan nan nan nan nan nan nan nan nan nan nan nan nan nan nan nan 130.4152374267578125 nan 126.616455078125 130.379119873046875 117.62813568115234375 95.7188720703125 84.766357421875 nan nan nan nan nan
nan nan nan nan nan nan nan nan nan nan nan nan nan nan nan nan nan nan nan nan nan nan nan nan nan nan nan nan nan nan nan nan nan nan nan nan nan nan nan nan nan nan nan nan nan nan nan nan nan nan nan nan nan nan nan 156.442962646484375 nan nan 118.63824462890625 94.55205535888671875 90.45993804931640625 nan nan nan nan nan
nan nan nan nan nan nan nan nan nan nan nan nan nan nan nan nan nan nan nan nan nan nan nan nan nan nan nan nan nan nan nan nan nan nan nan nan nan nan nan nan nan nan nan nan nan nan nan nan nan nan nan nan nan nan nan nan 138.942230224609375 nan 106.64517974853515625 95.45049285888671875 nan nan nan nan nan nan
nan nan nan nan nan nan nan nan nan nan nan nan nan nan nan nan nan nan nan nan nan nan nan nan nan nan nan nan nan nan nan nan nan nan nan nan nan nan nan nan nan nan nan nan nan nan nan nan nan nan nan nan nan nan nan nan nan 110.262786865234375 97.16217041015625 87.02400970458984375 76.1362762451171875 nan nan nan nan nan
nan nan nan nan nan nan nan nan nan nan nan nan nan nan nan nan nan nan nan nan nan nan nan nan nan nan nan nan nan nan nan nan nan nan nan nan nan nan nan nan nan nan nan nan nan nan nan nan nan nan nan nan nan nan nan nan 106.587554931640625 97.83185577392578125 101.10717010498046875 81.96030426025390625 69.14319610595703125 nan nan nan nan nan
nan nan nan nan nan nan nan nan nan nan nan nan nan nan nan nan nan nan nan nan nan nan nan nan nan nan nan nan nan nan nan nan nan nan nan nan nan nan nan nan nan nan nan nan nan nan nan nan nan nan nan nan nan nan nan nan nan 125.82883453369140625 nan 107.6997833251953125 93.8253173828125 83.473236083984375 nan nan nan nan
nan nan nan nan nan nan nan nan nan nan nan nan nan nan nan nan nan nan nan nan nan nan nan nan nan nan nan nan nan nan nan nan nan nan nan nan nan nan nan nan nan nan nan nan nan nan nan nan nan nan nan nan nan nan nan nan nan nan nan nan 98.091888427734375 97.723236083984375 90.4788970947265625 77.1096038818359375 nan nan
nan nan nan nan nan nan nan nan nan nan nan nan nan nan nan nan nan nan nan nan nan nan nan nan nan nan nan nan nan nan nan nan nan nan nan nan nan nan nan nan nan nan nan nan nan nan nan nan nan nan nan nan nan nan nan nan nan nan nan nan nan 106.9037628173828125 102.49303436279296875 90.724273681640625 95.6370086669921875 100.32335662841796875
nan nan nan nan nan nan nan nan nan nan nan nan nan nan nan nan nan nan nan nan nan nan nan nan nan nan nan nan nan nan nan nan nan nan nan nan nan nan nan nan nan nan nan nan nan nan nan nan nan nan nan nan nan nan nan nan nan nan nan nan nan nan nan nan 97.8819732666015625 105.97336578369140625
nan nan nan nan nan nan nan nan nan nan nan nan nan nan nan nan nan nan nan nan nan nan nan nan nan nan nan nan nan nan nan nan nan nan nan nan nan nan nan nan nan nan nan nan nan nan nan nan nan nan nan nan nan nan nan nan nan nan nan nan nan nan nan nan nan 124.80242919921875
nan nan nan nan nan nan nan nan nan nan nan nan nan nan nan nan nan nan nan nan nan nan nan nan nan nan nan nan nan nan nan nan nan nan nan nan nan nan nan nan nan nan nan nan nan nan nan nan nan nan nan nan nan nan nan nan nan nan nan nan nan nan nan nan nan nan
nan nan nan nan nan nan nan nan nan nan nan nan nan nan nan nan nan nan nan nan nan nan nan nan nan nan nan nan nan nan nan nan nan nan nan nan nan nan nan nan nan nan nan nan nan nan nan nan nan nan nan nan nan nan nan nan nan nan nan nan nan nan nan nan nan nan
nan nan nan nan nan nan nan nan nan nan nan nan nan nan nan nan nan nan nan nan nan nan nan nan nan nan nan nan nan nan nan nan nan nan nan nan nan nan nan nan nan nan nan nan nan nan nan nan nan nan nan nan nan nan nan nan nan nan nan nan nan nan nan nan nan nan
nan nan nan nan nan nan nan nan nan nan nan nan nan nan nan nan nan nan nan nan nan nan nan nan nan nan nan nan nan nan nan nan nan nan nan nan nan nan nan nan nan nan nan nan nan nan nan nan nan nan nan nan nan nan nan nan nan nan nan nan nan nan nan nan nan nan
nan nan nan nan nan nan nan nan nan nan nan nan nan nan nan nan nan nan nan nan nan nan nan nan nan nan nan nan nan nan nan nan nan nan nan nan nan nan nan nan nan nan nan nan nan nan nan nan nan nan nan nan nan nan nan nan nan nan nan nan nan nan nan nan nan nan
nan nan nan nan nan nan nan nan nan nan nan nan nan nan nan nan nan nan nan nan nan nan nan nan nan nan nan nan nan nan nan nan nan nan nan nan nan nan nan nan nan nan nan nan nan nan nan nan nan nan nan nan nan nan nan nan nan nan nan nan nan nan nan nan nan nan
nan nan nan nan nan nan nan nan nan nan nan nan nan nan nan nan nan nan nan nan nan nan nan nan nan nan nan nan nan nan nan nan nan nan nan nan nan nan nan nan nan nan nan nan nan nan nan nan nan nan nan nan nan nan nan nan nan nan nan nan nan nan nan nan nan nan
nan nan nan nan nan nan nan nan nan nan nan nan nan nan nan nan nan nan nan nan nan nan nan nan nan nan nan nan nan nan nan nan nan nan nan nan nan nan nan nan nan nan nan nan nan nan nan nan nan nan nan nan nan nan nan nan nan nan nan nan nan nan nan nan nan nan
nan nan nan nan nan nan nan nan nan nan nan nan nan nan nan nan nan nan nan nan nan nan nan nan nan nan nan nan nan nan nan nan nan nan nan nan nan nan nan nan nan nan nan nan nan nan nan nan nan nan nan nan nan nan nan nan nan nan nan nan nan nan nan nan nan nan
