rasters/edaphic_/cfvo.asc
ncols        720
nrows        300
xllcorner    -180.000000000000
yllcorner    -60.000000000000
cellsize     0.500000000000
NODATA_value  nan
[rows 58 to 86 of 300, columns 198 to 263 of 720]
nan nan nan nan nan 170.549468994140625 165.629119873046875 157.220550537109375 160.217620849609375 nan 166.8032684326171875 177.5399932861328125 188.380035400390625 186.1833343505859375 182.156219482421875 182.5846710205078125 191.6215362548828125 196.189178466796875 184.57635498046875 nan 170.9654541015625 170.3554229736328125 161.700531005859375 nan nan nan nan nan nan nan nan nan nan nan nan nan nan nan nan nan nan nan nan nan nan nan nan nan nan nan nan nan nan nan nan nan nan nan nan nan nan nan nan nan nan 171.8212127685546875
nan nan nan nan nan nan nan nan 159.92718505859375 159.054473876953125 nan 166.515838623046875 178.18585205078125 181.80865478515625 nan 183.0363616943359375 187.177001953125 184.63525390625 188.84783935546875 170.3748626708984375 161.4818115234375 nan 157.4576873779296875 nan nan 177.440948486328125 nan nan nan nan nan nan 206.15435791015625 nan nan nan nan nan nan nan nan nan nan nan nan nan nan nan nan nan nan nan nan nan nan nan nan nan nan nan nan nan nan nan nan nan
nan nan nan nan nan nan nan 162.3506011962890625 163.3313446044921875 nan 155.07855224609375 nan nan nan 181.174530029296875 177.683074951171875 183.6463165283203125 174.605224609375 165.5370330810546875 157.2125091552734375 151.899017333984375 151.02569580078125 nan nan nan nan nan nan nan nan nan 206.2265472412109375 226.7440643310546875 234.1680145263671875 nan nan nan nan nan nan nan nan nan nan nan nan nan nan nan nan nan nan nan nan nan nan nan nan nan nan nan nan nan nan nan nan
nan nan nan nan nan nan nan 163.2713623046875 nan 164.3486785888671875 166.15289306640625 nan nan 170.6570892333984375 nan nan 178.10369873046875 168.6766357421875 162.4320526123046875 162.922576904296875 160.4378662109375 160.2604522705078125 157.6636199951171875 154.7476959228515625 nan nan nan nan nan nan 211.6008148193359375 229.2871551513671875 241.093597412109375 240.533538818359375 nan nan nan nan nan nan nan nan nan nan nan nan nan nan nan nan nan nan nan nan nan nan nan nan nan nan nan nan nan nan nan nan
nan nan nan nan nan 161.8885040283203125 162.571044921875 163.04656982421875 162.484771728515625 163.5942840576171875 nan 173.8036956787109375 176.260650634765625 175.57763671875 169.8249053955078125 169.1025848388671875 169.6339263916015625 170.96307373046875 nan 172.4826812744140625 172.25738525390625 170.2027130126953125 nan nan 151.94512939453125 nan nan nan nan 186.739471435546875 nan 234.3261871337890625 240.2571258544921875 242.8692779541015625 238.6914520263671875 228.760986328125 nan nan nan nan nan nan nan nan nan nan nan nan nan nan nan nan nan nan nan nan nan nan nan nan nan nan nan nan nan nan
nan nan nan nan nan nan 170.457275390625 177.2688446044921875 177.287750244140625 183.2250823974609375 185.1186370849609375 nan nan 180.043548583984375 178.0575408935546875 180.5187530517578125 187.010772705078125 193.21746826171875 194.60821533203125 186.769134521484375 177.089599609375 178.1851959228515625 185.5846099853515625 nan 162.4754638671875 nan 158.0115966796875 166.0735321044921875 179.9284210205078125 193.18145751953125 221.4012908935546875 nan 228.051300048828125 224.26080322265625 224.0581512451171875 218.3638458251953125 203.372802734375 nan nan nan nan nan nan nan nan nan nan nan nan nan nan nan nan nan nan nan nan nan nan nan nan nan nan nan nan nan
nan nan nan nan nan nan nan nan 190.3847808837890625 197.6146087646484375 200.259857177734375 202.328033447265625 197.8265533447265625 nan 197.7780914306640625 192.9020538330078125 189.54364013671875 189.760772705078125 186.192962646484375 nan 186.11407470703125 196.6025238037109375 202.716766357421875 193.421142578125 170.2957305908203125 162.260162353515625 159.925750732421875 160.937591552734375 nan 200.3882293701171875 nan 225.2797088623046875 nan 210.911895751953125 216.509765625 nan 205.6699676513671875 200.7740020751953125 202.9996795654296875 nan nan nan nan nan nan nan nan nan nan nan nan nan nan nan nan nan nan nan nan nan nan nan nan nan nan nan
nan nan nan nan nan nan nan nan nan nan 199.6589813232421875 206.4483642578125 nan 207.6869354248046875 nan 191.8644866943359375 194.4638671875 203.83868408203125 206.9848785400390625 212.4742889404296875 213.3274688720703125 nan 200.7970733642578125 204.04632568359375 188.079254150390625 173.779083251953125 nan 173.644073486328125 173.7282257080078125 178.3604736328125 190.9479827880859375 212.9467926025390625 215.7262725830078125 200.6103973388671875 197.741607666015625 205.912506103515625 212.728240966796875 202.8728790283203125 nan nan nan nan nan nan nan nan nan nan nan nan nan nan nan nan nan nan nan nan nan nan nan nan nan nan nan nan
nan nan nan nan nan nan nan nan nan 191.2922821044921875 196.6259918212890625 199.2981719970703125 200.647491455078125 205.7842254638671875 nan 206.0245819091796875 207.816162109375 212.1235198974609375 208.4849090576171875 204.114288330078125 189.78802490234375 186.8365631103515625 nan 213.486358642578125 nan 197.17193603515625 nan 175.1471099853515625 171.90472412109375 177.326507568359375 181.624542236328125 200.2668609619140625 209.49810791015625 194.5537109375 190.2718505859375 198.9070281982421875 213.355316162109375 210.2745208740234375 nan nan nan nan nan nan nan nan nan nan nan nan nan nan nan nan nan nan nan nan nan nan nan nan nan nan nan nan
nan nan nan 157.3166656494140625 161.252471923828125 nan nan nan nan nan 216.3319549560546875 208.5316619873046875 215.2880096435546875 nan 211.1872100830078125 212.46136474609375 208.3845672607421875 202.404022216796875 201.1251678466796875 202.8562774658203125 198.7535400390625 197.3265228271484375 204.8549957275390625 218.15960693359375 214.728485107421875 210.5785980224609375 209.683837890625 186.2547149658203125 175.557647705078125 nan 188.7061004638671875 202.7104644775390625 204.898193359375 nan 188.0973358154296875 193.5195159912109375 207.1834259033203125 nan nan nan nan nan nan nan nan nan nan nan nan nan nan nan nan nan nan nan nan nan nan nan nan nan nan nan nan nan
nan nan nan nan nan nan nan nan 194.23577880859375 206.7355804443359375 nan 207.0257720947265625 214.7743988037109375 208.531524658203125 209.06182861328125 203.9443511962890625 208.1223297119140625 207.2738800048828125 199.7813720703125 205.231781005859375 209.3327484130859375 209.899566650390625 213.05902099609375 nan 220.901641845703125 215.3596649169921875 206.1694793701171875 201.662139892578125 195.3397064208984375 187.943084716796875 195.5819091796875 208.3092193603515625 196.8112945556640625 187.255157470703125 207.21148681640625 203.1273193359375 192.0633544921875 207.3596038818359375 199.1730804443359375 185.221527099609375 nan nan nan nan nan nan nan nan nan nan nan nan nan nan nan nan nan nan nan nan nan nan nan nan nan nan
nan nan nan nan nan nan 179.87506103515625 185.1931915283203125 196.8188934326171875 208.9477996826171875 207.9217071533203125 200.3968658447265625 nan 204.7214508056640625 204.388336181640625 204.6855010986328125 202.1675262451171875 193.536651611328125 197.5999603271484375 203.23516845703125 217.97894287109375 224.989593505859375 232.9199371337890625 232.5741119384765625 nan 226.3708038330078125 215.7894134521484375 207.1619415283203125 nan 201.4581451416015625 203.312164306640625 208.58807373046875 198.9424591064453125 186.058624267578125 199.93768310546875 196.09814453125 194.158935546875 nan 210.2755126953125 194.2923736572265625 165.07720947265625 nan nan nan nan nan nan nan nan nan nan nan nan nan nan nan nan nan nan nan nan nan nan nan nan nan
nan nan nan 171.285369873046875 174.4250946044921875 nan 178.839141845703125 183.030670166015625 195.038848876953125 nan 207.4332733154296875 203.5502166748046875 nan 210.1258697509765625 201.075897216796875 191.568878173828125 186.061798095703125 189.765350341796875 nan 216.621246337890625 nan 233.299102783203125 nan nan 227.362091064453125 226.788848876953125 223.72943115234375 222.4620361328125 nan nan 179.25408935546875 nan 191.0994110107421875 nan 184.8695220947265625 190.795135498046875 194.4509124755859375 203.608642578125 205.97943115234375 193.2658843994140625 169.552703857421875 nan 152.6977081298828125 155.7499237060546875 150.863311767578125 145.589996337890625 nan nan nan nan nan nan nan nan nan nan nan nan nan nan nan nan nan nan nan nan
nan nan nan nan 170.6324005126953125 172.5565338134765625 nan 183.1513671875 183.665771484375 nan 197.4301300048828125 202.0145263671875 204.7271575927734375 204.0522308349609375 nan nan nan 200.4810943603515625 197.844879150390625 218.652587890625 230.0537567138671875 230.2629241943359375 nan 208.8460235595703125 205.762359619140625 214.8345489501953125 223.2928924560546875 225.48419189453125 211.6681060791015625 nan nan nan 183.2004547119140625 178.598297119140625 176.4345703125 170.224609375 190.1517791748046875 nan 197.1425323486328125 192.7433624267578125 175.9439849853515625 159.4161376953125 158.03460693359375 151.973907470703125 141.0347747802734375 nan nan nan nan nan nan nan nan nan nan nan nan nan nan nan nan nan nan nan nan nan
nan nan nan nan 164.3238067626953125 166.250823974609375 nan nan nan 174.4013214111328125 nan nan nan 194.0953216552734375 nan 196.6033935546875 195.6838226318359375 205.280364990234375 206.3137359619140625 nan 221.1118011474609375 nan 213.3226318359375 nan 195.1658477783203125 207.959686279296875 nan nan 215.6352996826171875 185.5744781494140625 187.284759521484375 172.0406036376953125 165.2696990966796875 170.919219970703125 nan 170.4148101806640625 180.22882080078125 196.8147735595703125 nan 188.6785125732421875 169.8090667724609375 159.5053863525390625 nan nan 183.0210418701171875 163.24945068359375 155.3050689697265625 151.22784423828125 nan nan nan nan nan nan nan nan nan nan nan nan nan nan nan nan nan nan
nan nan nan nan 158.7114715576171875 162.59588623046875 164.9555206298828125 165.548736572265625 165.3097686767578125 nan 191.39263916015625 197.7220916748046875 194.027374267578125 196.97625732421875 198.3621826171875 193.222320556640625 197.7476654052734375 nan nan 210.230987548828125 209.6932830810546875 226.01715087890625 227.0699462890625 219.092926025390625 217.8182373046875 221.144683837890625 nan 221.46466064453125 209.3296661376953125 190.733001708984375 198.53857421875 194.126953125 181.8331298828125 179.85015869140625 190.995208740234375 191.781158447265625 194.4001617431640625 187.7408447265625 187.6036529541015625 193.0083465576171875 176.129425048828125 nan 173.062469482421875 185.1614990234375 185.6688385009765625 163.9621124267578125 164.8525390625 167.351318359375 nan 148.6298828125 148.412841796875 nan nan nan nan nan nan nan nan nan nan nan nan nan nan nan
157.4619903564453125 nan nan nan nan 159.78924560546875 159.983795166015625 166.6599273681640625 172.7938079833984375 nan 200.3719329833984375 198.6888275146484375 nan 205.018951416015625 204.304229736328125 208.01275634765625 205.0099945068359375 204.1315765380859375 207.8245391845703125 207.8488922119140625 nan 221.882293701171875 226.5347900390625 nan nan 220.2437286376953125 216.54315185546875 nan 205.2927398681640625 nan 175.64739990234375 nan 175.7283477783203125 183.8186492919921875 207.5553131103515625 200.68475341796875 196.00128173828125 191.4168548583984375 194.1857147216796875 191.8900909423828125 183.3780364990234375 176.22015380859375 179.67449951171875 173.748504638671875 nan 161.919158935546875 164.1210174560546875 170.0599365234375 179.3068084716796875 163.767242431640625 nan nan nan nan nan nan nan nan nan nan nan nan nan nan nan nan
nan nan nan nan nan 150.53607177734375 150.784759521484375 154.3245391845703125 161.68475341796875 177.564971923828125 190.6617584228515625 nan 190.759735107421875 195.432586669921875 nan nan 197.7693328857421875 200.8139801025390625 209.28125 214.0569915771484375 218.9953765869140625 221.6595306396484375 218.90582275390625 218.927947998046875 216.5357666015625 214.48187255859375 210.8371124267578125 207.0930023193359375 203.0545501708984375 193.089111328125 197.024871826171875 nan 198.302642822265625 194.15594482421875 196.0583648681640625 194.4205474853515625 194.94775390625 189.0605316162109375 190.6809844970703125 191.9416046142578125 186.1140899658203125 nan 178.637847900390625 180.9570465087890625 173.7636260986328125 174.1349945068359375 173.3697052001953125 172.06378173828125 184.373199462890625 174.1899261474609375 nan nan nan nan nan nan nan nan nan nan nan nan nan nan nan nan
119.29537200927734375 nan nan nan 123.9782562255859375 136.9632720947265625 142.0237579345703125 144.942138671875 154.2795562744140625 174.4716644287109375 180.6817779541015625 184.31414794921875 192.6503448486328125 192.8513946533203125 195.3006134033203125 194.3592681884765625 203.169525146484375 205.9275970458984375 210.261383056640625 210.44232177734375 216.5861358642578125 215.5959014892578125 212.5114593505859375 209.9079437255859375 207.8274993896484375 209.33026123046875 209.6661376953125 207.2853851318359375 206.9628143310546875 209.00567626953125 210.29339599609375 207.12957763671875 208.1978607177734375 202.2800750732421875 205.13916015625 205.196075439453125 201.446014404296875 199.9387969970703125 199.94085693359375 197.0423431396484375 191.9991912841796875 186.31866455078125 185.364471435546875 185.4232635498046875 189.1952972412109375 192.3088531494140625 190.222412109375 180.8031768798828125 180.4089813232421875 172.1811370849609375 nan nan nan nan nan nan nan nan nan nan nan nan nan nan nan nan
108.88776397705078125 106.54996490478515625 nan 114.64229583740234375 118.97552490234375 nan 136.62237548828125 139.0054168701171875 152.31378173828125 nan 177.2420654296875 nan nan 191.476287841796875 nan nan nan 205.1152801513671875 210.6169586181640625 209.97943115234375 212.63507080078125 214.9095458984375 209.6458740234375 205.42132568359375 204.324615478515625 nan 204.5401763916015625 205.8746337890625 208.1965179443359375 214.9809112548828125 214.9061279296875 211.6136627197265625 209.666534423828125 211.4727783203125 215.0316925048828125 213.5631103515625 204.3151702880859375 198.9460601806640625 198.8147430419921875 202.4317169189453125 200.1265869140625 191.8041229248046875 190.0566253662109375 178.8523712158203125 169.77459716796875 172.2595062255859375 nan nan 153.8005218505859375 144.872100830078125 nan nan nan nan nan nan nan nan nan nan nan nan nan nan nan nan
113.8270416259765625 121.793670654296875 119.83774566650390625 118.903656005859375 120.61046600341796875 125.17132568359375 129.9322357177734375 133.2584228515625 141.21099853515625 160.81524658203125 173.935546875 174.736236572265625 180.4805755615234375 180.4776763916015625 181.3763580322265625 193.376495361328125 201.9691314697265625 204.9829864501953125 nan nan nan nan 211.117279052734375 nan 208.2958221435546875 204.171905517578125 201.1288909912109375 198.304534912109375 202.5258331298828125 207.266754150390625 207.990081787109375 nan 206.3787689208984375 201.443511962890625 204.809326171875 190.857666015625 nan 176.1188507080078125 180.6645050048828125 183.761444091796875 185.871978759765625 184.115264892578125 171.8458404541015625 162.0261077880859375 nan nan nan nan 175.1162872314453125 168.712188720703125 nan nan nan nan nan nan nan nan nan nan nan nan nan nan nan nan
112.83142852783203125 118.18621063232421875 118.2275238037109375 113.92208099365234375 117.8461151123046875 124.45252227783203125 126.42071533203125 138.24932861328125 152.916473388671875 164.2012786865234375 169.3353424072265625 172.3290252685546875 170.3522186279296875 177.77056884765625 nan 190.68804931640625 200.789947509765625 206.1676025390625 209.6323089599609375 nan 205.40435791015625 205.6684112548828125 207.2969207763671875 206.5885009765625 206.89984130859375 202.883453369140625 199.15185546875 190.750732421875 179.660552978515625 169.5011138916015625 167.953765869140625 nan 161.257080078125 157.5653076171875 nan 146.5942840576171875 nan 138.2854461669921875 142.6918792724609375 147.2260589599609375 nan 156.48944091796875 nan nan nan nan nan 185.2115631103515625 192.210540771484375 nan nan nan nan nan nan nan nan nan nan nan nan nan nan nan nan nan
89.2807464599609375 91.282867431640625 97.08392333984375 99.78931427001953125 109.57543182373046875 120.82376861572265625 127.825469970703125 144.8442535400390625 nan 156.2605133056640625 161.8671875 154.8054962158203125 150.2456817626953125 nan 183.217559814453125 189.8628082275390625 198.239837646484375 nan 199.8965911865234375 198.0818328857421875 196.984466552734375 203.351104736328125 205.241851806640625 204.9806060791015625 203.445831298828125 196.4151763916015625 187.2843475341796875 173.8994598388671875 nan nan nan nan nan nan 121.97251129150390625 126.5875701904296875 nan nan nan nan nan nan nan nan nan nan nan 204.3285675048828125 nan 168.195281982421875 nan nan nan nan nan nan nan nan nan nan nan nan nan nan nan nan
90.1036224365234375 103.74646759033203125 106.87841796875 112.1429443359375 125.10675048828125 134.576812744140625 135.9360809326171875 nan 160.305908203125 162.407012939453125 162.437042236328125 161.2439422607421875 165.5777740478515625 168.654022216796875 nan 184.7632293701171875 178.4048614501953125 175.10736083984375 182.017974853515625 188.2209930419921875 196.8508758544921875 203.0186004638671875 207.155914306640625 207.3064117431640625 189.6586151123046875 163.743408203125 nan nan nan nan nan nan nan nan nan 121.5705413818359375 129.4887847900390625 119.09726715087890625 nan nan nan nan nan nan nan nan 199.549652099609375 180.43133544921875 179.7350616455078125 164.1057281494140625 157.648284912109375 144.6189727783203125 133.1114044189453125 130.28106689453125 120.72507476806640625 nan nan nan nan nan nan nan nan nan nan nan
101.80255889892578125 111.97628021240234375 123.9515533447265625 120.03791046142578125 128.8383636474609375 131.4170684814453125 133.5904998779296875 134.693023681640625 162.1653289794921875 nan 160.1373138427734375 166.0272979736328125 177.6621551513671875 180.611328125 186.0594635009765625 192.209197998046875 165.90643310546875 141.2468719482421875 150.3282928466796875 168.9293670654296875 181.097991943359375 188.7981414794921875 198.3186187744140625 192.9771881103515625 nan nan 132.48321533203125 145.909027099609375 154.7177734375 164.76800537109375 170.772613525390625 162.812225341796875 153.047607421875 nan nan nan nan nan nan nan nan nan nan nan nan 190.0015106201171875 nan 191.91766357421875 nan 156.3361663818359375 143.8444366455078125 147.19891357421875 149.4619293212890625 143.63836669921875 nan nan nan nan nan nan nan nan nan nan nan nan
140.0108795166015625 138.6775665283203125 140.6961669921875 142.3331756591796875 140.49359130859375 nan 133.1940765380859375 nan 158.5505828857421875 169.2813720703125 165.0386810302734375 163.59844970703125 173.59539794921875 183.703857421875 nan 203.485198974609375 192.4285888671875 174.74273681640625 159.69744873046875 157.1734466552734375 166.2019195556640625 182.998504638671875 175.4660186767578125 nan 141.6860198974609375 149.5470733642578125 157.3449554443359375 162.2126922607421875 155.0334930419921875 159.389312744140625 161.7380828857421875 145.92657470703125 143.9970703125 nan nan nan nan nan nan nan nan nan nan nan 168.5887603759765625 183.2296295166015625 188.3445281982421875 176.2744598388671875 169.85125732421875 160.2845001220703125 150.9982147216796875 154.2024688720703125 153.81842041015625 150.841796875 153.425506591796875 nan nan nan nan nan nan nan nan nan nan nan
157.568145751953125 145.2738800048828125 137.111358642578125 140.240081787109375 nan 152.1255340576171875 144.4338226318359375 155.9039306640625 158.4040679931640625 nan nan nan 182.49072265625 189.8240509033203125 189.354888916015625 189.2210540771484375 181.970794677734375 159.3590850830078125 155.9674072265625 162.49755859375 169.1370697021484375 181.1845703125 nan 145.2129974365234375 158.4882049560546875 164.9809722900390625 173.6970977783203125 167.96807861328125 153.3195953369140625 140.681671142578125 128.1134796142578125 114.13720703125 nan nan nan nan nan nan nan nan nan nan nan 171.18359375 172.7662200927734375 176.498291015625 nan 172.2698974609375 174.977630615234375 169.4269561767578125 166.0915679931640625 161.3932647705078125 159.0701141357421875 156.83099365234375 nan 152.3098602294921875 nan nan nan nan nan nan nan nan nan nan
164.1448974609375 161.0254364013671875 148.8116302490234375 136.80999755859375 141.2971649169921875 nan 157.2445526123046875 158.23834228515625 157.657989501953125 165.25146484375 158.9542694091796875 150.984619140625 164.7153167724609375 176.0201263427734375 174.9681243896484375 nan 161.2389984130859375 139.899017333984375 148.07464599609375 153.2712860107421875 151.86285400390625 nan 145.1621856689453125 171.6261749267578125 188.1008758544921875 185.9908905029296875 170.794830322265625 146.520538330078125 144.2559967041015625 146.83465576171875 127.38278961181640625 115.48534393310546875 nan nan nan nan nan nan nan nan nan nan nan nan nan nan nan nan nan nan nan 148.3420867919921875 nan nan 146.3441619873046875 145.9342193603515625 nan nan nan nan nan nan nan nan nan nan
nan 123.16365814208984375 128.5626220703125 132.593170166015625 141.234649658203125 143.8508758544921875 150.022186279296875 154.0150299072265625 158.6797027587890625 156.8156585693359375 nan 134.00970458984375 143.1222076416015625 164.45184326171875 169.551544189453125 163.991943359375 138.16485595703125 111.76755523681640625 110.782745361328125 nan 127.37209320068359375 141.504150390625 148.880828857421875 175.0948028564453125 195.4717254638671875 197.792205810546875 183.0038909912109375 154.3972015380859375 151.843475341796875 141.0868072509765625 116.252166748046875 102.09201812744140625 nan 118.491729736328125 nan nan nan nan nan nan 150.80572509765625 nan nan nan nan nan nan nan nan nan nan nan nan nan nan 151.4038238525390625 nan nan nan nan nan nan nan nan nan nan
