rasters/edaphic_/cfvo.asc
ncols        720
nrows        300
xllcorner    -180.000000000000
yllcorner    -60.000000000000
cellsize     0.500000000000
NODATA_value  nan
[rows 145 to 173 of 300, columns 528 to 593 of 720]
nan nan nan nan nan nan nan nan nan nan nan nan nan nan nan nan nan nan nan nan nan 220.7755889892578125 164.4181060791015625 169.5089111328125 180.9153594970703125 184.5379791259765625 227.1261749267578125 218.4210968017578125 232.101715087890625 223.8086395263671875 167.75592041015625 114.78406524658203125 116.4625244140625 190.3922882080078125 204.184356689453125 170.2127685546875 129.7541961669921875 113.13947296142578125 113.881866455078125 nan nan 120.9729156494140625 153.8557281494140625 152.601959228515625 143.2160186767578125 114.01842498779296875 nan nan nan nan nan nan nan nan nan nan nan nan nan nan nan nan nan nan nan nan
nan nan nan nan nan nan nan nan nan nan nan nan nan nan nan nan nan nan nan nan nan 186.121978759765625 nan nan nan 176.86175537109375 nan 196.12750244140625 207.5864105224609375 215.2646636962890625 159.0948333740234375 91.9515533447265625 76.8245086669921875 166.179443359375 182.9037933349609375 167.3539886474609375 123.97906494140625 114.6313629150390625 115.10111236572265625 121.8378448486328125 136.423980712890625 128.4462127685546875 122.3896942138671875 126.68621063232421875 142.5089874267578125 125.9069671630859375 99.54759979248046875 nan nan nan nan nan nan nan nan nan nan nan nan nan nan nan nan nan nan nan
nan nan nan nan nan nan nan nan nan nan nan nan nan nan nan nan nan nan nan nan 227.4291229248046875 181.634613037109375 167.425933837890625 170.81683349609375 nan nan nan 195.7181854248046875 219.53253173828125 233.6797943115234375 196.237335205078125 77.77838897705078125 62.835643768310546875 121.45763397216796875 165.5115203857421875 149.5063018798828125 116.57419586181640625 122.91376495361328125 103.0847930908203125 99.2687225341796875 122.35137939453125 138.6076202392578125 123.31793212890625 127.24652099609375 137.535247802734375 149.1244659423828125 133.92694091796875 119.989349365234375 nan nan nan nan nan nan nan nan nan nan nan nan nan nan nan nan nan nan
nan nan nan nan nan nan nan nan nan nan nan nan nan nan nan nan nan nan nan nan nan nan nan nan nan nan nan 221.4257965087890625 238.070556640625 242.8688812255859375 211.0694427490234375 97.943939208984375 75.9838714599609375 103.34832000732421875 133.2089996337890625 115.1609649658203125 98.739501953125 119.383941650390625 101.90802764892578125 103.27927398681640625 115.29595184326171875 129.1979827880859375 133.4949188232421875 140.5047149658203125 130.1133880615234375 151.92041015625 154.09869384765625 121.47899627685546875 117.723358154296875 nan nan nan nan nan nan nan nan nan nan nan nan nan nan nan nan nan
nan nan nan nan nan nan nan nan nan nan nan nan nan nan nan nan nan nan nan nan nan nan nan nan nan nan nan nan 261.775482177734375 249.776580810546875 232.8697052001953125 122.89281463623046875 90.00780487060546875 114.83687591552734375 130.7011871337890625 nan 84.6434478759765625 104.74187469482421875 116.434967041015625 117.973297119140625 102.9868316650390625 114.01470947265625 118.02487945556640625 130.9181365966796875 163.7051849365234375 149.23211669921875 154.9168243408203125 144.9128875732421875 130.9722137451171875 125.6363525390625 nan nan nan nan nan nan nan nan nan nan nan nan nan nan nan nan
nan nan nan nan nan nan nan nan nan nan nan nan nan nan nan nan nan nan nan nan nan nan nan nan nan nan nan nan 253.44232177734375 250.434295654296875 227.332244873046875 121.67767333984375 52.6162261962890625 96.350799560546875 154.8461761474609375 142.0535736083984375 126.9742279052734375 118.61045074462890625 125.28255462646484375 120.5565948486328125 115.720123291015625 117.482940673828125 116.77496337890625 122.25146484375 151.95697021484375 138.7090911865234375 145.6145477294921875 150.64544677734375 138.0917205810546875 128.684783935546875 nan nan nan nan nan nan nan nan nan nan nan nan nan nan nan nan
nan nan nan nan nan nan nan nan nan nan nan nan nan nan nan nan nan nan nan nan nan nan nan nan nan nan nan nan 245.805267333984375 256.010284423828125 206.6578521728515625 97.93495941162109375 42.97174072265625 57.051807403564453125 118.4640045166015625 142.1068572998046875 152.63958740234375 142.302978515625 110.166778564453125 112.7824249267578125 133.128875732421875 131.4055938720703125 134.165069580078125 118.25201416015625 126.5820159912109375 152.7756805419921875 154.9972991943359375 140.7499542236328125 136.93548583984375 123.53449249267578125 nan nan nan nan nan nan nan nan nan nan nan nan nan nan nan nan
nan nan nan nan nan nan nan nan nan nan nan nan nan nan nan nan nan nan nan nan nan nan nan nan nan nan nan nan nan 258.608489990234375 216.1893768310546875 98.884124755859375 nan 52.937297821044921875 70.27683258056640625 84.49477386474609375 103.557952880859375 97.7304534912109375 83.5923919677734375 92.05912017822265625 130.2212371826171875 130.8505401611328125 133.5457916259765625 134.0132598876953125 122.827484130859375 127.76065826416015625 131.677490234375 125.4214019775390625 128.024017333984375 122.81787109375 nan nan nan nan nan nan nan nan nan nan nan nan nan nan nan nan
nan nan nan nan nan nan nan nan nan nan nan nan nan nan nan nan nan nan nan nan nan nan nan nan nan nan nan nan nan 256.220184326171875 260.652557373046875 156.221038818359375 nan nan 102.93781280517578125 133.502655029296875 137.3515777587890625 97.247650146484375 67.47008514404296875 nan 108.28556060791015625 119.2353668212890625 138.7054443359375 152.76177978515625 131.4058837890625 124.2700653076171875 113.72472381591796875 107.759796142578125 123.1589508056640625 128.496795654296875 131.9625244140625 nan nan nan nan nan nan nan nan nan nan nan nan nan nan nan
nan nan nan nan nan nan nan nan nan nan nan nan nan nan nan nan nan nan nan nan nan nan nan nan nan nan nan nan nan 252.4946746826171875 272.720977783203125 192.928863525390625 nan nan 112.75989532470703125 122.4542694091796875 161.7210693359375 151.8138275146484375 103.73891448974609375 85.2183990478515625 101.196990966796875 89.0927276611328125 116.94873809814453125 141.2676849365234375 120.8402099609375 124.28795623779296875 129.7128753662109375 121.6524810791015625 116.92255401611328125 120.6857147216796875 133.682373046875 nan nan nan nan nan nan nan nan nan nan nan nan nan nan nan
nan nan nan nan nan nan nan nan nan nan nan nan nan nan nan nan nan nan nan nan nan nan nan nan nan nan nan nan nan 224.766754150390625 264.7618408203125 207.7014312744140625 nan nan nan nan nan 173.592376708984375 178.8817138671875 152.0894775390625 132.2085113525390625 101.1318359375 105.3976287841796875 114.85768890380859375 114.762908935546875 129.06890869140625 151.3192596435546875 139.9106292724609375 140.7865142822265625 135.0960845947265625 nan nan nan nan nan nan nan nan nan nan nan nan nan nan nan nan
nan nan nan nan nan nan nan nan nan nan nan nan nan nan nan nan nan 164.841064453125 nan nan nan nan nan nan nan nan nan nan nan 211.6223297119140625 243.9544219970703125 210.6510772705078125 nan nan nan nan nan nan 203.3896026611328125 188.22576904296875 140.0521697998046875 107.38034820556640625 90.78755950927734375 81.85002899169921875 101.89551544189453125 120.82688140869140625 142.4376220703125 136.0652618408203125 138.1324462890625 135.9573974609375 nan nan nan nan nan nan nan nan nan nan nan nan nan nan nan nan
nan nan nan nan nan nan nan nan nan nan nan nan nan nan nan nan nan nan nan nan nan nan nan nan nan nan nan nan nan nan 230.1951446533203125 nan nan nan nan nan nan nan 169.597747802734375 163.059173583984375 143.1960296630859375 104.35344696044921875 74.8914794921875 64.3985595703125 72.802154541015625 101.51039886474609375 124.023773193359375 122.850250244140625 126.727691650390625 127.403594970703125 nan nan nan nan nan nan nan nan nan nan nan nan nan nan nan nan
nan nan nan nan nan nan nan nan nan nan nan nan nan nan nan nan nan nan nan nan nan nan nan nan nan nan nan nan nan 201.0883331298828125 162.945098876953125 nan nan nan nan nan nan nan 151.791839599609375 145.298797607421875 137.2996673583984375 96.4112396240234375 76.483245849609375 63.33631134033203125 63.06212615966796875 73.7140045166015625 100.1147308349609375 102.22381591796875 nan nan nan nan nan nan nan nan nan nan nan nan nan nan nan nan nan nan
nan nan nan nan nan nan nan nan nan nan nan nan nan nan nan nan nan nan nan nan nan nan nan nan nan nan nan nan nan 176.2456512451171875 nan nan nan nan nan nan nan nan nan nan nan 91.31494140625 78.5497283935546875 70.38356781005859375 69.73522186279296875 73.28983306884765625 nan nan nan nan nan nan nan nan nan nan nan nan nan nan nan nan nan nan nan nan
nan nan nan nan nan nan nan nan nan nan nan nan nan nan nan nan nan nan nan nan nan nan nan nan nan nan nan nan nan 163.109466552734375 nan nan nan nan nan nan nan nan nan nan nan nan 77.2852325439453125 73.43886566162109375 70.18094635009765625 nan nan nan nan nan nan nan nan nan nan nan nan nan nan nan nan nan nan nan nan nan
nan nan nan nan nan nan nan nan nan nan nan nan nan nan nan nan nan nan nan nan nan nan nan nan nan nan nan nan nan 147.399749755859375 nan 101.90857696533203125 nan nan nan nan nan nan nan nan nan nan nan 71.56928253173828125 nan nan nan nan nan nan nan nan nan nan nan nan nan nan nan nan nan nan nan nan nan nan
nan nan nan nan nan nan nan nan nan nan nan nan nan nan nan nan nan nan nan nan nan nan nan nan nan nan nan nan nan 157.17266845703125 120.28568267822265625 113.98526763916015625 nan nan nan nan nan nan nan nan nan nan 84.86034393310546875 nan nan nan nan nan nan nan nan nan nan nan nan nan nan nan nan nan nan nan nan nan nan nan
nan nan nan nan nan nan nan nan nan nan nan nan nan nan nan nan nan nan nan nan nan nan nan nan nan nan nan nan nan nan 134.49774169921875 110.7830657958984375 76.96932220458984375 nan nan nan nan nan nan nan nan nan nan nan nan nan nan nan nan nan nan nan nan nan nan nan nan nan nan nan nan nan nan nan nan nan
nan nan nan nan nan nan nan nan nan nan nan nan nan nan nan nan nan nan nan nan nan nan nan nan nan nan nan nan nan nan 111.45709228515625 103.73165130615234375 79.47283935546875 nan nan nan nan nan nan nan nan nan nan nan nan nan nan nan nan nan nan nan nan nan nan nan nan nan nan nan nan nan nan nan nan nan
nan nan nan nan nan nan nan nan nan nan nan nan nan nan nan nan nan nan nan nan nan nan nan nan nan nan nan nan nan nan nan 103.13338470458984375 92.752960205078125 nan nan nan nan nan nan nan nan nan nan nan nan nan nan nan nan nan nan nan nan nan nan nan nan nan nan nan nan nan nan nan nan nan
nan nan nan nan nan nan nan nan nan nan nan nan nan nan nan nan nan nan nan nan nan nan nan nan nan nan nan nan nan nan nan nan 111.49977874755859375 112.5114288330078125 92.96955108642578125 nan nan nan nan nan nan nan nan nan nan nan nan nan nan nan nan nan nan nan nan nan nan nan nan nan nan nan nan nan nan 104.9304046630859375
nan nan nan nan nan nan nan nan nan nan nan nan nan nan nan nan nan nan nan nan nan nan nan nan nan nan nan nan nan nan nan nan nan 113.37735748291015625 111.3000640869140625 98.36319732666015625 nan nan nan nan nan nan nan nan nan nan nan nan nan nan nan nan nan nan nan nan nan nan nan nan nan nan nan nan nan 105.85528564453125
nan nan nan nan nan nan nan nan nan nan nan nan nan nan nan nan nan nan nan nan nan nan nan nan nan nan nan nan nan nan nan nan nan 107.151214599609375 103.85430145263671875 108.10951995849609375 100.9068603515625 nan nan nan nan nan nan nan nan nan nan nan nan nan nan nan nan nan nan nan nan nan nan nan nan nan nan nan 98.83731842041015625 100.11293792724609375
nan nan nan nan nan nan nan nan nan nan nan nan nan nan nan nan nan nan nan nan nan nan nan 120.81975555419921875 nan nan nan nan nan nan nan nan nan 103.8021697998046875 106.8558807373046875 109.12401580810546875 118.28143310546875 106.98665618896484375 nan nan nan nan nan nan nan nan nan nan nan nan nan nan nan nan nan nan nan nan nan nan nan nan nan 99.78343963623046875 103.0426025390625 102.40480804443359375
nan nan nan nan nan nan nan nan nan nan nan nan nan nan nan nan nan nan nan nan nan nan nan 121.2972564697265625 114.30718231201171875 101.54361724853515625 101.36376190185546875 96.3491058349609375 nan nan nan nan nan 93.630218505859375 106.541168212890625 102.5824127197265625 110.67282867431640625 115.41974639892578125 99.04901885986328125 nan nan nan nan nan nan nan nan nan nan nan nan nan nan nan nan nan nan nan nan nan nan 108.29946136474609375 107.96218109130859375 95.0092926025390625 98.07265472412109375 98.2995452880859375
nan nan nan nan nan nan nan nan nan nan nan nan nan nan nan nan nan nan nan nan nan nan nan nan 86.78258514404296875 100.9608001708984375 104.3543853759765625 95.2802276611328125 76.89450836181640625 nan nan nan nan 70.779205322265625 91.40331268310546875 94.62639617919921875 99.187896728515625 109.49704742431640625 93.8441162109375 nan nan nan nan nan nan nan nan nan nan nan nan nan nan nan nan nan nan nan nan nan 88.84677886962890625 113.5389862060546875 106.50675201416015625 92.0759429931640625 99.56531524658203125 102.5706024169921875
nan nan nan nan nan nan nan nan nan nan nan nan nan nan nan nan nan nan nan nan nan nan nan nan nan 90.78357696533203125 112.2218780517578125 96.9524078369140625 74.4240264892578125 67.8277435302734375 nan nan nan nan 73.71533203125 97.18390655517578125 92.58953094482421875 96.1726226806640625 76.20247650146484375 nan nan nan nan nan nan nan nan nan nan nan nan nan nan nan nan nan nan nan nan 69.47248077392578125 98.0389556884765625 116.17767333984375 100.46475982666015625 93.0970458984375 103.79251861572265625 96.5048065185546875
nan nan nan nan nan nan nan nan nan nan nan nan nan nan nan nan nan nan nan nan nan nan nan nan nan nan 109.22814178466796875 97.11937713623046875 79.154754638671875 66.02268218994140625 61.12862396240234375 nan nan nan nan 96.14763641357421875 86.59397125244140625 86.35512542724609375 70.72118377685546875 nan nan nan nan nan nan nan nan nan nan nan nan nan nan nan nan nan nan nan 62.219074249267578125 83.36724853515625 116.9971771240234375 122.0079803466796875 107.08289337158203125 95.75519561767578125 102.537353515625 96.37001800537109375
