rasters/edaphic_/cfvo.asc
ncols        720
nrows        300
xllcorner    -180.000000000000
yllcorner    -60.000000000000
cellsize     0.500000000000
NODATA_value  nan
[rows 87 to 115 of 300, columns 198 to 263 of 720]
75.56542205810546875 70.9527740478515625 nan 106.34453582763671875 131.23919677734375 140.9287261962890625 137.5391082763671875 137.07373046875 145.54461669921875 139.5839996337890625 129.436676025390625 133.42352294921875 118.7353515625 129.345489501953125 135.185516357421875 111.06392669677734375 86.74993896484375 86.44190216064453125 106.29836273193359375 125.5947265625 144.6876373291015625 149.8199005126953125 160.5560760498046875 167.32965087890625 nan 179.509429931640625 162.8767242431640625 154.248992919921875 145.5126495361328125 126.85179901123046875 113.00492095947265625 110.27249908447265625 112.9625244140625 nan nan 116.241729736328125 101.57067108154296875 nan nan nan 126.47772979736328125 117.4729461669921875 nan nan nan nan nan nan nan nan nan nan nan nan nan nan nan nan nan nan nan nan nan nan nan nan
nan 80.75115203857421875 86.24941253662109375 108.60498809814453125 136.3820343017578125 144.2039337158203125 139.336029052734375 114.51576995849609375 105.98584747314453125 114.41302490234375 122.083740234375 nan 101.7230682373046875 90.07904052734375 83.3534698486328125 79.2701873779296875 87.44087982177734375 103.76183319091796875 126.55544281005859375 137.7154998779296875 148.3076019287109375 166.0128936767578125 nan 169.668914794921875 nan 162.5022735595703125 146.99688720703125 135.755645751953125 128.3689727783203125 122.90555572509765625 125.97161102294921875 130.02496337890625 128.8453826904296875 126.31102752685546875 121.39026641845703125 nan nan nan nan 112.4089813232421875 nan 113.65814971923828125 nan nan nan nan nan nan nan nan nan nan nan nan nan nan nan nan nan nan nan nan nan nan nan nan
nan nan 89.78057098388671875 96.70923614501953125 118.70941925048828125 137.2509613037109375 142.7123260498046875 133.48773193359375 111.9580078125 83.40840911865234375 72.53354644775390625 75.73858642578125 62.6500701904296875 nan 79.03734588623046875 79.6604766845703125 91.174835205078125 120.8820037841796875 128.7663116455078125 136.5506134033203125 143.385498046875 158.319091796875 159.737945556640625 159.6177215576171875 153.7405548095703125 143.8344879150390625 128.33477783203125 117.47541046142578125 127.14167022705078125 128.3092041015625 nan nan nan nan 119.264556884765625 118.99212646484375 128.6425933837890625 125.4418182373046875 nan nan nan nan nan nan nan nan nan nan nan nan nan nan nan nan nan nan nan nan nan nan nan nan nan nan nan nan
nan nan 70.30725860595703125 70.00998687744140625 76.53087615966796875 91.068572998046875 95.87595367431640625 94.132598876953125 91.4893035888671875 63.364589691162109375 47.3514556884765625 57.224575042724609375 77.5861358642578125 104.78278350830078125 123.457550048828125 94.20958709716796875 106.05045318603515625 120.40888214111328125 127.3003997802734375 142.9742889404296875 147.4673614501953125 146.0994873046875 138.5458221435546875 138.0774993896484375 nan 129.314666748046875 122.6425323486328125 114.90192413330078125 nan nan nan 131.5615081787109375 127.2595062255859375 nan 127.30451202392578125 122.86907196044921875 121.46628570556640625 nan nan nan nan nan nan nan nan nan nan nan nan nan nan nan nan nan nan nan nan nan nan nan nan nan nan nan nan nan
84.5372772216796875 83.40399169921875 57.5311737060546875 51.60291290283203125 62.1369476318359375 nan 73.71147918701171875 69.37126922607421875 71.295257568359375 54.999500274658203125 46.265899658203125 83.62313079833984375 123.960174560546875 126.11824798583984375 143.8570556640625 108.0298919677734375 126.55210113525390625 121.99034881591796875 133.7874298095703125 152.210784912109375 139.3757476806640625 119.0421905517578125 111.0171051025390625 125.6226806640625 nan nan nan nan nan nan 126.78650665283203125 124.509490966796875 124.137359619140625 130.4717254638671875 nan nan nan nan nan nan nan nan nan nan nan nan nan nan nan nan nan nan nan nan nan nan nan nan nan nan nan nan nan nan nan nan
74.5837249755859375 72.85654449462890625 nan nan nan nan nan nan nan nan 92.4788970947265625 111.63332366943359375 126.442779541015625 132.5819549560546875 nan 137.1821441650390625 141.158111572265625 131.2715301513671875 139.58563232421875 130.4247283935546875 99.83177947998046875 71.2427978515625 115.56975555419921875 nan nan nan nan nan nan nan 135.9197235107421875 122.82271575927734375 nan nan nan nan nan nan nan nan nan nan nan nan nan nan nan nan nan nan nan nan nan nan nan nan nan nan nan nan nan nan nan nan nan nan
65.0715484619140625 51.274860382080078125 nan nan 60.598148345947265625 54.490520477294921875 56.12371063232421875 69.06076812744140625 60.31847381591796875 66.37430572509765625 89.8942413330078125 109.3023223876953125 129.3098907470703125 136.0260467529296875 126.49971771240234375 139.6404876708984375 146.762298583984375 136.6784515380859375 127.21669769287109375 94.22563934326171875 74.57787322998046875 nan nan nan nan nan nan nan nan nan nan nan nan nan nan nan nan nan nan nan nan nan nan nan nan nan nan nan nan nan nan nan nan nan nan nan nan nan nan nan nan nan nan nan nan nan
55.774478912353515625 48.161525726318359375 nan nan 89.24097442626953125 105.881256103515625 128.905914306640625 nan nan 134.095367431640625 161.327850341796875 173.32562255859375 180.7438201904296875 153.49432373046875 115.68115234375 137.79107666015625 141.7270050048828125 128.71319580078125 107.34793853759765625 83.29694366455078125 nan nan nan nan nan nan nan nan nan nan nan nan nan nan nan nan nan nan nan nan nan nan nan nan nan nan nan nan nan nan nan nan nan nan nan nan nan nan nan nan nan nan nan nan nan nan
nan nan nan 114.68698883056640625 153.4037933349609375 177.0717010498046875 199.7666473388671875 215.455413818359375 195.3498382568359375 177.0870513916015625 178.2802581787109375 200.198028564453125 210.98162841796875 170.332977294921875 nan 118.22035980224609375 110.37081146240234375 108.00160980224609375 100.6653289794921875 83.208282470703125 nan nan nan nan nan nan nan nan nan nan nan nan nan nan nan nan nan nan nan nan nan nan nan nan nan nan nan nan nan nan nan nan nan nan nan nan nan nan nan nan nan nan nan nan nan nan
74.00778961181640625 93.9173583984375 116.1275634765625 136.82269287109375 178.6110687255859375 208.7345428466796875 212.4434661865234375 212.715576171875 nan 197.9469451904296875 179.8411407470703125 165.088226318359375 151.5848388671875 123.17980194091796875 110.47708892822265625 119.64691925048828125 98.22686767578125 103.87522125244140625 104.87589263916015625 88.56978607177734375 68.70310211181640625 nan nan nan nan nan nan nan nan nan nan nan nan nan nan nan nan nan nan nan nan nan nan nan nan nan nan nan nan nan nan nan nan nan nan nan nan nan nan nan nan nan nan nan nan nan
82.34221649169921875 112.10888671875 119.69449615478515625 125.412872314453125 155.136932373046875 190.0884246826171875 200.437225341796875 188.566619873046875 180.2359619140625 178.8325958251953125 173.70556640625 167.3571929931640625 152.21649169921875 128.0057373046875 133.1662139892578125 117.6346588134765625 95.4326629638671875 nan nan nan nan nan nan nan nan nan nan nan nan nan nan nan nan nan nan nan nan nan nan nan nan nan nan nan nan nan nan nan nan nan nan nan nan nan nan nan nan nan nan nan nan nan nan nan nan nan
107.89056396484375 109.45621490478515625 109.180450439453125 118.20760345458984375 153.01702880859375 181.8606719970703125 184.76092529296875 205.4271697998046875 196.4586029052734375 189.0277099609375 180.06207275390625 174.3433074951171875 154.386688232421875 nan nan nan nan nan nan nan nan nan nan nan nan nan nan nan nan nan nan nan nan nan nan nan nan nan nan nan nan nan nan nan nan nan nan nan nan nan nan nan nan nan nan nan nan nan nan nan nan nan nan nan nan nan
108.10532379150390625 121.86734771728515625 124.42963409423828125 159.3656463623046875 193.0554046630859375 204.65704345703125 209.6000213623046875 198.209686279296875 nan 137.2223052978515625 130.6231231689453125 nan nan nan nan nan nan nan nan nan nan nan nan nan nan nan nan nan nan nan nan nan nan nan nan nan nan nan nan nan nan nan nan nan nan nan nan nan nan nan nan nan nan nan nan nan nan nan nan nan nan nan nan nan nan nan
117.0156707763671875 151.261749267578125 171.9446258544921875 210.3017578125 210.749481201171875 178.4935455322265625 153.942138671875 136.9106597900390625 118.71875762939453125 104.04996490478515625 75.2388916015625 40.44210052490234375 30.852100372314453125 42.200321197509765625 nan nan nan nan nan nan nan nan nan nan nan nan nan nan nan nan nan nan nan nan nan nan nan nan nan nan nan nan nan nan nan nan nan nan nan nan nan nan nan nan nan nan nan nan nan nan nan nan nan nan nan nan
158.6772308349609375 212.4703521728515625 235.8480682373046875 209.6304779052734375 177.1768341064453125 135.8541107177734375 110.93824005126953125 113.75556182861328125 89.98614501953125 nan 22.025339126586914062 nan 45.63816070556640625 nan nan nan nan nan nan nan nan nan nan nan nan nan nan nan nan nan nan nan nan nan nan nan nan nan nan nan nan nan nan nan nan nan nan nan nan nan nan nan nan nan nan nan nan nan nan nan nan nan nan nan nan nan
228.2310638427734375 236.407562255859375 226.331512451171875 202.264129638671875 164.39019775390625 137.34197998046875 98.21697235107421875 78.0198974609375 56.073394775390625 17.70040130615234375 15.079039573669433594 19.061468124389648438 nan nan nan nan nan nan nan nan nan nan nan nan nan nan nan nan nan nan nan nan nan nan nan nan nan nan nan nan nan nan nan nan nan nan nan nan nan nan nan nan nan nan nan nan nan nan nan nan nan nan nan nan nan nan
212.1244049072265625 192.1149749755859375 191.1184539794921875 157.2757110595703125 135.97576904296875 98.7392120361328125 63.19463348388671875 45.158000946044921875 nan nan nan 14.346327781677246094 nan nan nan nan nan nan nan nan nan nan nan nan nan nan nan nan nan nan nan nan nan nan nan nan nan nan nan nan nan nan nan nan nan nan nan nan nan nan nan nan nan nan nan nan nan nan nan nan nan nan nan nan nan nan
171.7236480712890625 172.43780517578125 157.1385345458984375 144.1702423095703125 110.27912139892578125 70.05837249755859375 43.159824371337890625 26.684322357177734375 19.04931640625 nan nan nan nan nan nan nan nan nan nan nan nan nan nan nan nan nan nan nan nan nan nan nan nan nan nan nan nan nan nan nan nan nan nan nan nan nan nan nan nan nan nan nan nan nan nan nan nan nan nan nan nan nan nan nan nan nan
149.3970794677734375 155.1336822509765625 115.2929534912109375 87.64507293701171875 65.0872344970703125 50.780811309814453125 33.753826141357421875 18.554376602172851562 10.754372596740722656 nan nan nan nan nan nan nan nan nan nan nan nan nan nan nan nan nan nan nan nan nan nan nan nan nan nan nan nan nan nan nan nan nan nan nan nan nan nan nan nan nan nan nan nan nan nan nan nan nan nan nan nan nan nan nan nan nan
119.39794921875 115.77310943603515625 80.3130645751953125 59.08519744873046875 44.917537689208984375 35.83968353271484375 24.358140945434570312 9.3776702880859375 6.1092996597290039062 nan nan nan nan nan nan nan nan nan nan nan nan nan nan nan nan nan nan nan nan nan nan nan nan nan nan nan nan nan nan nan nan nan nan nan nan nan nan nan nan nan nan nan nan nan nan nan nan nan nan nan nan nan nan nan nan nan
82.32196807861328125 66.7316131591796875 45.9248809814453125 38.17914581298828125 35.895267486572265625 30.755346298217773438 14.980106353759765625 6.6843791007995605469 5.3309049606323242188 6.3087229728698730469 nan nan nan nan nan nan nan nan nan nan nan nan nan nan nan nan nan nan nan nan nan nan nan nan nan nan nan nan nan nan nan nan nan nan nan nan nan nan nan nan nan nan nan nan nan nan nan nan nan nan nan nan nan nan nan nan
38.238323211669921875 37.807239532470703125 40.391948699951171875 34.54302978515625 nan 19.276670455932617188 7.4820795059204101562 5.0347285270690917969 6.7081789970397949219 4.92724609375 5.0114035606384277344 nan nan nan nan nan nan nan nan nan nan nan nan nan nan nan nan nan nan nan nan nan nan nan nan nan nan nan nan nan nan nan nan nan nan nan nan nan nan nan nan nan nan nan nan nan nan nan nan nan nan nan nan nan nan nan
36.160747528076171875 36.292476654052734375 36.28680419921875 25.45778656005859375 12.451014518737792969 9.6804561614990234375 8.2912082672119140625 4.8351941108703613281 5.1274685859680175781 nan nan nan nan nan nan nan nan nan nan nan nan nan nan nan nan nan nan nan nan nan nan nan nan nan nan nan nan nan nan nan nan nan nan nan nan nan nan nan nan nan nan nan nan nan nan nan nan nan nan nan nan nan nan nan nan nan
34.6152496337890625 31.212314605712890625 20.67047882080078125 12.730625152587890625 6.7803015708923339844 7.9435186386108398438 7.0538277626037597656 7.2605333328247070312 7.61911773681640625 nan nan nan nan nan nan nan nan nan nan nan nan nan nan nan nan nan nan nan nan nan nan nan nan nan nan nan nan nan nan nan nan nan nan nan nan nan nan nan nan nan nan nan nan nan nan nan nan nan nan nan nan nan nan nan nan nan
31.157373428344726562 19.662298202514648438 9.5040349960327148438 5.3278980255126953125 4.1354346275329589844 4.4479274749755859375 nan nan nan nan nan nan nan nan nan nan nan nan nan nan nan nan nan nan nan nan nan nan nan nan nan nan nan nan nan nan nan nan nan nan nan nan nan nan nan nan nan nan nan nan nan nan nan nan nan nan nan nan nan nan nan nan nan nan nan nan
18.069980621337890625 9.6827192306518554688 5.8744001388549804688 3.9330472946166992188 2.8349292278289794922 nan nan nan nan nan nan nan nan nan nan nan nan nan nan nan nan nan nan nan nan nan nan nan nan nan nan nan nan nan nan nan nan nan nan nan nan nan nan nan nan nan nan nan nan nan nan nan nan nan nan nan nan nan nan nan nan nan nan nan nan nan
10.188631057739257812 7.3225765228271484375 5.1829786300659179688 4.465213775634765625 nan nan nan nan nan nan nan nan nan nan nan nan nan nan nan nan nan nan nan nan nan nan nan nan nan nan nan nan nan nan nan nan nan nan nan nan nan nan nan nan nan nan nan nan nan nan nan nan nan nan nan nan nan nan nan nan nan nan nan nan nan nan
6.8918180465698242188 5.5046405792236328125 nan nan nan nan nan nan nan nan nan nan nan nan nan nan nan nan nan nan nan nan nan nan nan nan nan nan nan nan nan nan nan nan nan nan nan nan nan nan nan nan nan nan nan nan nan nan nan nan nan nan nan nan nan nan nan nan nan nan nan nan nan nan nan nan
nan nan nan nan nan nan nan nan nan nan nan nan nan nan nan nan nan nan nan nan nan nan nan nan nan nan nan nan nan nan nan nan nan nan nan nan nan nan nan nan nan nan nan nan nan nan nan nan nan nan nan nan nan nan nan nan nan nan nan nan nan nan nan nan nan nan
