rasters/edaphic_/clay.asc
ncols        720
nrows        300
xllcorner    -180.000000000000
yllcorner    -60.000000000000
cellsize     0.500000000000
NODATA_value  nan
[rows 150 to 179 of 300, columns 536 to 602 of 720]
nan nan nan nan nan nan nan nan nan nan nan nan nan nan nan nan nan nan nan nan 315.4813232421875 315.835540771484375 302.9130859375 355.354888916015625 477.2943115234375 443.37664794921875 405.0513916015625 367.871185302734375 358.951141357421875 380.140350341796875 383.58245849609375 338.822265625 306.190673828125 265.9359130859375 272.15301513671875 292.90618896484375 285.966217041015625 294.512939453125 299.8876953125 335.346832275390625 367.3389892578125 371.178985595703125 nan nan nan nan nan nan nan nan nan nan nan nan nan nan nan nan nan nan nan nan nan nan nan 338.019805908203125 364.033905029296875
nan nan nan nan nan nan nan nan nan nan nan nan nan nan nan nan nan nan nan nan 322.566192626953125 311.6202392578125 309.1845703125 356.49853515625 481.405181884765625 481.307098388671875 414.636993408203125 386.67730712890625 372.12860107421875 348.512451171875 357.32861328125 364.7030029296875 351.707763671875 339.739593505859375 322.875274658203125 326.753753662109375 308.149932861328125 268.7939453125 269.804290771484375 309.47314453125 358.3607177734375 375.171600341796875 nan nan nan nan nan nan nan nan nan nan nan nan nan nan nan nan nan nan nan nan nan nan nan 337.315032958984375 nan
nan nan nan nan nan nan nan nan nan nan nan nan nan nan nan nan nan nan nan nan nan 317.932098388671875 311.899658203125 335.339813232421875 nan 502.0418701171875 402.497283935546875 357.588226318359375 356.503631591796875 371.41131591796875 405.778076171875 402.629058837890625 396.489898681640625 384.349609375 374.327545166015625 364.75762939453125 347.158599853515625 304.95318603515625 296.45086669921875 311.038330078125 356.757171630859375 376.392913818359375 nan nan nan nan nan nan nan nan nan nan nan nan nan nan nan nan nan nan nan nan nan nan 303.241729736328125 nan 392.261505126953125
nan nan nan nan nan nan nan nan nan nan nan nan nan nan nan nan nan nan nan nan nan 326.762939453125 322.9261474609375 332.43701171875 nan nan 308.260528564453125 345.399505615234375 365.97503662109375 368.832000732421875 385.49481201171875 nan 411.5069580078125 413.475128173828125 371.041412353515625 354.061187744140625 370.176055908203125 354.685791015625 348.201568603515625 355.47674560546875 366.354156494140625 368.509368896484375 361.265838623046875 nan nan nan nan nan nan nan nan nan nan nan nan nan nan nan nan nan nan nan nan nan nan 349.301483154296875 377.350860595703125
nan nan nan nan nan nan nan nan nan nan nan nan nan nan nan nan nan nan nan nan nan 314.905609130859375 324.22650146484375 316.962982177734375 nan nan 308.35723876953125 345.94189453125 353.787322998046875 365.42193603515625 354.317352294921875 382.7764892578125 405.760101318359375 395.880706787109375 352.7156982421875 359.626617431640625 368.47735595703125 363.816558837890625 359.93408203125 364.097869873046875 364.433746337890625 368.887298583984375 369.11016845703125 nan nan nan nan nan nan nan nan nan nan nan nan nan nan nan nan nan nan nan nan nan nan nan 354.421173095703125
nan nan nan nan nan nan nan nan nan nan nan nan nan nan nan nan nan nan nan nan nan 309.8206787109375 315.4774169921875 314.3675537109375 nan nan nan nan nan 362.17840576171875 349.93505859375 354.5172119140625 365.92431640625 371.354339599609375 354.381256103515625 357.788238525390625 367.296295166015625 363.59442138671875 355.674896240234375 370.178375244140625 390.609375 390.58819580078125 nan nan nan nan nan nan nan nan nan nan nan nan nan nan nan nan nan nan nan nan nan nan nan nan 346.53656005859375
nan nan nan nan nan nan nan nan nan 321.402130126953125 nan nan nan nan nan nan nan nan nan nan nan 304.9383544921875 307.02264404296875 312.04736328125 nan nan nan nan nan nan 346.645660400390625 350.558319091796875 358.036895751953125 386.0362548828125 379.166259765625 350.980072021484375 364.14984130859375 360.07257080078125 361.154296875 376.582794189453125 391.499542236328125 378.53466796875 nan nan nan nan nan nan nan nan nan nan nan nan nan nan nan nan nan nan nan nan nan nan nan nan nan
nan nan nan nan nan nan nan nan nan nan nan nan nan nan nan nan nan nan nan nan nan nan 305.751068115234375 nan nan nan nan nan nan nan 363.480987548828125 353.947052001953125 344.294036865234375 351.2720947265625 350.096282958984375 319.98663330078125 349.57037353515625 360.47344970703125 356.500457763671875 370.911651611328125 379.34637451171875 372.56976318359375 nan nan nan nan nan nan nan nan nan nan nan nan nan nan nan nan nan nan nan nan nan nan nan nan nan
nan nan nan nan nan nan nan nan nan nan nan nan nan nan nan nan nan nan nan nan nan 325.854461669921875 297.975921630859375 nan nan nan nan nan nan nan 373.63079833984375 358.93304443359375 348.917388916015625 336.017578125 346.365966796875 359.09234619140625 396.050811767578125 404.237091064453125 355.9669189453125 364.69635009765625 nan nan nan nan nan nan nan nan nan nan nan nan nan nan nan nan nan nan nan nan nan nan nan nan nan nan nan
nan nan nan nan nan nan nan nan nan nan nan nan nan nan nan nan nan nan nan nan nan 331.939788818359375 nan nan nan nan nan nan nan nan nan nan nan 353.30047607421875 383.21087646484375 369.864532470703125 372.965057373046875 388.699859619140625 nan nan nan nan nan nan nan nan nan nan nan nan nan nan nan nan nan nan nan nan nan nan nan nan 363.779876708984375 nan nan nan nan
nan nan nan nan nan nan nan nan nan nan nan nan nan nan nan nan nan nan nan nan nan 337.79583740234375 nan nan nan nan nan nan nan nan nan nan nan nan 383.153564453125 378.61083984375 371.289703369140625 nan nan nan nan nan nan nan nan nan nan nan nan nan nan nan nan nan nan nan nan nan nan nan nan nan nan nan nan nan nan
nan nan nan nan nan nan nan nan nan nan nan nan nan nan nan nan nan nan nan nan nan 345.624755859375 nan 313.145538330078125 nan nan nan nan nan nan nan nan nan nan nan 399.43572998046875 nan nan nan nan nan nan nan nan nan nan nan nan nan nan nan nan nan nan nan nan nan nan nan nan 372.835235595703125 nan nan nan nan nan nan
nan nan nan nan nan nan nan nan nan nan nan nan nan nan nan nan nan nan nan nan nan 338.986724853515625 337.6571044921875 341.07470703125 nan nan nan nan nan nan nan nan nan nan 392.623138427734375 nan nan nan nan nan nan nan nan nan nan nan nan nan nan nan nan nan nan nan nan nan nan nan nan 376.654022216796875 nan nan nan nan nan nan nan
nan nan nan nan nan nan nan nan nan nan nan nan nan nan nan nan nan nan nan nan nan nan 332.192901611328125 339.60650634765625 346.565673828125 nan nan nan nan nan nan nan nan nan nan nan nan nan nan nan nan nan nan nan nan nan nan nan nan nan nan nan nan nan nan nan nan nan nan nan nan nan nan nan nan nan nan
nan nan nan nan nan nan nan nan nan nan nan nan nan nan nan nan nan nan nan nan nan nan 317.898956298828125 330.019775390625 338.006317138671875 nan nan nan nan nan nan nan nan nan nan nan nan nan nan nan nan nan nan nan nan nan nan nan nan nan nan nan nan nan nan nan nan nan nan nan nan nan nan nan nan nan nan
nan nan nan nan nan nan nan nan nan nan nan nan nan nan nan nan nan nan nan nan nan nan nan 328.48724365234375 280.99969482421875 nan nan nan nan nan nan nan nan nan nan nan nan nan nan nan nan nan nan nan nan nan nan nan nan nan nan nan nan nan nan nan nan nan 391.8560791015625 nan nan nan nan nan nan nan nan
nan nan nan nan nan nan nan nan nan nan nan nan nan nan nan nan nan nan nan nan nan nan nan nan 311.415069580078125 288.250946044921875 299.954315185546875 nan nan nan nan nan nan nan nan nan nan nan nan nan nan nan nan nan nan nan nan nan nan nan nan nan nan nan nan nan nan 409.753631591796875 404.750579833984375 nan nan nan nan nan nan nan nan
nan nan nan nan nan nan nan nan nan nan nan nan nan nan nan nan nan nan nan nan nan nan nan nan nan 372.996307373046875 368.5985107421875 359.061065673828125 nan nan nan nan nan nan nan nan nan nan nan nan nan nan nan nan nan nan nan nan nan nan nan nan nan nan nan nan nan 420.0950927734375 420.9110107421875 427.67864990234375 nan nan nan nan nan nan nan
nan nan nan nan nan nan nan nan nan nan nan nan nan nan nan nan nan nan nan nan nan nan nan nan nan 396.352294921875 405.783416748046875 405.6256103515625 412.923828125 nan nan nan nan nan nan nan nan nan nan nan nan nan nan nan nan nan nan nan nan nan nan nan nan nan nan nan 432.594207763671875 433.62371826171875 430.985565185546875 422.42291259765625 438.94256591796875 nan nan nan nan nan nan
nan nan nan nan nan nan nan nan nan nan nan nan nan nan nan 396.87713623046875 nan nan nan nan nan nan nan nan nan 433.35601806640625 403.45196533203125 401.659698486328125 410.0006103515625 405.048675537109375 nan nan nan nan nan nan nan nan nan nan nan nan nan nan nan nan nan nan nan nan nan nan nan nan nan 405.562225341796875 420.0146484375 431.941070556640625 438.25421142578125 428.960723876953125 430.1759033203125 425.779754638671875 414.099639892578125 nan 381.87298583984375 nan nan
nan nan nan nan nan nan nan nan nan nan nan nan nan nan nan 399.5450439453125 400.548858642578125 383.83868408203125 394.961578369140625 402.09527587890625 nan nan nan nan nan 444.722625732421875 395.25830078125 405.058013916015625 410.569580078125 410.31365966796875 430.59423828125 nan nan nan nan nan nan nan nan nan nan nan nan nan nan nan nan nan nan nan nan nan nan 372.6995849609375 391.095947265625 419.842742919921875 422.4310302734375 424.668731689453125 425.379150390625 414.750640869140625 nan nan nan nan nan nan nan
nan nan nan nan nan nan nan nan nan nan nan nan nan nan nan nan 409.010040283203125 383.89154052734375 368.886474609375 397.98162841796875 414.980987548828125 nan nan nan nan 461.74261474609375 424.305938720703125 408.923736572265625 422.5281982421875 418.54986572265625 420.63031005859375 nan nan nan nan nan nan nan nan nan nan nan nan nan nan nan nan nan nan nan nan nan 389.1270751953125 383.212432861328125 402.224884033203125 415.50274658203125 416.036376953125 411.586090087890625 414.3109130859375 nan nan nan nan nan nan nan nan
nan nan nan nan nan nan nan nan nan nan nan nan nan nan nan nan nan 418.071319580078125 355.151123046875 364.159393310546875 398.207000732421875 417.089202880859375 nan nan nan nan 453.807861328125 413.068389892578125 446.512451171875 443.689239501953125 432.226837158203125 nan nan nan nan nan nan nan nan nan nan nan nan nan nan nan nan nan nan nan nan 399.134246826171875 394.6806640625 393.057281494140625 393.861785888671875 398.253875732421875 401.951141357421875 391.411590576171875 nan nan nan nan nan nan nan nan nan
nan nan nan nan nan nan nan nan nan nan nan nan nan nan nan nan nan nan 413.717803955078125 405.4501953125 400.254974365234375 389.4725341796875 389.4676513671875 nan nan nan nan 428.2518310546875 468.395538330078125 468.34564208984375 424.06488037109375 nan nan nan nan nan nan nan nan nan nan nan nan nan nan nan nan nan nan nan 396.909515380859375 396.573577880859375 400.91656494140625 397.77191162109375 395.583221435546875 399.949188232421875 397.786956787109375 394.9786376953125 400.9603271484375 nan nan nan nan nan nan nan nan
nan nan nan nan nan nan nan nan nan nan nan nan nan nan nan 425.92498779296875 nan nan nan 436.1116943359375 408.956390380859375 nan 381.468292236328125 401.31024169921875 nan nan nan 442.7330322265625 434.591461181640625 447.44537353515625 428.825592041015625 nan nan nan nan nan nan nan nan nan nan nan nan nan nan nan nan 415.12200927734375 422.617431640625 415.115234375 414.734161376953125 408.33709716796875 394.09820556640625 392.2581787109375 395.73907470703125 406.55047607421875 409.036285400390625 406.695892333984375 414.092376708984375 nan nan nan nan nan nan nan nan
nan nan nan nan nan nan nan nan nan nan nan nan nan nan nan nan nan nan nan nan 409.86578369140625 375.333740234375 380.776123046875 395.678436279296875 425.189300537109375 nan nan nan nan 448.204742431640625 461.79608154296875 442.61688232421875 nan nan nan nan nan nan nan nan nan nan nan nan nan nan 409.074676513671875 407.135894775390625 411.195709228515625 425.65081787109375 421.093780517578125 411.9468994140625 401.66070556640625 395.598968505859375 403.149932861328125 405.9161376953125 407.362548828125 411.13018798828125 421.018310546875 427.7811279296875 nan nan nan nan nan nan nan
nan nan nan nan nan nan nan nan nan nan nan nan nan nan nan nan nan nan nan nan nan 411.52557373046875 401.998260498046875 406.803192138671875 387.832672119140625 363.83966064453125 377.97314453125 nan nan nan 471.447845458984375 460.68756103515625 nan nan nan nan nan nan nan nan nan nan nan 384.038818359375 nan nan 404.3544921875 405.322967529296875 423.52044677734375 436.7987060546875 426.509979248046875 414.433441162109375 410.6121826171875 401.034576416015625 400.862060546875 412.4207763671875 413.27178955078125 409.6572265625 406.85308837890625 397.7593994140625 nan nan nan nan nan nan nan
nan nan nan nan nan nan nan nan nan nan nan nan nan nan nan nan nan nan nan nan nan nan 420.47021484375 425.214019775390625 395.2225341796875 348.856658935546875 329.16021728515625 406.26043701171875 440.03753662109375 nan nan nan nan nan nan nan nan nan nan nan nan nan 425.8787841796875 432.177734375 453.509185791015625 443.187652587890625 418.229400634765625 415.722259521484375 422.3468017578125 416.409271240234375 417.769805908203125 414.896697998046875 410.310791015625 410.484405517578125 414.42572021484375 421.4793701171875 417.83782958984375 398.756561279296875 388.764434814453125 377.10430908203125 389.334381103515625 nan nan nan nan nan nan
nan nan nan nan nan nan nan nan nan nan nan nan nan nan nan nan nan nan nan 418.982879638671875 nan nan 421.035797119140625 420.718902587890625 424.934326171875 396.19390869140625 372.80126953125 416.245269775390625 435.543975830078125 nan nan nan 445.63580322265625 426.306365966796875 nan nan nan nan nan nan nan nan 437.57861328125 440.21209716796875 434.962188720703125 413.223480224609375 408.30389404296875 406.63372802734375 391.3946533203125 389.17144775390625 419.106170654296875 415.06689453125 405.644744873046875 420.490875244140625 430.731292724609375 442.7969970703125 431.71136474609375 390.167633056640625 374.5863037109375 373.716461181640625 nan nan nan nan 390.53778076171875 400.98095703125 415.059539794921875
nan nan nan nan nan nan nan nan nan nan nan nan nan nan nan nan nan nan nan nan nan nan 434.820526123046875 433.242919921875 442.730194091796875 452.496734619140625 415.514129638671875 nan 447.730224609375 443.424774169921875 453.12298583984375 433.2509765625 nan nan nan nan nan nan nan nan nan nan 439.345703125 441.058563232421875 424.184783935546875 409.023956298828125 404.41522216796875 nan 432.725921630859375 422.88397216796875 415.97216796875 412.71282958984375 414.290252685546875 429.065704345703125 447.7593994140625 454.851348876953125 431.1201171875 400.1861572265625 377.865020751953125 nan nan nan nan nan nan nan nan
