rasters/edaphic_/clay.asc
ncols        720
nrows        300
xllcorner    -180.000000000000
yllcorner    -60.000000000000
cellsize     0.500000000000
NODATA_value  nan
[rows 180 to 209 of 300, columns 536 to 602 of 720]
nan nan nan nan nan nan nan nan nan nan nan nan nan nan nan nan nan nan nan nan nan nan nan nan 433.599334716796875 446.089263916015625 442.03424072265625 451.065460205078125 446.494537353515625 447.4033203125 448.363861083984375 nan nan 433.095611572265625 nan nan nan nan nan nan nan nan 411.341796875 431.353057861328125 442.524810791015625 441.11346435546875 443.234039306640625 423.954620361328125 437.21160888671875 439.984619140625 419.3175048828125 416.98797607421875 426.321746826171875 447.93365478515625 470.656158447265625 452.70318603515625 423.733673095703125 402.279876708984375 382.11566162109375 nan nan nan nan nan nan nan nan
nan nan nan nan nan nan nan nan nan nan nan nan nan nan nan nan nan nan nan nan nan nan nan nan nan 433.135498046875 474.541595458984375 500.067901611328125 477.19561767578125 463.434783935546875 459.359130859375 nan nan nan nan nan nan nan nan nan nan nan 410.80364990234375 414.80584716796875 451.007293701171875 460.426300048828125 453.552978515625 453.7960205078125 456.8773193359375 446.4482421875 430.201019287109375 417.564178466796875 442.219573974609375 443.805938720703125 456.63043212890625 444.209075927734375 421.74066162109375 381.683258056640625 380.887603759765625 nan nan nan nan 374.46734619140625 nan nan nan
nan nan nan nan nan nan nan nan nan nan nan nan nan nan nan nan nan nan nan nan nan 431.89764404296875 nan nan nan 423.17578125 491.715972900390625 552.9573974609375 492.924407958984375 466.0810546875 452.990631103515625 452.1995849609375 434.143890380859375 nan nan nan nan nan nan nan nan nan nan nan 467.69635009765625 470.663116455078125 455.102752685546875 465.17236328125 476.162261962890625 484.975677490234375 462.23779296875 438.887786865234375 443.787628173828125 424.323455810546875 434.61859130859375 437.879547119140625 420.125274658203125 409.065460205078125 nan nan nan nan nan 406.858612060546875 403.20556640625 nan 408.623382568359375
nan nan nan nan nan nan nan nan nan nan nan nan nan nan nan nan nan nan nan nan nan nan nan nan nan nan 444.94122314453125 500.336029052734375 482.98785400390625 458.962677001953125 447.156585693359375 448.476898193359375 428.727996826171875 nan nan nan nan nan nan nan nan nan nan nan nan 464.341583251953125 462.154296875 464.97125244140625 481.23687744140625 471.293548583984375 451.899505615234375 435.045623779296875 408.5003662109375 398.207794189453125 423.033660888671875 428.557342529296875 433.921539306640625 nan nan nan nan nan nan 411.638824462890625 399.239105224609375 401.1265869140625 403.655364990234375
nan nan nan nan nan nan nan nan nan nan nan nan nan nan nan nan nan nan nan nan nan nan nan 442.76458740234375 nan nan 451.359039306640625 459.82171630859375 477.583709716796875 442.5146484375 457.085601806640625 459.468109130859375 434.282470703125 422.642425537109375 nan nan nan nan nan nan nan nan nan nan 434.417266845703125 436.671539306640625 443.398284912109375 443.703704833984375 442.231353759765625 443.28558349609375 439.14862060546875 416.138092041015625 394.44842529296875 401.89764404296875 420.9578857421875 432.86090087890625 434.51092529296875 nan nan nan nan nan 424.212493896484375 399.041473388671875 396.3271484375 412.982940673828125 409.85430908203125
nan nan nan nan nan nan nan nan nan nan nan nan nan nan nan nan nan nan nan nan nan nan nan nan nan nan nan 444.21929931640625 449.462127685546875 462.4217529296875 462.116455078125 479.403106689453125 455.50439453125 439.0904541015625 434.7608642578125 427.473388671875 415.782135009765625 nan nan 431.410797119140625 413.79266357421875 nan nan nan nan 426.8206787109375 432.004180908203125 nan 426.807861328125 428.88812255859375 426.486724853515625 402.325836181640625 396.466766357421875 408.90850830078125 425.215789794921875 421.530487060546875 428.363372802734375 nan nan nan nan nan 404.116973876953125 382.502166748046875 420.456329345703125 nan 425.6475830078125
nan nan nan nan nan nan nan nan nan nan nan nan nan nan nan nan nan nan nan nan nan nan nan nan nan nan nan 461.042572021484375 437.354156494140625 450.290679931640625 474.27520751953125 491.403533935546875 471.280853271484375 448.187042236328125 440.03759765625 407.287872314453125 nan nan nan nan nan nan nan nan nan nan nan nan 399.33648681640625 410.4656982421875 nan 403.500640869140625 401.806427001953125 412.720062255859375 413.650482177734375 419.066986083984375 nan nan nan nan nan nan 418.236602783203125 421.188507080078125 427.739410400390625 nan 426.046966552734375
nan nan nan nan nan nan nan nan nan nan nan nan nan nan nan nan nan nan nan nan nan nan nan nan nan nan nan nan nan 419.728546142578125 463.206024169921875 497.311859130859375 496.075469970703125 476.2354736328125 463.4967041015625 443.840606689453125 nan nan nan nan nan nan nan nan nan nan nan nan nan nan nan nan nan 412.202667236328125 407.253082275390625 nan 401.840972900390625 nan nan nan nan nan nan 414.05621337890625 409.671722412109375 nan 416.02191162109375
nan nan nan nan nan nan nan nan nan nan nan nan nan nan nan nan nan nan nan nan nan nan nan nan nan nan nan nan nan 406.90765380859375 395.703155517578125 434.585205078125 485.324127197265625 494.83880615234375 489.897918701171875 468.73114013671875 nan nan nan nan nan nan nan nan nan nan nan nan nan nan nan nan nan nan nan nan nan nan nan nan nan nan nan 398.059661865234375 410.962860107421875 nan nan
nan nan nan nan nan nan nan nan nan nan nan nan nan nan nan nan nan nan nan nan nan nan nan nan nan nan nan nan nan nan nan 424.045654296875 449.71923828125 500.20635986328125 501.3787841796875 436.577728271484375 nan nan nan nan nan nan nan nan nan nan nan nan nan nan nan nan nan nan nan nan nan nan nan nan nan nan nan 393.371795654296875 415.290283203125 nan nan
nan nan nan nan nan nan nan nan nan nan nan nan nan nan nan nan nan nan nan nan nan nan nan nan nan nan nan nan nan nan nan nan 419.695526123046875 439.093780517578125 458.855133056640625 428.57440185546875 nan nan nan nan nan nan nan nan nan nan nan nan nan nan nan nan nan nan nan nan nan nan nan nan nan nan nan 380.539520263671875 404.267669677734375 nan nan
nan nan nan nan nan nan nan nan nan nan nan nan nan nan nan nan nan nan nan nan nan nan nan nan nan nan nan nan nan nan nan nan nan nan nan 430.721282958984375 nan nan nan nan nan nan nan nan nan nan nan nan nan nan nan nan nan nan nan nan nan nan nan nan nan nan nan nan nan nan nan
nan nan nan nan nan nan nan nan nan nan nan nan nan nan nan nan nan nan nan nan nan nan nan nan nan nan nan nan nan nan nan nan nan nan nan nan 458.44134521484375 nan nan nan nan nan nan nan nan nan nan nan nan nan nan nan nan nan nan nan nan nan nan nan nan nan nan nan nan nan nan
nan nan nan nan nan nan nan nan nan nan nan nan nan nan nan nan nan nan nan nan nan nan nan nan nan nan nan nan nan nan nan nan nan nan nan 476.597381591796875 464.787078857421875 447.348602294921875 409.161529541015625 410.170562744140625 412.90972900390625 nan nan nan nan 386.15533447265625 384.57684326171875 nan nan nan nan nan nan nan nan nan nan nan nan nan nan nan nan nan nan nan nan
nan nan nan nan nan nan nan nan nan nan nan nan nan nan nan nan nan nan nan nan nan nan nan nan nan nan nan nan nan nan nan nan nan nan nan nan nan 435.024383544921875 398.9830322265625 373.186553955078125 413.851104736328125 436.4617919921875 421.55364990234375 389.275299072265625 371.88165283203125 382.522705078125 377.326751708984375 374.149383544921875 376.825286865234375 nan nan nan nan nan nan nan nan nan nan nan nan nan nan nan nan nan nan
nan nan nan nan nan nan nan nan nan nan nan nan nan nan nan nan nan nan nan nan nan nan nan nan nan nan nan nan nan nan nan nan nan nan nan nan nan nan nan nan 428.805206298828125 nan nan nan 369.919219970703125 373.35205078125 377.58905029296875 376.023101806640625 362.739593505859375 373.8795166015625 nan 363.442535400390625 352.445831298828125 nan nan nan nan nan nan nan nan nan nan nan nan nan nan
nan nan nan nan nan nan nan nan nan nan nan nan nan nan nan nan nan nan nan nan nan nan nan nan nan nan nan nan nan nan nan nan nan nan nan nan nan nan nan nan nan nan nan nan nan nan 382.500152587890625 372.940826416015625 353.7296142578125 366.17138671875 356.925872802734375 355.809661865234375 368.664398193359375 355.76190185546875 359.847747802734375 nan nan nan nan 345.94049072265625 nan nan nan nan nan nan nan
nan nan nan nan nan nan nan nan nan nan nan nan nan nan nan nan nan nan nan nan nan nan nan nan nan nan nan nan nan nan nan nan nan nan nan nan nan nan nan nan nan nan nan nan nan nan nan nan nan nan nan nan nan nan nan nan nan nan 344.011444091796875 325.9154052734375 325.6300048828125 nan nan nan 363.46734619140625 363.23492431640625 357.14019775390625
nan nan nan nan nan nan nan nan nan nan nan nan nan nan nan nan nan nan nan nan nan nan nan nan nan nan nan nan nan nan nan nan nan nan nan nan nan nan nan nan nan nan nan nan nan nan nan nan nan nan nan nan nan nan nan nan nan nan nan nan nan nan nan nan nan nan nan
nan nan nan nan nan nan nan nan nan nan nan nan nan nan nan nan nan nan nan nan nan nan nan nan nan nan nan nan nan nan nan nan nan nan nan nan nan nan nan nan nan nan nan nan nan nan nan nan nan nan nan nan nan nan nan nan nan nan nan nan nan nan nan 357.0570068359375 334.930084228515625 nan nan
nan nan nan nan nan nan nan nan nan nan nan nan nan nan nan nan nan nan nan nan nan nan nan nan nan nan nan nan nan nan nan nan nan nan nan nan nan nan nan nan nan nan nan nan nan nan nan nan nan nan nan nan nan nan nan nan nan nan nan nan nan nan nan nan nan nan nan
nan nan nan nan nan nan nan nan nan nan nan nan nan nan nan nan nan nan nan nan nan nan nan nan nan nan nan nan nan nan nan nan nan nan nan nan nan nan nan nan nan nan nan nan nan nan nan nan nan nan nan nan nan nan nan nan nan nan nan nan nan nan nan nan nan nan nan
nan nan nan nan nan nan nan nan nan nan nan nan nan nan nan nan nan nan nan nan nan nan nan nan nan nan nan nan nan nan nan nan nan nan nan nan nan nan nan nan nan nan nan nan nan nan nan nan nan nan nan nan nan nan nan nan nan nan nan nan nan nan nan nan nan nan nan
nan nan nan nan nan nan nan nan nan nan nan nan nan nan nan nan nan nan nan nan nan nan nan nan nan nan nan nan nan nan nan nan nan nan nan nan nan nan nan nan nan nan nan nan nan nan nan nan nan nan nan nan nan nan nan nan nan nan nan nan nan nan nan nan nan nan nan
nan nan nan nan nan nan nan nan nan nan nan nan nan nan nan nan nan nan nan nan nan nan nan nan nan nan nan nan nan nan nan nan nan nan nan nan nan nan nan nan nan nan nan nan nan nan nan nan nan nan nan nan nan nan nan nan nan nan nan nan nan nan nan nan nan nan nan
nan nan nan nan nan nan nan nan nan nan nan nan nan nan nan nan nan nan nan nan nan nan nan nan nan nan nan nan nan nan nan nan nan nan nan nan nan nan nan nan nan nan nan nan nan nan nan nan nan nan nan nan nan nan nan nan nan nan nan nan nan nan nan nan nan nan nan
nan nan nan nan nan nan nan nan nan nan nan nan nan nan nan nan nan nan nan nan nan nan nan nan nan nan nan nan nan nan nan nan nan nan nan nan nan nan nan nan nan nan nan nan nan nan nan nan nan nan nan nan nan nan nan nan nan nan nan nan nan nan nan nan nan nan nan
nan nan nan nan nan nan nan nan nan nan nan nan nan nan nan nan nan nan nan nan nan nan nan nan nan nan nan nan nan nan nan nan nan nan nan nan nan nan nan nan nan nan nan nan nan nan nan nan nan nan nan nan nan nan nan nan nan nan nan nan nan nan nan nan nan nan nan
nan nan nan nan nan nan nan nan nan nan nan nan nan nan nan nan nan nan nan nan nan nan nan nan nan nan nan nan nan nan nan nan nan nan nan nan nan nan nan nan nan nan nan nan nan nan nan nan nan nan nan nan nan nan nan nan nan nan nan nan nan nan nan nan nan nan nan
nan nan nan nan nan nan nan nan nan nan nan nan nan nan nan nan nan nan nan nan nan nan nan nan nan nan nan nan nan nan nan nan nan nan nan nan nan nan nan nan nan nan nan nan nan nan nan nan nan nan nan nan nan nan nan nan nan nan nan nan nan nan nan nan nan nan nan
