rasters/edaphic_/clay.asc
ncols        720
nrows        300
xllcorner    -180.000000000000
yllcorner    -60.000000000000
cellsize     0.500000000000
NODATA_value  nan
[rows 210 to 239 of 300, columns 536 to 602 of 720]
nan nan nan nan nan nan nan nan nan nan nan nan nan nan nan nan nan nan nan nan nan nan nan nan nan nan nan nan nan nan nan nan nan nan nan nan nan nan nan nan nan nan nan nan nan nan nan nan nan nan nan nan nan nan nan nan nan nan nan nan nan nan nan nan nan nan nan
nan nan nan nan nan nan nan nan nan nan nan nan nan nan nan nan nan nan nan nan nan nan nan nan nan nan nan nan nan nan nan nan nan nan nan nan nan nan nan nan nan nan nan nan nan nan nan nan nan nan nan nan nan nan nan nan nan nan nan nan nan nan nan nan nan nan nan
nan nan nan nan nan nan nan nan nan nan nan nan nan nan nan nan nan nan nan nan nan nan nan nan nan nan nan nan nan nan nan nan nan nan nan nan nan nan nan nan nan nan nan nan nan nan nan nan nan nan nan nan nan nan nan nan nan nan nan nan nan nan nan nan nan nan nan
nan nan nan nan nan nan nan nan nan nan nan nan nan nan nan nan nan nan nan nan nan nan nan nan nan nan nan nan nan nan nan nan nan nan nan nan nan nan nan nan nan nan nan nan nan nan nan nan nan nan nan nan nan nan nan nan nan nan nan nan nan nan nan nan nan nan nan
nan nan nan nan nan nan nan nan nan nan nan nan nan nan nan nan nan nan nan nan nan nan nan nan nan nan nan nan nan nan nan nan nan nan nan nan nan nan nan nan nan nan nan nan nan nan nan nan nan nan nan nan nan nan nan nan nan nan nan nan nan nan nan nan nan nan nan
nan nan nan nan nan nan nan nan nan nan nan nan nan nan nan nan nan nan nan nan nan nan nan nan nan nan nan nan nan nan nan nan nan nan nan nan nan nan nan nan nan nan nan nan nan nan nan nan nan nan nan nan nan nan nan nan nan nan nan nan nan nan nan nan nan nan nan
nan nan nan nan nan nan nan nan nan nan nan nan nan nan nan nan nan nan nan nan nan nan nan nan nan nan nan nan nan nan nan nan nan nan nan nan nan nan nan nan nan nan nan nan nan nan nan nan nan nan nan nan nan nan nan nan nan nan nan nan nan nan nan nan nan nan nan
nan nan nan nan nan nan nan nan nan nan nan nan nan nan nan nan nan nan nan nan nan nan nan nan nan nan nan nan nan nan nan nan nan nan nan nan nan nan nan nan nan nan nan nan nan nan nan nan nan nan nan nan nan nan nan nan nan nan nan nan nan nan nan nan nan nan nan
nan nan nan nan nan nan nan nan nan nan nan nan nan nan nan nan nan nan nan nan nan nan nan nan nan nan nan nan nan nan nan nan nan nan nan nan nan nan nan nan nan nan nan nan nan nan nan nan nan nan nan nan nan nan nan nan nan nan nan nan nan nan nan nan nan nan nan
nan nan nan nan nan nan nan nan nan nan nan nan nan nan nan nan nan nan nan nan nan nan nan nan nan nan nan nan nan nan nan nan nan nan nan nan nan nan nan nan nan nan nan nan nan nan nan nan nan nan nan nan nan nan nan nan nan nan nan nan nan nan nan nan nan 303.120330810546875 313.04638671875
nan nan nan nan nan nan nan nan nan nan nan nan nan nan nan nan nan nan nan nan nan nan nan nan nan nan nan nan nan nan nan nan nan nan nan nan nan nan nan nan nan nan nan nan nan nan nan nan nan nan nan nan nan nan nan nan nan nan nan nan nan nan 305.525421142578125 294.162567138671875 293.863677978515625 280.685150146484375 275.69659423828125
nan nan nan nan nan nan nan nan nan nan nan nan nan nan nan nan nan nan nan nan nan nan nan nan nan nan nan nan nan nan nan nan nan nan nan nan nan nan nan nan nan nan nan nan nan nan nan nan nan nan nan nan nan nan nan nan nan nan 287.43804931640625 282.11279296875 287.46893310546875 263.20806884765625 266.862884521484375 274.59027099609375 282.966339111328125 280.32659912109375 278.0697021484375
nan nan nan nan nan nan nan nan nan nan nan nan nan nan nan nan nan nan nan nan nan nan nan nan nan nan nan nan nan nan nan nan nan nan nan nan nan nan nan nan nan nan nan nan nan nan nan nan nan nan nan nan nan nan nan nan 290.421478271484375 270.94970703125 261.376861572265625 247.027801513671875 244.5124969482421875 253.0063629150390625 254.6892852783203125 252.1807098388671875 258.783905029296875 270.8223876953125 278.723541259765625
nan nan nan nan nan nan nan nan nan nan nan nan nan nan nan nan nan nan nan nan nan nan nan nan nan nan nan nan nan nan nan nan nan nan nan nan nan nan nan nan nan nan nan nan nan nan nan nan nan nan nan nan nan nan 323.018035888671875 312.745025634765625 306.501434326171875 300.45159912109375 298.239288330078125 262.7872314453125 256.480712890625 257.797027587890625 254.136199951171875 244.2455902099609375 250.8231201171875 252.2802886962890625 242.0598602294921875
nan nan nan nan nan nan nan nan nan nan nan nan nan nan nan nan nan nan nan nan nan nan nan nan nan nan nan nan nan nan nan nan nan nan nan nan nan nan nan nan nan nan nan nan nan nan nan nan nan nan nan nan nan 320.000762939453125 315.0692138671875 297.657623291015625 308.924041748046875 304.53369140625 294.14959716796875 288.445068359375 298.360626220703125 273.12506103515625 261.142425537109375 257.33563232421875 246.8083648681640625 245.97235107421875 236.1754150390625
nan nan nan nan nan nan nan nan nan nan nan nan nan nan nan nan nan nan nan nan nan nan nan nan nan nan nan nan nan nan nan nan nan nan nan nan nan nan nan nan nan nan nan nan nan nan nan nan nan nan nan 301.415283203125 306.61175537109375 309.388824462890625 305.072540283203125 291.899383544921875 303.320281982421875 309.83160400390625 280.444915771484375 278.9739990234375 290.69244384765625 285.5567626953125 269.861328125 254.205413818359375 243.129119873046875 234.955718994140625 228.7463226318359375
nan nan nan nan nan nan nan nan nan nan nan nan nan nan nan nan nan nan nan nan nan nan nan nan nan nan nan nan nan nan nan nan nan nan nan nan nan nan nan nan nan nan nan nan nan nan nan nan nan nan nan nan 300.620452880859375 302.328826904296875 293.6025390625 281.05938720703125 287.298919677734375 281.40008544921875 266.85711669921875 259.29296875 271.498809814453125 274.267669677734375 263.927734375 241.8804779052734375 235.3205413818359375 228.7223663330078125 224.879852294921875
nan nan nan nan nan nan nan nan nan nan nan nan nan nan nan nan nan nan nan nan nan nan nan nan nan nan nan nan nan nan nan nan nan nan nan nan nan nan nan nan nan nan nan nan nan nan nan nan nan nan nan 293.683929443359375 288.247314453125 280.633880615234375 268.876739501953125 248.4244384765625 257.692779541015625 237.8857879638671875 245.312042236328125 251.340972900390625 247.3618316650390625 252.5180206298828125 253.8766021728515625 254.7078704833984375 238.986328125 232.9077911376953125 229.253387451171875
nan nan nan nan nan nan nan nan nan nan nan nan nan nan nan nan nan nan nan nan nan nan nan nan nan nan nan nan nan nan nan nan nan nan nan nan nan nan nan nan nan nan nan nan nan nan nan nan nan nan nan 267.42706298828125 258.46954345703125 260.741424560546875 253.5744781494140625 248.0220184326171875 245.9127960205078125 251.819244384765625 255.035400390625 240.5823822021484375 235.91632080078125 239.8936004638671875 244.062225341796875 247.5014801025390625 245.995452880859375 240.0787353515625 244.1322021484375
nan nan nan nan nan nan nan nan nan nan nan nan nan nan nan nan nan nan nan nan nan nan nan nan nan nan nan nan nan nan nan nan nan nan nan nan nan nan nan nan nan nan nan nan nan nan nan nan nan nan nan 199.23638916015625 195.09136962890625 226.86920166015625 227.5424041748046875 226.239837646484375 226.5129241943359375 244.5004425048828125 249.201507568359375 246.3447418212890625 254.9246063232421875 252.1211395263671875 254.2606658935546875 257.61614990234375 258.984893798828125 255.260009765625 263.29638671875
nan nan nan nan nan nan nan nan nan nan nan nan nan nan nan nan nan nan nan nan nan nan nan nan nan nan nan nan nan nan nan nan nan nan nan nan nan nan nan nan nan nan nan nan nan nan nan nan nan nan nan nan 168.4120025634765625 185.14544677734375 192.5517120361328125 198.2472076416015625 198.4491729736328125 229.7372283935546875 242.131134033203125 230.1468048095703125 248.542236328125 263.967864990234375 280.72021484375 272.3125 263.095489501953125 253.76031494140625 262.962554931640625
nan nan nan nan nan nan nan nan nan nan nan nan nan nan nan nan nan nan nan nan nan nan nan nan nan nan nan nan nan nan nan nan nan nan nan nan nan nan nan nan nan nan nan nan nan nan nan nan nan nan nan nan 177.7401123046875 190.2772216796875 202.2279815673828125 202.58319091796875 217.18280029296875 243.695831298828125 261.4283447265625 260.249053955078125 250.24835205078125 259.534820556640625 247.6772918701171875 249.0861663818359375 262.21624755859375 267.0347900390625 269.518646240234375
nan nan nan nan nan nan nan nan nan nan nan nan nan nan nan nan nan nan nan nan nan nan nan nan nan nan nan nan nan nan nan nan nan nan nan nan nan nan nan nan nan nan nan nan nan nan nan nan nan nan nan nan 178.02252197265625 186.3374786376953125 191.1155853271484375 202.699554443359375 216.8679351806640625 247.0469512939453125 261.400299072265625 257.074859619140625 261.29656982421875 256.42889404296875 233.5360870361328125 229.571685791015625 237.7437896728515625 249.731781005859375 261.609649658203125
nan nan nan nan nan nan nan nan nan nan nan nan nan nan nan nan nan nan nan nan nan nan nan nan nan nan nan nan nan nan nan nan nan nan nan nan nan nan nan nan nan nan nan nan nan nan nan nan nan nan nan 169.6507568359375 183.0565643310546875 184.9588775634765625 186.051910400390625 199.5643463134765625 221.473968505859375 231.053802490234375 231.0797576904296875 233.6804046630859375 248.6309661865234375 233.1407928466796875 235.9899444580078125 224.2817535400390625 230.867828369140625 249.2729034423828125 259.636627197265625
nan nan nan nan nan nan nan nan nan nan nan nan nan nan nan nan nan nan nan nan nan nan nan nan nan nan nan nan nan nan nan nan nan nan nan nan nan nan nan nan nan nan nan nan nan nan nan nan nan nan nan nan 166.90155029296875 173.58758544921875 186.7463836669921875 196.0762176513671875 214.7233123779296875 215.0116119384765625 222.41796875 236.590789794921875 240.940582275390625 240.5937652587890625 254.9065704345703125 236.691680908203125 222.974853515625 229.9949188232421875 248.9815216064453125
nan nan nan nan nan nan nan nan nan nan nan nan nan nan nan nan nan nan nan nan nan nan nan nan nan nan nan nan nan nan nan nan nan nan nan nan nan nan nan nan nan nan nan nan nan nan nan nan nan nan nan nan 126.93383026123046875 160.2615203857421875 172.912353515625 179.2624053955078125 192.8766937255859375 206.133758544921875 229.2143402099609375 237.5293426513671875 249.5742034912109375 244.3224945068359375 251.2748565673828125 238.714111328125 225.120330810546875 223.430511474609375 nan
nan nan nan nan nan nan nan nan nan nan nan nan nan nan nan nan nan nan nan nan nan nan nan nan nan nan nan nan nan nan nan nan nan nan nan nan nan nan nan nan nan nan nan nan nan nan nan nan nan nan nan nan nan 138.6875457763671875 156.997406005859375 159.5335235595703125 179.5883331298828125 213.8934478759765625 230.6444244384765625 228.42333984375 247.461029052734375 255.0855712890625 251.121795654296875 253.99578857421875 245.725738525390625 240.1143951416015625 250.2957611083984375
nan nan nan nan nan nan nan nan nan nan nan nan nan nan nan nan nan nan nan nan nan nan nan nan nan nan nan nan nan nan nan nan nan nan nan nan nan nan nan nan nan nan nan nan nan nan nan nan nan nan nan nan nan 147.0100555419921875 143.6512603759765625 157.8263397216796875 170.824981689453125 202.8936004638671875 220.645172119140625 223.950103759765625 239.0393524169921875 244.13916015625 244.7843780517578125 243.8031463623046875 249.714111328125 259.500335693359375 266.856414794921875
nan nan nan nan nan nan nan nan nan nan nan nan nan nan nan nan nan nan nan nan nan nan nan nan nan nan nan nan nan nan nan nan nan nan nan nan nan nan nan nan nan nan nan nan nan nan nan nan nan nan nan nan nan nan 131.98980712890625 194.0526123046875 200.70330810546875 193.8196563720703125 nan 211.2644195556640625 224.8943328857421875 226.7192230224609375 235.3930206298828125 247.4940338134765625 260.0362548828125 260.573516845703125 271.126007080078125
nan nan nan nan nan nan nan nan nan nan nan nan nan nan nan nan nan nan nan nan nan nan nan nan nan nan nan nan nan nan nan nan nan nan nan nan nan nan nan nan nan nan nan nan nan nan nan nan nan nan nan nan nan nan 117.94988250732421875 nan 210.7571258544921875 206.9892425537109375 204.2811279296875 206.8051605224609375 206.431549072265625 214.7071533203125 226.642669677734375 233.5132904052734375 238.73101806640625 235.8082275390625 247.2734375
