rasters/edaphic_/clay.asc
ncols        720
nrows        300
xllcorner    -180.000000000000
yllcorner    -60.000000000000
cellsize     0.500000000000
NODATA_value  nan
[rows 240 to 269 of 300, columns 201 to 267 of 720]
nan nan nan nan nan nan nan nan nan nan nan nan nan nan nan nan 185.05303955078125 180.7469329833984375 194.940277099609375 198.0108184814453125 204.23309326171875 189.21826171875 179.2582244873046875 159.8597259521484375 148.4339447021484375 179.7397308349609375 160.540863037109375 163.6870269775390625 180.410888671875 173.623199462890625 205.6259307861328125 258.489532470703125 303.676422119140625 340.80517578125 nan 369.21038818359375 360.139007568359375 343.746368408203125 326.342620849609375 256.054534912109375 298.821563720703125 378.56890869140625 399.87115478515625 348.7928466796875 308.16729736328125 327.40234375 340.894134521484375 359.254913330078125 341.900177001953125 320.230316162109375 319.153228759765625 318.979888916015625 336.9111328125 378.338958740234375 407.510986328125 412.9735107421875 nan 262.882965087890625 244.951171875 nan nan nan nan nan nan nan nan
nan nan nan nan nan nan nan nan nan nan nan nan nan nan nan nan 234.174591064453125 206.2333831787109375 203.73736572265625 195.9392852783203125 215.8901824951171875 196.604522705078125 198.2756805419921875 185.2092437744140625 161.057342529296875 171.3818206787109375 161.6537628173828125 163.548980712890625 174.853912353515625 194.1514434814453125 246.6927947998046875 293.540771484375 310.711578369140625 nan nan 357.480926513671875 359.126220703125 359.1822509765625 335.65020751953125 316.99517822265625 392.705963134765625 405.7056884765625 380.09503173828125 331.619232177734375 357.866455078125 370.470184326171875 335.74200439453125 333.627105712890625 321.50128173828125 335.955596923828125 337.99017333984375 331.402862548828125 331.685577392578125 352.117340087890625 365.484893798828125 360.9879150390625 nan nan nan nan nan nan nan nan nan nan nan
nan nan nan nan nan nan nan nan nan nan nan nan nan nan nan nan 227.929229736328125 214.4608612060546875 203.8060150146484375 190.2865447998046875 194.2723388671875 195.365142822265625 192.221771240234375 199.7622222900390625 181.2474212646484375 167.67437744140625 169.3319244384765625 183.5790557861328125 228.8827972412109375 249.3177642822265625 291.436370849609375 296.402130126953125 291.32110595703125 318.047149658203125 350.8587646484375 359.136627197265625 379.59381103515625 365.945343017578125 353.196014404296875 375.092132568359375 406.4649658203125 411.0531005859375 360.755767822265625 336.655792236328125 376.41357421875 358.827056884765625 305.316375732421875 290.313262939453125 305.0609130859375 351.43157958984375 366.91925048828125 351.02789306640625 337.501373291015625 345.788421630859375 340.985137939453125 321.74078369140625 nan nan nan nan nan nan nan nan nan nan nan
nan nan nan nan nan nan nan nan nan nan nan nan nan nan nan nan 219.7960205078125 209.662078857421875 207.3690643310546875 196.2626190185546875 200.856689453125 198.1830902099609375 187.4881439208984375 184.0855255126953125 177.130706787109375 173.56573486328125 173.28887939453125 218.67510986328125 271.888671875 265.999755859375 283.324920654296875 272.53814697265625 259.89202880859375 281.332366943359375 330.07220458984375 347.735015869140625 372.17889404296875 nan 385.097412109375 399.537445068359375 417.481903076171875 422.21685791015625 363.963897705078125 359.949737548828125 388.443389892578125 348.46746826171875 286.0263671875 263.519805908203125 322.246490478515625 374.059600830078125 385.010833740234375 363.16143798828125 347.62152099609375 349.190338134765625 342.847198486328125 nan nan nan nan nan nan nan nan nan nan nan nan
nan nan nan nan nan nan nan nan nan nan nan nan nan nan nan nan 212.3777618408203125 204.4967193603515625 221.6241912841796875 212.459747314453125 214.2279205322265625 190.4249420166015625 187.7347259521484375 188.3209991455078125 170.50128173828125 162.949432373046875 179.513885498046875 nan 252.00830078125 244.12469482421875 229.6800384521484375 216.655792236328125 224.1649322509765625 251.4763641357421875 283.79559326171875 321.131622314453125 340.453094482421875 nan 373.601287841796875 404.196624755859375 416.008575439453125 413.017333984375 375.828460693359375 357.447021484375 363.33013916015625 341.806854248046875 303.28179931640625 304.8983154296875 329.77337646484375 357.20782470703125 363.85699462890625 342.006744384765625 339.491058349609375 nan 334.730712890625 nan nan nan nan nan nan nan nan nan nan nan nan
nan nan nan nan nan nan nan nan nan nan nan nan nan nan nan nan 216.7964630126953125 211.413238525390625 228.299407958984375 223.5493927001953125 220.8613433837890625 192.607940673828125 186.74542236328125 174.5679168701171875 163.83245849609375 159.69891357421875 178.3342437744140625 206.932403564453125 224.2527923583984375 204.253509521484375 183.4715728759765625 180.6150360107421875 209.203582763671875 245.522247314453125 268.80975341796875 306.360107421875 320.888580322265625 336.303558349609375 354.8450927734375 366.0634765625 387.1805419921875 398.506256103515625 369.89697265625 362.2884521484375 357.771881103515625 347.131866455078125 nan 328.536376953125 326.013519287109375 334.5111083984375 333.703338623046875 317.534515380859375 310.36279296875 nan nan nan nan nan nan nan nan nan nan nan nan nan nan
nan nan nan nan nan nan nan nan nan nan nan nan nan nan nan nan 218.756927490234375 218.9947509765625 231.7111358642578125 229.7540130615234375 220.9721221923828125 170.9258270263671875 169.24603271484375 161.525482177734375 153.0673065185546875 152.5656585693359375 167.2594757080078125 166.8654022216796875 166.017364501953125 163.969818115234375 166.0071258544921875 169.5207061767578125 175.7701873779296875 195.4164886474609375 242.0473785400390625 286.17828369140625 296.48956298828125 306.6318359375 nan nan 364.152862548828125 351.910858154296875 345.401519775390625 379.36090087890625 367.719879150390625 352.762603759765625 344.36572265625 342.550628662109375 327.10723876953125 339.8731689453125 323.40814208984375 297.234283447265625 320.84564208984375 320.076690673828125 nan nan nan nan nan nan nan nan nan nan nan nan nan
nan nan nan nan nan nan nan nan nan nan nan nan nan nan nan nan 213.3443450927734375 nan 229.761383056640625 229.990020751953125 206.3945770263671875 168.10821533203125 157.4410552978515625 151.503387451171875 145.386627197265625 148.764129638671875 153.4247894287109375 139.3757781982421875 127.95787811279296875 144.37640380859375 153.616729736328125 153.255615234375 146.8439788818359375 163.83251953125 220.121551513671875 255.738800048828125 268.918853759765625 287.739166259765625 325.03875732421875 344.62493896484375 333.04376220703125 329.46209716796875 344.62591552734375 365.11279296875 382.713409423828125 358.402862548828125 353.78515625 356.105743408203125 352.377227783203125 350.821533203125 326.9500732421875 312.169525146484375 nan nan nan nan nan nan nan nan nan nan nan nan nan nan nan
nan nan nan nan nan nan nan nan nan nan nan nan nan nan nan 219.68048095703125 218.7973480224609375 217.175506591796875 222.854705810546875 231.7601165771484375 242.6204833984375 207.9858245849609375 167.4880828857421875 155.027801513671875 145.5984344482421875 135.034698486328125 120.54935455322265625 93.4817047119140625 89.186676025390625 133.784332275390625 142.3262786865234375 148.8328704833984375 163.1983489990234375 182.742584228515625 218.707183837890625 223.848663330078125 227.5582122802734375 252.068572998046875 288.079254150390625 316.643096923828125 336.762847900390625 358.81500244140625 nan 365.20928955078125 361.548797607421875 348.82958984375 354.42572021484375 356.925872802734375 362.822174072265625 360.130645751953125 334.19677734375 303.475830078125 nan nan nan nan nan nan nan nan nan nan nan nan nan nan nan
nan nan nan nan nan nan nan nan nan nan nan nan nan nan nan 219.6848602294921875 230.3714141845703125 232.7015228271484375 nan 226.9853515625 251.4998016357421875 236.626708984375 175.8005523681640625 143.184814453125 113.35211944580078125 97.2451629638671875 81.6761932373046875 61.788646697998046875 79.3177490234375 133.3964996337890625 141.547393798828125 152.4364013671875 184.4802093505859375 224.7074737548828125 nan 201.188751220703125 203.9331512451171875 216.621490478515625 251.5954132080078125 263.51416015625 274.50439453125 287.380767822265625 322.41796875 nan nan nan 371.553955078125 376.74652099609375 363.37298583984375 363.38275146484375 nan nan nan nan nan nan nan nan nan nan nan nan nan nan nan nan nan
nan nan nan nan nan nan nan nan nan nan nan nan nan nan 215.6605072021484375 231.2991180419921875 251.2566070556640625 226.93994140625 222.04193115234375 221.08135986328125 249.9013519287109375 252.266357421875 187.4569854736328125 124.97686767578125 102.53406524658203125 87.32608795166015625 83.6082916259765625 91.772979736328125 102.91292572021484375 139.7317657470703125 151.954925537109375 155.17449951171875 166.014251708984375 200.03680419921875 218.8732147216796875 197.29168701171875 199.5366668701171875 203.1408233642578125 229.896759033203125 256.04400634765625 276.893951416015625 299.641815185546875 311.5728759765625 334.15673828125 370.314910888671875 nan nan nan nan nan nan nan nan nan nan nan nan nan nan nan nan nan nan nan nan nan nan
nan nan nan nan nan nan nan nan nan nan nan nan nan nan 214.6591033935546875 251.0898895263671875 247.9438323974609375 218.0950469970703125 217.365875244140625 212.810516357421875 232.55657958984375 257.0191650390625 219.677520751953125 144.8336944580078125 111.86405181884765625 99.40020751953125 97.754425048828125 103.68573760986328125 93.740814208984375 139.443634033203125 158.8690643310546875 165.7623443603515625 167.5078887939453125 186.6981048583984375 201.651824951171875 184.324066162109375 182.4029083251953125 188.33868408203125 206.6952056884765625 253.6391143798828125 287.642059326171875 295.31280517578125 296.751556396484375 327.557037353515625 nan nan nan nan nan nan nan nan nan nan nan nan nan nan nan nan nan nan nan nan nan nan nan
nan nan nan nan nan nan nan nan nan nan nan nan nan 233.084716796875 239.1284942626953125 253.523956298828125 216.9789886474609375 214.04327392578125 212.3908843994140625 217.0012054443359375 216.882598876953125 217.7253875732421875 196.0565185546875 161.068115234375 114.3020172119140625 101.09403228759765625 88.85630035400390625 87.19918060302734375 95.39897918701171875 141.4799346923828125 162.337677001953125 149.6087493896484375 152.7604827880859375 178.89630126953125 203.3722991943359375 191.2438201904296875 205.9669342041015625 234.354461669921875 271.96234130859375 292.670257568359375 304.234283447265625 309.88616943359375 294.1680908203125 302.50164794921875 399.614227294921875 nan nan nan nan nan nan nan nan nan nan nan nan nan nan nan nan nan nan nan nan nan nan
nan nan nan nan nan nan nan nan nan nan nan nan nan 273.581878662109375 274.23992919921875 255.1010894775390625 206.3848876953125 210.939300537109375 216.1505126953125 213.449249267578125 203.051116943359375 194.0877685546875 171.5577239990234375 146.09393310546875 104.4618377685546875 98.04698944091796875 90.926727294921875 92.58551788330078125 101.17418670654296875 128.9178924560546875 157.3888702392578125 159.214324951171875 167.504669189453125 205.7219696044921875 225.764190673828125 228.374664306640625 261.3134765625 296.076141357421875 304.54742431640625 292.622039794921875 300.203857421875 309.065521240234375 299.6768798828125 305.401458740234375 370.2664794921875 295.020416259765625 nan nan nan nan nan nan nan nan nan nan nan nan nan nan nan nan nan nan nan nan nan
nan nan nan nan nan nan nan nan nan nan nan nan 373.907012939453125 nan 310.278778076171875 320.62298583984375 215.2764739990234375 195.2617034912109375 219.0531463623046875 198.011962890625 193.2451324462890625 188.880706787109375 166.1600341796875 132.6944427490234375 109.99094390869140625 92.764312744140625 90.1669464111328125 104.24954986572265625 102.35218048095703125 105.955535888671875 120.8769683837890625 162.8838653564453125 210.101806640625 255.0752105712890625 261.654693603515625 265.875396728515625 277.575439453125 282.435302734375 305.902679443359375 301.867279052734375 308.427459716796875 308.965911865234375 298.639678955078125 297.106842041015625 334.87921142578125 nan nan nan nan nan nan nan nan nan nan nan nan nan nan nan nan nan nan nan nan nan nan
nan nan nan nan nan nan nan nan nan nan nan nan 402.754241943359375 355.449066162109375 356.434173583984375 302.2620849609375 221.78289794921875 186.6845855712890625 212.465545654296875 196.262420654296875 204.2248077392578125 186.5890960693359375 143.3463287353515625 109.79549407958984375 106.7637481689453125 111.47562408447265625 103.83356475830078125 117.39279937744140625 106.3854522705078125 103.5753936767578125 122.70272064208984375 164.2189178466796875 227.9937286376953125 268.169219970703125 259.700653076171875 255.0420989990234375 265.036163330078125 282.239166259765625 296.391082763671875 297.005706787109375 295.05120849609375 294.673919677734375 277.049560546875 277.114044189453125 nan nan nan nan nan nan nan nan nan nan nan nan nan nan nan nan nan nan nan nan nan nan nan
nan nan nan nan nan nan nan nan nan nan nan nan 392.41705322265625 341.297332763671875 333.89764404296875 264.654266357421875 215.4980926513671875 178.497406005859375 204.982391357421875 203.2269287109375 212.039794921875 167.595123291015625 129.0493621826171875 123.62706756591796875 123.5523681640625 134.903045654296875 132.1732940673828125 129.527984619140625 111.22109222412109375 107.772064208984375 137.379150390625 177.2837982177734375 195.6075897216796875 271.51531982421875 285.4365234375 274.517059326171875 291.94873046875 302.6282958984375 296.45794677734375 286.369873046875 282.211700439453125 281.909088134765625 274.97406005859375 273.439300537109375 nan nan nan nan nan nan nan nan nan nan nan nan nan nan nan nan nan nan nan nan nan nan nan
nan nan nan nan nan nan nan nan nan nan nan nan 355.4395751953125 336.137481689453125 318.734619140625 nan 198.0274505615234375 160.9287872314453125 180.404876708984375 183.90985107421875 213.18365478515625 169.9952545166015625 149.8274078369140625 144.39105224609375 130.3383331298828125 134.537933349609375 139.1351776123046875 141.7996978759765625 131.1243743896484375 124.61936187744140625 144.3189849853515625 172.7857818603515625 169.02178955078125 208.806854248046875 279.351959228515625 269.55303955078125 286.689208984375 295.1883544921875 277.19842529296875 252.9980010986328125 254.679046630859375 nan nan nan nan nan nan nan nan nan nan nan nan nan nan nan nan nan nan nan nan nan nan nan nan nan nan
nan nan nan nan nan nan nan nan nan nan nan nan nan 345.647491455078125 300.808074951171875 248.6782379150390625 156.4561309814453125 162.206451416015625 176.04254150390625 169.5897979736328125 193.925018310546875 157.775177001953125 144.116180419921875 141.797637939453125 142.553680419921875 132.8822784423828125 127.07648468017578125 134.91656494140625 128.5893096923828125 132.4030914306640625 160.4043731689453125 167.0229644775390625 153.8054351806640625 149.8388519287109375 185.7251434326171875 nan nan nan nan nan nan nan nan nan nan nan nan nan nan nan nan nan nan nan nan nan nan nan nan nan nan nan nan nan nan nan nan
nan nan nan nan nan nan nan nan nan nan nan nan nan 300.841552734375 241.764556884765625 188.2431793212890625 150.451873779296875 181.2642822265625 182.4505767822265625 162.3160247802734375 172.2161712646484375 169.4218597412109375 150.9123687744140625 137.274169921875 153.6479644775390625 149.24853515625 151.0344390869140625 156.9069366455078125 150.13214111328125 148.1021575927734375 155.26812744140625 166.37017822265625 165.034912109375 164.8321380615234375 181.7032318115234375 nan nan nan nan nan nan nan nan nan nan nan nan nan nan nan nan nan nan nan nan nan nan nan nan nan nan nan nan nan nan nan nan
nan nan nan nan nan nan nan nan nan nan nan nan 311.02203369140625 279.118865966796875 nan 143.43072509765625 153.1596527099609375 179.4907684326171875 196.6890716552734375 165.1158294677734375 175.092926025390625 172.3008880615234375 161.5181121826171875 157.1713409423828125 157.33282470703125 147.12554931640625 145.233612060546875 150.94989013671875 158.4642791748046875 152.802154541015625 152.8632965087890625 158.8428802490234375 174.1500091552734375 185.485382080078125 nan nan nan nan nan nan nan nan nan nan nan nan nan nan nan nan nan nan nan nan nan nan nan nan nan nan nan nan nan nan nan nan nan
nan nan nan nan nan nan nan nan nan nan nan 263.689727783203125 300.830291748046875 231.7235260009765625 119.467010498046875 136.60101318359375 157.28802490234375 176.103546142578125 185.918365478515625 152.37109375 165.84832763671875 166.9036407470703125 150.1434478759765625 148.7770843505859375 151.2501220703125 148.6798248291015625 145.9055023193359375 151.7180328369140625 160.8871612548828125 nan 157.8152618408203125 159.8613128662109375 174.693145751953125 184.658050537109375 nan nan nan nan nan nan nan nan nan nan nan nan nan nan nan nan nan nan nan nan nan nan nan nan nan nan nan nan nan nan nan nan nan
nan nan nan nan nan nan nan nan nan nan nan 209.67657470703125 230.4463043212890625 nan nan 127.61540985107421875 160.1869049072265625 193.563323974609375 187.7235870361328125 153.455596923828125 158.941162109375 166.647003173828125 161.0793304443359375 151.3431243896484375 147.171966552734375 151.7502288818359375 149.0233154296875 141.5460968017578125 143.27276611328125 nan nan nan nan nan nan nan nan nan nan nan nan nan nan nan nan nan nan nan nan nan nan nan nan nan nan nan nan nan nan nan nan nan nan nan nan nan nan
nan nan nan nan nan nan nan nan nan nan nan nan 179.1532745361328125 nan 110.1088409423828125 137.65106201171875 169.5211639404296875 211.91802978515625 187.9150238037109375 163.958587646484375 174.16400146484375 177.6787109375 179.2018890380859375 170.1909332275390625 166.8251495361328125 165.6369171142578125 156.591552734375 147.2594451904296875 139.341522216796875 nan nan nan nan nan nan nan nan nan nan nan nan nan nan nan nan nan nan nan nan nan nan nan nan nan nan nan nan nan nan nan nan nan nan nan nan nan nan
nan nan nan nan nan nan nan nan nan nan nan 173.202301025390625 nan nan 106.7791900634765625 154.2836761474609375 181.7136993408203125 226.768890380859375 191.7489166259765625 171.865142822265625 181.95513916015625 187.9044647216796875 190.14105224609375 191.6807403564453125 193.849456787109375 191.3532867431640625 177.734405517578125 163.903076171875 161.9121856689453125 157.0159912109375 179.321807861328125 179.2706146240234375 nan nan nan nan nan nan nan nan nan nan nan nan nan nan nan nan nan nan nan nan nan nan nan nan nan nan nan nan nan nan nan nan nan nan nan
nan nan nan nan nan nan nan nan nan nan nan 165.9168853759765625 nan 103.80278778076171875 111.8658905029296875 nan 192.47149658203125 239.06988525390625 208.0768280029296875 195.446014404296875 195.5857391357421875 194.0941314697265625 195.3494415283203125 203.881591796875 209.9338226318359375 205.387664794921875 193.62860107421875 184.8072967529296875 182.5995025634765625 nan nan 189.208740234375 nan nan nan nan nan nan nan nan nan nan nan nan nan nan nan nan nan nan nan nan nan nan nan nan nan nan nan nan nan nan nan nan nan nan nan
nan nan nan nan nan nan nan nan nan nan 142.8554229736328125 160.368194580078125 nan 111.404541015625 117.81206512451171875 160.0885009765625 202.4294891357421875 229.003326416015625 192.9720916748046875 187.1330108642578125 204.49249267578125 212.15399169921875 226.457611083984375 230.2094268798828125 216.7960357666015625 207.592376708984375 195.712066650390625 190.1325225830078125 189.7900543212890625 nan nan nan nan nan nan nan nan nan nan nan nan nan nan nan nan nan nan nan nan nan nan nan nan nan nan nan nan nan nan nan nan nan nan nan nan nan nan
nan nan nan nan nan nan nan nan nan nan nan nan nan 120.068389892578125 124.9771575927734375 163.6748504638671875 207.93475341796875 212.800262451171875 186.905181884765625 186.9011383056640625 196.301300048828125 215.556976318359375 233.5546417236328125 232.1381072998046875 223.1616973876953125 215.0040283203125 212.56939697265625 211.603271484375 nan nan nan nan nan nan nan nan nan nan nan nan nan nan nan nan nan nan nan nan nan nan nan nan nan nan nan nan nan nan nan nan nan nan nan nan nan nan nan
nan nan nan nan nan nan nan nan nan nan nan 132.674530029296875 nan 134.7059173583984375 nan 179.0325469970703125 213.983917236328125 204.478118896484375 196.029571533203125 201.2003326416015625 202.578399658203125 209.8723907470703125 222.903533935546875 225.4090423583984375 222.0404510498046875 220.1439971923828125 221.34002685546875 225.685516357421875 nan nan nan nan nan nan nan nan nan nan nan nan nan nan nan nan nan nan nan nan nan nan nan nan nan nan nan nan nan nan nan nan nan nan nan nan nan nan nan
nan nan nan nan nan nan nan nan nan nan 159.027252197265625 nan 153.46051025390625 nan 151.0753936767578125 189.2572784423828125 216.83319091796875 199.72210693359375 193.8839874267578125 207.5742645263671875 211.3952789306640625 218.0945892333984375 219.1972198486328125 217.43853759765625 211.4947357177734375 212.781005859375 214.7912750244140625 221.4265899658203125 nan nan nan nan nan nan nan nan nan nan nan nan nan nan nan nan nan nan nan nan nan nan nan nan nan nan nan nan nan nan nan nan nan nan nan nan nan nan nan
