rasters/edaphic_/nitrogen.asc
ncols        720
nrows        300
xllcorner    -180.000000000000
yllcorner    -60.000000000000
cellsize     0.500000000000
NODATA_value  nan
[rows 29 to 57 of 300, columns 132 to 197 of 720]
420.103607177734375 423.41180419921875 427.5799560546875 437.683349609375 446.67889404296875 nan 484.239654541015625 479.2681884765625 490.784881591796875 482.94073486328125 483.209381103515625 484.7171630859375 491.1270751953125 518.86077880859375 511.8837890625 489.531280517578125 nan nan nan 496.286224365234375 nan nan nan nan nan nan nan nan 454.164215087890625 427.009246826171875 424.3310546875 425.389007568359375 nan nan nan 421.737152099609375 432.03851318359375 436.2186279296875 427.27862548828125 415.5931396484375 396.257293701171875 nan nan 396.14447021484375 395.55828857421875 388.6707763671875 375.2640380859375 369.516143798828125 374.630706787109375 384.974212646484375 386.599273681640625 383.432281494140625 380.134002685546875 381.40203857421875 386.1092529296875 379.922027587890625 367.96490478515625 373.17047119140625 377.1947021484375 nan nan nan nan nan nan nan
nan 445.14813232421875 446.5074462890625 447.358367919921875 443.640960693359375 458.899566650390625 475.96685791015625 nan nan nan nan nan nan nan nan nan nan nan nan nan nan nan nan nan nan nan nan nan nan nan nan nan nan nan nan nan nan nan 403.32037353515625 401.069488525390625 379.21270751953125 nan nan nan 379.520233154296875 386.23931884765625 376.77777099609375 372.30487060546875 371.084228515625 376.06866455078125 371.923980712890625 372.187744140625 376.48114013671875 374.73138427734375 369.064544677734375 nan 347.111572265625 335.07501220703125 nan 318.92010498046875 326.178924560546875 nan 346.603759765625 nan nan nan
nan nan nan nan nan nan nan nan nan nan nan nan nan nan nan nan nan nan nan nan nan nan nan nan nan nan nan nan nan nan nan nan nan nan nan nan nan nan nan nan nan nan nan nan nan nan nan nan nan nan nan nan nan nan nan nan nan nan nan nan nan nan nan nan nan nan
nan nan nan nan nan nan nan nan nan nan nan nan nan nan nan nan 415.9959716796875 402.0594482421875 nan nan nan nan nan nan nan nan nan 387.15740966796875 379.71136474609375 368.420166015625 364.535003662109375 357.5667724609375 363.150299072265625 366.230224609375 nan nan nan 353.7938232421875 351.480804443359375 354.5001220703125 362.386749267578125 374.567657470703125 365.965362548828125 351.534515380859375 342.140960693359375 341.772430419921875 337.203887939453125 nan nan nan nan nan nan 307.50006103515625 306.16302490234375 298.99560546875 294.1185302734375 294.5137939453125 nan nan nan nan nan nan nan nan
nan nan nan nan nan nan nan nan nan nan nan nan 376.697479248046875 385.895843505859375 395.92388916015625 nan 408.517578125 422.737579345703125 408.403472900390625 nan nan nan nan nan nan nan nan nan 386.98004150390625 394.124359130859375 391.09185791015625 374.913909912109375 nan nan nan nan nan 326.7301025390625 315.9237060546875 329.9388427734375 353.7520751953125 378.262969970703125 376.618072509765625 369.6993408203125 364.25762939453125 nan nan nan nan nan 325.577545166015625 322.585052490234375 311.4259033203125 303.250823974609375 298.316070556640625 293.119293212890625 nan nan 326.11273193359375 nan 323.759918212890625 319.234954833984375 nan 303.312103271484375 nan 295.657073974609375
nan 344.647003173828125 355.911651611328125 367.41436767578125 377.09197998046875 nan nan nan 344.8267822265625 nan nan nan 403.437713623046875 nan 441.7384033203125 403.965545654296875 405.2718505859375 nan nan nan nan nan nan 429.6375732421875 448.853729248046875 nan nan 491.86029052734375 470.8360595703125 447.749053955078125 429.01959228515625 403.403167724609375 398.618621826171875 380.990936279296875 347.234130859375 nan nan 324.81011962890625 nan 348.75396728515625 nan nan 377.050018310546875 378.457366943359375 nan nan nan nan nan 319.02978515625 nan 325.61224365234375 320.6646728515625 324.085845947265625 326.454559326171875 nan nan 318.916717529296875 315.720062255859375 320.18212890625 325.162689208984375 313.000701904296875 301.895050048828125 299.1890869140625 291.785858154296875 287.46160888671875
325.340972900390625 340.699554443359375 348.102203369140625 331.309478759765625 322.7847900390625 325.401153564453125 328.8446044921875 340.5107421875 349.151702880859375 367.266448974609375 389.55670166015625 nan nan 410.65338134765625 452.39312744140625 471.843780517578125 440.31072998046875 416.74627685546875 nan nan nan nan nan nan nan nan 543.21771240234375 533.857666015625 510.416778564453125 472.91668701171875 446.024932861328125 424.082611083984375 396.0921630859375 390.4991455078125 352.637176513671875 nan nan nan 332.07696533203125 343.81341552734375 nan nan nan nan nan nan nan nan 315.626983642578125 308.28875732421875 308.589691162109375 317.580780029296875 326.05926513671875 341.599395751953125 339.37451171875 nan nan nan 327.321807861328125 334.076751708984375 324.538726806640625 305.031707763671875 294.037139892578125 291.52606201171875 294.48736572265625 nan
318.6217041015625 342.871795654296875 353.652252197265625 345.279144287109375 353.847991943359375 363.6119384765625 378.009857177734375 393.42352294921875 423.452362060546875 442.67718505859375 418.483428955078125 387.684295654296875 nan 410.600433349609375 454.719268798828125 502.724334716796875 nan nan 433.25860595703125 nan nan nan nan nan nan nan nan nan nan 469.302520751953125 459.798004150390625 419.651275634765625 400.9608154296875 399.041778564453125 nan nan nan 337.098388671875 nan nan nan nan nan nan nan nan nan nan nan 304.989654541015625 313.10455322265625 335.95343017578125 354.81689453125 360.179046630859375 347.06292724609375 321.771270751953125 nan 321.630096435546875 342.949737548828125 349.1243896484375 323.8878173828125 305.26153564453125 295.608245849609375 289.536163330078125 284.312408447265625 285.225738525390625
314.136627197265625 350.905059814453125 380.878936767578125 394.49530029296875 408.269317626953125 nan 438.22369384765625 455.51202392578125 476.558837890625 478.1357421875 451.80596923828125 427.461151123046875 437.278411865234375 461.419891357421875 nan 503.0570068359375 498.354248046875 472.508026123046875 457.95367431640625 nan nan nan nan nan nan nan nan nan nan nan nan nan nan nan nan 344.1649169921875 341.227508544921875 329.481170654296875 316.679351806640625 315.530303955078125 312.46746826171875 329.35595703125 nan nan nan nan nan nan nan nan nan nan 313.45556640625 314.338836669921875 322.362518310546875 315.613922119140625 319.078643798828125 nan nan 331.95758056640625 333.654144287109375 327.480194091796875 319.80731201171875 305.079010009765625 294.625030517578125 293.9796142578125
331.803680419921875 342.541839599609375 nan 373.011383056640625 391.8680419921875 419.76385498046875 443.594635009765625 459.380035400390625 466.4051513671875 460.8330078125 454.07275390625 nan 465.190185546875 nan 469.69329833984375 475.24908447265625 nan 445.396392822265625 nan 464.86407470703125 nan nan nan nan nan nan nan nan nan nan nan nan nan nan nan 361.028472900390625 354.536590576171875 326.33056640625 324.09991455078125 329.02508544921875 293.478912353515625 294.581085205078125 296.73974609375 nan nan nan nan nan nan nan 390.251556396484375 380.321685791015625 343.74420166015625 323.079864501953125 303.55419921875 299.325653076171875 293.64520263671875 298.022064208984375 nan 311.74151611328125 327.16473388671875 325.67718505859375 320.750885009765625 327.324249267578125 331.266326904296875 317.50115966796875
340.20050048828125 342.780364990234375 nan 356.933135986328125 368.68695068359375 397.5040283203125 443.099700927734375 451.98431396484375 462.83966064453125 484.928009033203125 483.61810302734375 468.895965576171875 nan 471.220977783203125 458.59295654296875 nan 429.6673583984375 417.468505859375 421.0850830078125 448.345947265625 464.4837646484375 502.10552978515625 522.902099609375 nan 564.3621826171875 nan nan nan nan nan nan nan nan nan nan 407.21270751953125 395.9791259765625 373.432586669921875 342.194122314453125 321.67828369140625 304.578857421875 295.924163818359375 289.613983154296875 302.822418212890625 308.202850341796875 nan nan nan nan nan nan nan nan nan nan 287.8892822265625 280.51397705078125 274.366668701171875 284.001251220703125 290.795684814453125 296.393768310546875 311.6365966796875 318.292022705078125 322.541015625 324.98077392578125 309.66534423828125
nan 352.66583251953125 nan nan nan 425.13494873046875 nan 460.15625 468.770782470703125 478.827850341796875 477.598388671875 nan nan 452.183197021484375 439.89453125 434.313018798828125 419.677276611328125 401.03271484375 405.0340576171875 430.32147216796875 nan nan 522.02349853515625 nan nan nan nan nan nan nan nan nan 464.256317138671875 nan nan nan nan 399.819061279296875 364.844940185546875 nan nan 351.202911376953125 nan nan nan nan nan nan nan nan nan nan nan nan nan nan nan nan 283.740447998046875 294.504180908203125 301.989410400390625 320.01220703125 326.17474365234375 nan nan nan
347.874969482421875 368.06781005859375 398.872650146484375 408.774932861328125 414.419891357421875 414.162445068359375 420.3896484375 414.022369384765625 424.1810302734375 432.847625732421875 426.46014404296875 nan 421.58245849609375 421.707733154296875 nan 396.5892333984375 nan 414.214935302734375 435.295684814453125 461.208160400390625 466.76116943359375 491.52667236328125 503.654266357421875 519.72857666015625 nan nan nan nan nan nan nan 525.75384521484375 485.9332275390625 483.890045166015625 469.86126708984375 469.9656982421875 nan nan nan 470.10772705078125 nan 421.801483154296875 nan 357.67724609375 357.5028076171875 326.91278076171875 321.361602783203125 nan nan 432.08990478515625 nan nan nan nan nan nan nan 279.82183837890625 272.833221435546875 286.28546142578125 298.701629638671875 308.944061279296875 329.554931640625 nan nan nan
nan 357.858612060546875 nan 362.493072509765625 348.2249755859375 nan 343.687255859375 350.956573486328125 361.33233642578125 359.490997314453125 nan nan nan nan 362.81817626953125 341.963134765625 362.87762451171875 nan nan nan nan nan nan nan 489.606536865234375 nan nan nan nan nan nan 506.92510986328125 463.361572265625 476.26837158203125 nan 486.017608642578125 nan nan nan nan nan nan 390.7508544921875 352.368438720703125 337.574737548828125 324.608734130859375 335.9407958984375 nan nan 417.82159423828125 421.07916259765625 398.6124267578125 nan nan nan nan nan nan nan 274.0924072265625 281.244964599609375 298.7266845703125 327.976165771484375 383.8404541015625 442.6461181640625 nan
nan 320.8458251953125 nan nan nan nan nan nan nan nan nan 356.406280517578125 nan nan nan 356.013214111328125 416.720733642578125 nan nan nan nan nan nan nan nan nan nan nan nan nan nan 493.450958251953125 484.11077880859375 471.62060546875 nan nan nan nan nan 445.430145263671875 433.059661865234375 416.391845703125 365.640350341796875 329.206451416015625 300.755645751953125 302.275970458984375 328.03118896484375 347.57196044921875 336.45489501953125 345.803985595703125 380.534088134765625 nan nan nan 412.326202392578125 nan 287.066314697265625 281.37744140625 nan 289.287994384765625 283.7276611328125 nan 315.9425048828125 346.481689453125 nan nan
nan nan nan nan nan 314.5902099609375 325.287109375 nan 312.740203857421875 nan nan nan nan 324.86895751953125 361.217620849609375 399.179534912109375 nan 454.659942626953125 469.39459228515625 477.53521728515625 475.082366943359375 494.51495361328125 506.221405029296875 nan nan nan 518.00030517578125 nan nan nan nan 529.8223876953125 nan nan 476.153289794921875 490.00787353515625 nan 403.779876708984375 393.748779296875 376.507904052734375 352.689453125 338.327484130859375 nan 323.102386474609375 320.68212890625 nan 294.41180419921875 308.08428955078125 316.65606689453125 313.936553955078125 311.556640625 308.005767822265625 nan nan 380.23095703125 327.706146240234375 293.627685546875 292.774505615234375 304.675872802734375 310.561737060546875 302.826324462890625 303.1495361328125 314.03277587890625 331.97540283203125 nan nan
221.66058349609375 nan 274.52655029296875 284.49554443359375 280.255523681640625 287.581695556640625 nan 293.61810302734375 297.20648193359375 310.925079345703125 330.453887939453125 357.539398193359375 nan nan 357.1898193359375 nan nan nan nan nan 429.516204833984375 nan 441.059600830078125 452.144378662109375 455.592376708984375 465.882080078125 469.676361083984375 477.2734375 nan 502.19134521484375 524.6475830078125 490.369842529296875 475.951141357421875 474.9039306640625 482.137481689453125 491.81512451171875 473.064605712890625 nan 374.66943359375 346.098052978515625 342.042572021484375 347.91510009765625 340.92120361328125 330.06396484375 327.561431884765625 nan 298.8209228515625 304.913604736328125 309.226593017578125 300.09906005859375 295.56121826171875 302.403411865234375 315.24188232421875 nan 319.55499267578125 302.432891845703125 299.538909912109375 307.230010986328125 320.733062744140625 321.718963623046875 329.035125732421875 329.26995849609375 334.2550048828125 357.38043212890625 370.177703857421875 nan
183.641448974609375 210.436614990234375 222.479644775390625 nan 259.52655029296875 270.781951904296875 278.6558837890625 274.835357666015625 277.04229736328125 272.408905029296875 270.650726318359375 303.436431884765625 324.96923828125 309.854644775390625 318.988525390625 363.9117431640625 nan 412.5439453125 412.361846923828125 nan 423.37506103515625 nan 425.652313232421875 428.89935302734375 433.505828857421875 433.66845703125 441.105010986328125 nan 466.712554931640625 479.92620849609375 487.45538330078125 nan 447.083953857421875 nan 437.5814208984375 430.124298095703125 nan 397.804901123046875 358.5120849609375 355.026763916015625 349.1275634765625 342.07769775390625 341.306488037109375 341.51422119140625 330.77288818359375 333.883636474609375 328.48388671875 325.24578857421875 316.5684814453125 nan 315.612213134765625 309.928375244140625 316.723236083984375 339.33245849609375 360.417205810546875 364.12628173828125 nan 353.783721923828125 359.56884765625 372.2506103515625 365.641448974609375 383.1080322265625 427.589263916015625 468.461151123046875 nan nan
244.842864990234375 225.7078399658203125 210.70306396484375 224.8979644775390625 240.99822998046875 260.3182373046875 254.238983154296875 264.58685302734375 266.89849853515625 272.39093017578125 269.81378173828125 268.76873779296875 286.95587158203125 295.10430908203125 nan 342.17987060546875 386.59356689453125 392.41961669921875 nan 411.185546875 420.3203125 427.34710693359375 nan 433.4033203125 404.49298095703125 405.060394287109375 422.895263671875 431.408203125 427.457427978515625 423.684539794921875 423.955291748046875 424.771697998046875 nan 425.695892333984375 nan nan 405.106353759765625 376.78570556640625 350.121612548828125 362.48858642578125 nan 358.170074462890625 346.47998046875 338.493011474609375 339.63641357421875 339.328033447265625 331.368621826171875 327.714385986328125 326.507598876953125 333.13494873046875 338.595123291015625 337.59954833984375 366.776123046875 393.50927734375 409.639801025390625 nan nan nan nan nan 431.525634765625 nan nan nan nan nan
nan 214.6769561767578125 204.982208251953125 213.8404998779296875 210.97406005859375 237.18096923828125 nan nan nan nan 269.9405517578125 273.2069091796875 284.74761962890625 295.77679443359375 316.60516357421875 335.4293212890625 356.5009765625 372.1600341796875 406.9661865234375 405.77679443359375 404.425201416015625 395.936187744140625 390.939971923828125 405.42864990234375 390.69049072265625 383.55328369140625 389.59210205078125 391.244903564453125 401.761993408203125 410.47943115234375 nan 434.24139404296875 445.83135986328125 nan 456.091644287109375 456.361968994140625 464.714263916015625 430.105438232421875 404.86956787109375 411.411285400390625 411.39581298828125 391.48492431640625 402.40203857421875 397.197021484375 372.093231201171875 368.727508544921875 361.6199951171875 356.0953369140625 nan nan 384.262054443359375 407.181243896484375 459.1165771484375 509.3504638671875 527.99847412109375 nan 766.1710205078125 nan 439.3238525390625 nan 479.47967529296875 nan nan nan nan nan
266.68682861328125 nan 248.4565887451171875 231.4288177490234375 211.487579345703125 nan 241.2045440673828125 nan nan nan 278.512786865234375 281.363922119140625 281.42999267578125 287.8653564453125 309.964141845703125 335.839141845703125 nan 362.91558837890625 377.4749755859375 379.63275146484375 nan 371.49395751953125 372.958343505859375 376.993865966796875 nan 379.197509765625 380.07232666015625 nan 402.793792724609375 438.990234375 nan nan 497.05096435546875 522.3040771484375 523.2657470703125 nan 548.88458251953125 546.758544921875 477.458770751953125 429.30914306640625 406.98382568359375 408.161651611328125 nan 438.6090087890625 458.2293701171875 458.769866943359375 420.307830810546875 415.71197509765625 423.020477294921875 429.118377685546875 449.231658935546875 468.1778564453125 nan nan nan nan 771.536865234375 730.40521240234375 482.809783935546875 402.131195068359375 nan nan nan nan nan nan
289.48931884765625 nan 278.29229736328125 nan nan 231.81378173828125 nan 241.711029052734375 nan 259.70355224609375 274.788330078125 279.15313720703125 280.2130126953125 284.1068115234375 297.36083984375 312.449615478515625 330.088470458984375 333.271728515625 339.17889404296875 336.096282958984375 346.550933837890625 360.452850341796875 366.572296142578125 372.98492431640625 378.771240234375 nan 378.822967529296875 405.224090576171875 430.953460693359375 482.24151611328125 nan 462.038055419921875 483.33294677734375 546.39154052734375 591.08123779296875 588.341796875 579.61822509765625 592.04473876953125 587.41192626953125 550.76568603515625 nan 546.2095947265625 551.42498779296875 538.19915771484375 508.970184326171875 474.816192626953125 458.5523681640625 453.973907470703125 466.8692626953125 481.30487060546875 499.11614990234375 512.41400146484375 529.0341796875 nan nan nan 785.80621337890625 703.7178955078125 525.93731689453125 439.18359375 434.67218017578125 434.98883056640625 445.602294921875 nan nan nan
337.758087158203125 338.181549072265625 306.958648681640625 278.62628173828125 250.4405364990234375 233.751220703125 240.9992218017578125 256.05279541015625 245.9230499267578125 nan 257.76165771484375 nan 262.77117919921875 281.01025390625 nan 327.445281982421875 328.741607666015625 329.538330078125 nan 336.2667236328125 349.321533203125 354.5830078125 390.03125 396.5416259765625 372.716949462890625 367.118377685546875 389.67095947265625 427.153411865234375 nan 477.10894775390625 510.54461669921875 539.921630859375 nan 521.33062744140625 572.7811279296875 nan 606.5283203125 nan 647.65289306640625 644.54949951171875 658.025146484375 701.500732421875 671.29571533203125 nan 606.52294921875 550.484375 556.90576171875 570.76318359375 526.196044921875 nan 532.54376220703125 538.6712646484375 nan nan nan nan 814.15386962890625 764.3363037109375 nan 537.65576171875 511.04071044921875 498.122711181640625 529.44384765625 577.646728515625 641.7904052734375 nan
nan nan 297.254638671875 nan nan nan nan nan nan 262.55548095703125 270.54644775390625 286.3121337890625 294.232696533203125 303.7320556640625 nan 360.197662353515625 nan 353.859893798828125 362.601898193359375 384.102813720703125 365.77655029296875 371.28240966796875 389.137359619140625 380.433135986328125 368.66766357421875 381.93121337890625 nan nan 396.780364990234375 426.5228271484375 446.272491455078125 nan 533.10858154296875 534.5848388671875 593.99188232421875 617.2562255859375 626.94818115234375 660.09979248046875 705.09619140625 696.032470703125 702.0484619140625 735.55914306640625 743.0704345703125 739.096435546875 nan 665.2733154296875 nan 756.7208251953125 nan nan nan nan nan nan 850.025634765625 nan nan 759.65081787109375 742.443359375 nan nan nan nan 799.89996337890625 805.03131103515625 770.07952880859375
442.247283935546875 422.2950439453125 363.9857177734375 368.44769287109375 324.972625732421875 nan 305.491180419921875 290.58123779296875 nan 316.687408447265625 nan 329.037109375 nan 345.403106689453125 338.90533447265625 354.27703857421875 379.32659912109375 369.2843017578125 392.458282470703125 389.679962158203125 372.630340576171875 373.3133544921875 371.17901611328125 386.60760498046875 nan nan 378.96697998046875 370.033905029296875 380.6695556640625 400.693450927734375 389.707977294921875 nan 468.2530517578125 563.3369140625 625.64404296875 659.14239501953125 646.61187744140625 nan nan 724.44354248046875 732.47515869140625 747.1202392578125 772.54156494140625 714.5313720703125 597.4188232421875 556.41845703125 558.84844970703125 nan nan nan nan nan nan nan nan nan nan 752.80938720703125 nan nan nan nan nan nan nan nan
462.788726806640625 464.228179931640625 410.178619384765625 nan 367.94036865234375 nan nan nan 353.313934326171875 nan 381.45440673828125 387.790618896484375 399.112060546875 401.133056640625 nan 392.3961181640625 401.875274658203125 nan nan 401.37957763671875 377.038177490234375 370.376739501953125 nan 432.14581298828125 436.437408447265625 nan 398.48809814453125 386.562744140625 392.2330322265625 396.743377685546875 398.770599365234375 nan nan nan 517.29071044921875 597.61566162109375 634.95166015625 675.1142578125 nan 707.29046630859375 741.7607421875 nan 797.91387939453125 nan nan nan nan nan nan nan nan nan nan nan nan nan nan nan nan nan nan 790.88214111328125 780.40582275390625 744.86322021484375 nan nan
399.3331298828125 404.265777587890625 nan 324.74163818359375 nan 325.41693115234375 nan 337.2803955078125 nan 408.510101318359375 419.889862060546875 428.13897705078125 nan 432.992828369140625 430.250152587890625 426.16363525390625 nan 437.704437255859375 436.8623046875 420.00213623046875 401.696136474609375 nan nan nan nan 423.67724609375 435.37646484375 nan nan 404.2822265625 391.924224853515625 401.1988525390625 nan 435.13360595703125 473.653167724609375 518.86627197265625 537.54779052734375 621.23004150390625 nan 690.20159912109375 721.7752685546875 786.41497802734375 nan nan nan nan nan nan nan nan nan nan nan nan nan nan nan nan nan nan nan 809.56866455078125 nan nan nan nan
nan nan nan nan 294.12493896484375 nan 301.908355712890625 318.360809326171875 nan 331.86993408203125 359.249847412109375 384.0198974609375 410.663818359375 445.08428955078125 nan nan 421.059326171875 415.230194091796875 409.0235595703125 411.39788818359375 398.71051025390625 430.26611328125 nan nan 377.314605712890625 408.7373046875 410.72332763671875 420.584228515625 426.609344482421875 421.327423095703125 396.764495849609375 391.761444091796875 nan 437.819549560546875 446.87493896484375 473.231903076171875 505.018096923828125 588.13922119140625 nan 738.853271484375 nan nan nan nan nan nan nan nan nan nan nan nan nan nan nan nan nan nan nan nan nan nan nan nan nan nan
nan 349.235382080078125 310.133941650390625 264.64691162109375 263.739776611328125 nan nan 301.23712158203125 300.123016357421875 303.653656005859375 335.830230712890625 nan 373.34161376953125 nan 413.511260986328125 nan 412.0771484375 401.7205810546875 435.17071533203125 nan 462.41400146484375 439.45245361328125 385.626220703125 364.492156982421875 403.37493896484375 393.90185546875 386.134063720703125 nan nan nan 362.83001708984375 398.684356689453125 nan nan 466.93292236328125 479.4267578125 501.40838623046875 550.25244140625 nan nan nan nan nan nan nan nan nan nan nan nan nan nan nan nan nan nan nan nan nan nan nan nan nan nan nan nan
