rasters/edaphic_/nitrogen.asc
ncols        720
nrows        300
xllcorner    -180.000000000000
yllcorner    -60.000000000000
cellsize     0.500000000000
NODATA_value  nan
[rows 29 to 57 of 300, columns 330 to 395 of 720]
nan nan nan nan nan nan nan nan nan nan nan nan nan nan nan nan nan nan nan nan nan nan nan nan nan nan nan nan nan nan nan nan nan nan nan nan nan nan nan nan nan nan nan nan nan nan nan nan nan nan nan nan nan nan nan nan nan nan nan nan nan nan nan nan nan nan
nan nan nan nan nan nan nan nan nan nan nan nan nan nan nan nan nan nan nan nan nan nan nan nan nan nan nan nan nan nan nan nan nan nan nan nan nan nan nan nan nan nan nan nan nan nan nan nan nan nan nan nan nan nan nan nan nan nan nan nan nan nan nan nan nan nan
nan nan nan nan nan nan nan nan nan nan nan nan nan nan nan nan nan nan nan nan nan nan nan nan nan nan nan nan nan nan nan nan nan nan nan nan nan nan nan nan nan nan nan nan nan nan nan nan nan nan nan nan nan nan nan nan nan nan nan nan nan nan nan nan nan nan
nan nan nan nan nan nan nan nan nan nan nan nan nan nan nan nan nan nan nan nan nan nan nan nan nan nan nan nan nan nan nan nan nan nan nan nan nan nan nan nan nan nan nan nan nan nan nan nan nan nan nan nan nan nan nan nan nan nan nan nan nan nan nan nan nan nan
nan nan nan nan nan nan nan nan nan nan nan nan nan nan nan nan nan nan nan nan nan nan nan nan nan nan nan nan nan nan nan nan nan nan nan nan nan nan nan nan nan nan nan nan nan nan nan nan nan nan nan nan nan nan nan nan nan nan nan nan nan nan nan nan nan nan
nan nan nan nan nan nan nan nan nan nan nan nan nan nan nan nan nan nan nan nan nan nan nan nan nan nan nan nan nan nan nan nan nan nan nan nan nan nan nan nan nan nan nan nan nan nan nan nan nan nan nan nan nan nan nan nan nan nan nan nan nan nan nan nan nan nan
nan nan nan nan nan nan nan nan nan nan nan nan nan nan nan nan nan nan nan nan nan nan nan nan nan nan nan nan nan nan nan nan nan nan nan nan nan nan nan nan nan nan nan nan nan nan nan nan nan nan nan nan nan nan nan nan nan nan nan nan nan nan nan nan nan nan
nan nan nan nan nan nan nan nan nan nan nan nan nan nan nan nan nan nan nan nan nan nan nan nan nan nan nan nan nan nan nan nan nan nan nan nan nan nan nan nan nan nan nan nan nan nan nan nan nan nan nan nan nan nan nan nan nan nan nan nan nan nan nan nan nan nan
nan nan nan nan nan nan nan nan nan nan nan nan nan nan nan nan nan nan nan nan nan nan nan nan nan nan nan nan nan nan nan nan nan nan nan nan nan nan nan nan nan nan nan nan nan nan nan nan nan nan nan nan nan nan nan nan nan nan nan nan nan nan nan nan nan nan
nan nan nan nan nan nan nan nan nan nan nan nan nan nan nan nan nan nan nan nan nan nan nan nan nan nan nan nan nan nan nan nan nan nan nan nan nan nan nan nan nan nan nan nan nan nan nan nan nan nan nan nan nan nan nan nan nan nan nan nan nan nan nan nan nan nan
nan nan nan nan nan nan nan nan nan nan nan nan nan nan nan nan nan nan nan nan nan nan nan nan nan nan nan nan nan nan nan nan nan nan nan nan nan nan nan nan nan nan nan nan nan nan nan nan nan nan nan nan nan nan nan nan nan nan nan nan nan nan nan nan nan nan
nan nan nan nan nan nan nan nan nan nan nan nan nan nan nan nan nan nan nan nan nan nan nan nan nan nan nan nan nan nan nan nan nan nan nan nan nan nan nan nan nan nan nan nan nan nan nan nan nan nan nan nan nan nan nan nan nan nan nan nan nan nan nan nan nan nan
nan nan nan nan nan nan nan nan nan nan nan nan nan nan nan nan nan nan nan nan nan nan nan nan nan nan nan nan nan nan nan nan nan nan nan nan nan nan nan nan nan nan nan nan nan nan nan nan nan nan nan nan nan nan nan nan nan nan nan nan nan nan nan nan 593.34771728515625 554.73028564453125
nan nan nan nan nan nan nan nan nan nan nan nan nan nan nan nan nan nan nan nan nan nan nan nan nan nan nan nan nan nan nan nan nan nan nan nan nan nan nan nan nan nan nan nan nan nan nan nan nan nan nan nan nan nan nan nan nan nan nan nan 938.04681396484375 934.40704345703125 nan nan nan 517.05133056640625
nan nan nan nan nan nan nan nan nan nan nan nan nan nan nan nan nan nan nan nan nan nan nan nan nan nan nan nan nan nan nan nan nan nan nan nan nan nan nan nan nan nan nan nan nan nan nan nan nan nan nan nan nan nan nan nan nan nan nan nan nan nan nan 616.31365966796875 nan 474.743438720703125
nan nan nan nan nan nan nan nan nan nan nan nan nan nan nan nan nan nan nan nan nan nan nan nan nan nan nan nan nan nan nan nan nan nan nan nan nan nan nan nan nan nan nan nan nan nan nan nan nan nan nan nan nan nan nan nan nan nan nan nan 751.78082275390625 676.03448486328125 543.21173095703125 470.12646484375 nan nan
nan nan nan nan nan nan nan nan nan nan nan nan nan nan nan nan nan nan nan nan nan nan nan nan nan nan nan nan nan nan nan nan nan nan nan nan nan nan nan nan nan nan nan nan nan nan nan nan nan nan nan nan nan nan nan nan nan nan nan nan nan 541.4317626953125 453.6947021484375 447.455047607421875 449.860687255859375 461.89349365234375
nan nan nan nan nan nan nan nan nan nan nan nan nan nan nan nan nan nan nan nan nan nan nan nan nan nan nan nan nan nan nan nan nan nan nan nan nan nan nan nan nan nan nan nan nan nan nan nan nan nan nan nan nan nan nan nan nan 1015.89483642578125 878.04180908203125 632.60150146484375 501.12542724609375 456.153717041015625 450.180908203125 458.035400390625 456.3499755859375 427.855255126953125
nan nan nan nan nan nan nan nan nan nan nan nan nan nan nan nan nan nan nan nan nan nan nan nan nan nan nan nan nan nan nan nan nan nan nan nan nan nan nan nan nan nan nan nan nan nan nan nan nan nan nan nan nan nan nan 914.55914306640625 948.84686279296875 894.15325927734375 746.60101318359375 571.14990234375 492.92926025390625 466.12359619140625 463.3072509765625 459.41387939453125 437.901458740234375 413.41375732421875
nan nan nan nan nan nan nan nan nan nan nan nan nan nan nan nan nan nan nan nan nan nan nan nan nan nan nan nan nan nan nan nan nan nan nan nan nan nan nan nan nan nan nan nan nan nan nan nan nan nan nan nan nan nan nan nan 899.79156494140625 730.2061767578125 577.059326171875 519.22998046875 472.930328369140625 458.842681884765625 438.33978271484375 424.347900390625 412.9765625 402.185821533203125
597.1884765625 805.53497314453125 1030.0994873046875 nan nan nan nan nan nan nan nan nan nan nan nan nan nan nan nan nan nan nan nan nan nan nan nan nan nan nan nan nan nan nan nan nan nan nan nan nan nan nan nan nan nan nan nan nan nan nan nan nan nan nan 902.17413330078125 928.9886474609375 793.27752685546875 634.52374267578125 546.72772216796875 496.5914306640625 468.213134765625 453.759246826171875 432.79150390625 nan 405.69378662109375 395.92742919921875
971.8150634765625 991.12445068359375 nan nan nan nan nan nan nan nan nan nan nan nan nan nan nan nan nan nan nan nan nan nan nan nan nan nan nan nan nan nan nan nan nan nan nan nan nan nan nan nan nan nan nan nan nan nan nan nan nan nan nan nan 850.334716796875 780.04937744140625 657.8818359375 530.25323486328125 501.525543212890625 487.016265869140625 449.933990478515625 421.133148193359375 414.91009521484375 405.702392578125 408.218780517578125 432.23504638671875
nan nan nan nan nan nan nan nan nan nan nan nan nan nan nan nan nan nan nan nan nan nan nan nan nan nan nan nan nan nan nan nan nan nan nan nan nan nan nan nan nan nan nan nan nan nan nan nan nan nan nan 890.883056640625 788.67816162109375 699.61407470703125 649.4600830078125 584.34259033203125 537.20709228515625 470.57421875 444.3594970703125 436.62310791015625 384.4267578125 356.856048583984375 371.953216552734375 395.942413330078125 352.607269287109375 372.444244384765625
nan nan nan nan nan nan nan nan nan nan nan nan nan nan nan nan nan nan nan nan nan nan nan nan nan nan nan nan nan nan nan nan nan nan nan nan nan nan nan nan nan nan nan nan nan nan nan 637.54486083984375 nan 719.98712158203125 nan 781.4248046875 nan 574.7767333984375 522.5579833984375 492.040313720703125 439.204681396484375 418.604644775390625 380.0716552734375 nan 366.057281494140625 339.37945556640625 328.592987060546875 333.324981689453125 327.022247314453125 335.36273193359375
nan nan nan nan nan nan nan nan nan nan nan nan nan nan nan nan nan nan nan nan nan nan nan nan nan nan nan nan nan nan nan nan nan nan nan nan nan nan nan nan nan nan nan nan nan nan 841.3677978515625 814.9171142578125 729.7342529296875 598.997802734375 492.530731201171875 471.28546142578125 520.9383544921875 530.3807373046875 478.6314697265625 412.6248779296875 386.25787353515625 374.0517578125 nan 351.308380126953125 327.6168212890625 321.0018310546875 319.936004638671875 305.901947021484375 316.265838623046875 nan
nan nan nan nan nan nan nan nan nan nan nan nan nan nan nan nan nan nan nan nan nan nan nan nan nan nan nan nan nan nan nan nan nan nan nan nan nan nan nan nan nan nan nan nan 990.01123046875 913.67645263671875 742.3819580078125 662.048095703125 568.603515625 454.592620849609375 405.895721435546875 422.984344482421875 426.87347412109375 452.1458740234375 453.850006103515625 397.88055419921875 371.886138916015625 375.5694580078125 354.970123291015625 333.779541015625 314.36474609375 314.8780517578125 312.564117431640625 319.957000732421875 nan 389.296875
nan nan nan nan nan nan nan nan nan nan nan nan nan nan nan nan nan nan nan nan nan nan nan nan nan nan nan nan nan nan nan nan nan nan nan nan nan nan nan nan nan 1035.7978515625 1072.07177734375 1044.979736328125 nan 764.36419677734375 597.772216796875 nan nan 428.23980712890625 394.922210693359375 380.707061767578125 383.36810302734375 388.663421630859375 397.65875244140625 363.0001220703125 361.551513671875 347.8182373046875 338.3145751953125 324.729888916015625 305.311126708984375 311.214141845703125 324.619873046875 339.429473876953125 371.654998779296875 nan
nan nan nan nan nan nan nan nan nan nan nan nan nan nan nan nan nan nan nan nan nan nan nan nan nan nan nan nan nan nan nan nan nan nan nan nan nan nan nan nan 1005.3267822265625 977.9627685546875 965.34246826171875 nan nan 692.59326171875 565.96771240234375 464.253021240234375 406.670440673828125 418.47821044921875 401.8873291015625 388.32452392578125 375.106109619140625 390.3798828125 412.300445556640625 382.247039794921875 356.00457763671875 360.886932373046875 367.978607177734375 344.8275146484375 nan 312.165313720703125 324.107696533203125 355.398223876953125 410.118865966796875 nan
nan nan nan nan nan nan nan nan nan nan nan nan nan nan nan nan nan nan nan nan nan nan nan nan nan nan nan nan nan nan nan nan nan nan nan nan nan nan nan nan nan 878.95721435546875 882.93304443359375 820.8017578125 663.41241455078125 580.7855224609375 nan 439.4677734375 404.4794921875 411.933746337890625 379.553985595703125 380.37945556640625 355.9454345703125 358.604644775390625 388.266265869140625 395.946258544921875 373.78936767578125 nan 353.476318359375 339.1944580078125 316.954437255859375 316.7041015625 321.076019287109375 363.760162353515625 nan nan
