rasters/edaphic_/nitrogen.asc
ncols        720
nrows        300
xllcorner    -180.000000000000
yllcorner    -60.000000000000
cellsize     0.500000000000
NODATA_value  nan
[rows 87 to 115 of 300, columns 198 to 263 of 720]
352.738739013671875 347.265289306640625 nan 280.709808349609375 247.67803955078125 241.1125640869140625 270.57098388671875 280.48687744140625 303.16058349609375 310.58892822265625 303.372589111328125 294.94525146484375 288.394866943359375 307.023956298828125 308.77471923828125 334.157501220703125 nan 364.677398681640625 300.706024169921875 314.943634033203125 335.21783447265625 372.469757080078125 365.452239990234375 333.627899169921875 321.108367919921875 299.39794921875 284.84295654296875 272.202056884765625 228.3927001953125 183.487945556640625 178.7200164794921875 166.122894287109375 165.3515472412109375 nan nan 190.4911041259765625 186.20050048828125 nan nan 218.3080902099609375 225.5718536376953125 225.7776031494140625 nan nan nan nan nan nan nan nan nan nan nan nan nan nan nan nan nan nan nan nan nan nan nan nan
nan 363.515655517578125 333.92462158203125 331.14935302734375 321.987701416015625 283.249420166015625 310.398590087890625 369.17999267578125 388.65557861328125 376.017822265625 354.358551025390625 335.2159423828125 320.583770751953125 323.20684814453125 395.89117431640625 576.17041015625 509.048980712890625 343.28118896484375 319.984588623046875 350.47698974609375 360.505828857421875 361.960540771484375 nan 349.77703857421875 329.660125732421875 308.490234375 281.240447998046875 251.1328887939453125 230.139923095703125 218.5393218994140625 217.0727691650390625 206.969451904296875 195.17572021484375 183.11187744140625 177.2160186767578125 nan 156.881591796875 nan nan 203.0722198486328125 219.1998291015625 221.5545654296875 nan nan nan nan nan nan nan nan nan nan nan nan nan nan nan nan nan nan nan nan nan nan nan nan
nan nan 316.820831298828125 318.675537109375 329.703125 332.339263916015625 381.009002685546875 411.243743896484375 423.484283447265625 479.698333740234375 569.01287841796875 514.951171875 467.311126708984375 nan 561.82342529296875 586.8209228515625 385.179412841796875 327.063079833984375 333.66961669921875 394.103729248046875 440.563018798828125 nan 357.59271240234375 338.41448974609375 325.7567138671875 313.44866943359375 295.06292724609375 255.983184814453125 253.168609619140625 244.6233062744140625 nan nan nan nan 169.430145263671875 162.7483673095703125 166.2965087890625 181.7849578857421875 196.3054962158203125 nan nan nan nan nan nan nan nan nan nan nan nan nan nan nan nan nan nan nan nan nan nan nan nan nan nan nan
nan nan nan 335.743133544921875 347.39642333984375 359.051025390625 379.89971923828125 349.9771728515625 381.59857177734375 449.803955078125 458.756744384765625 389.22186279296875 339.85284423828125 328.823089599609375 319.838104248046875 nan 322.941162109375 344.723052978515625 373.953094482421875 395.803863525390625 401.902252197265625 373.654327392578125 315.76959228515625 296.63299560546875 289.32464599609375 281.8128662109375 270.101837158203125 258.557373046875 nan nan nan 175.114654541015625 169.494598388671875 177.4684295654296875 175.6550140380859375 nan nan nan nan nan nan nan nan nan nan nan nan nan nan nan nan nan nan nan nan nan nan nan nan nan nan nan nan nan nan nan
317.7569580078125 327.3680419921875 311.20751953125 313.350433349609375 328.12835693359375 347.907684326171875 336.92877197265625 356.77728271484375 373.983062744140625 nan 328.84112548828125 326.041412353515625 313.4813232421875 nan 371.5357666015625 278.3028564453125 317.43524169921875 320.56964111328125 371.9149169921875 458.141204833984375 371.728485107421875 321.753509521484375 295.791839599609375 269.25250244140625 280.406463623046875 nan nan nan nan nan 192.395111083984375 182.115966796875 191.267608642578125 nan nan nan nan nan nan nan nan nan nan nan nan nan nan nan nan nan nan nan nan nan nan nan nan nan nan nan nan nan nan nan nan nan
358.102630615234375 288.261138916015625 nan nan nan nan nan nan nan nan 334.42376708984375 351.3243408203125 333.7430419921875 362.69927978515625 336.364715576171875 285.544189453125 342.0311279296875 326.29302978515625 369.571563720703125 392.09417724609375 311.61663818359375 288.403106689453125 318.368927001953125 nan nan nan nan nan nan nan 239.804595947265625 nan nan nan nan nan nan nan nan nan nan nan nan nan nan nan nan nan nan nan nan nan nan nan nan nan nan nan nan nan nan nan nan nan nan nan
347.36102294921875 311.593994140625 nan nan 313.9742431640625 314.53729248046875 310.042633056640625 278.2530517578125 285.21795654296875 313.78131103515625 334.712188720703125 345.903411865234375 337.05938720703125 345.31866455078125 296.8690185546875 340.2813720703125 455.600372314453125 389.32403564453125 350.559539794921875 327.2535400390625 308.611602783203125 nan nan nan nan nan nan nan nan nan nan nan nan nan nan nan nan nan nan nan nan nan nan nan nan nan nan nan nan nan nan nan nan nan nan nan nan nan nan nan nan nan nan nan nan nan
350.612762451171875 nan nan nan 299.951263427734375 279.21148681640625 253.3352813720703125 243.596527099609375 nan 263.1297607421875 278.911773681640625 282.0009765625 271.87091064453125 262.5867919921875 nan 401.715606689453125 482.45672607421875 430.82220458984375 421.669036865234375 nan nan nan nan nan nan nan nan nan nan nan nan nan nan nan nan nan nan nan nan nan nan nan nan nan nan nan nan nan nan nan nan nan nan nan nan nan nan nan nan nan nan nan nan nan nan nan
nan nan 281.15753173828125 302.63018798828125 293.33074951171875 253.9768829345703125 238.271636962890625 239.23431396484375 230.814422607421875 239.03436279296875 255.3341522216796875 272.6943359375 311.798095703125 347.17138671875 313.70751953125 465.304473876953125 439.66790771484375 387.890838623046875 451.21270751953125 498.82574462890625 nan nan nan nan nan nan nan nan nan nan nan nan nan nan nan nan nan nan nan nan nan nan nan nan nan nan nan nan nan nan nan nan nan nan nan nan nan nan nan nan nan nan nan nan nan nan
253.0768890380859375 246.764739990234375 272.1124267578125 280.491424560546875 269.684234619140625 255.28826904296875 249.2777862548828125 241.329193115234375 232.9488983154296875 228.959869384765625 245.48834228515625 286.127349853515625 364.95556640625 403.619415283203125 409.083770751953125 444.15411376953125 401.067535400390625 447.917694091796875 504.63714599609375 574.633544921875 462.969451904296875 nan nan nan nan nan nan nan nan nan nan nan nan nan nan nan nan nan nan nan nan nan nan nan nan nan nan nan nan nan nan nan nan nan nan nan nan nan nan nan nan nan nan nan nan nan
232.36279296875 213.330841064453125 230.652618408203125 230.3433685302734375 221.3497314453125 228.184844970703125 221.19970703125 219.8084716796875 224.1256866455078125 225.45147705078125 252.5892791748046875 299.715240478515625 381.72308349609375 485.138427734375 437.990509033203125 427.514251708984375 383.950897216796875 nan nan nan nan nan nan nan nan nan nan nan nan nan nan nan nan nan nan nan nan nan nan nan nan nan nan nan nan nan nan nan nan nan nan nan nan nan nan nan nan nan nan nan nan nan nan nan nan nan
201.6816558837890625 195.5886077880859375 192.7588043212890625 203.7685699462890625 222.7245330810546875 217.8473358154296875 213.3195343017578125 215.0035247802734375 216.8067169189453125 219.12548828125 236.5523223876953125 255.514404296875 292.489654541015625 nan 279.088958740234375 nan nan nan nan nan nan nan nan nan nan nan nan nan nan nan nan nan nan nan nan nan nan nan nan nan nan nan nan nan nan nan nan nan nan nan nan nan nan nan nan nan nan nan nan nan nan nan nan nan nan nan
194.1795196533203125 191.741729736328125 198.02178955078125 229.8866424560546875 245.2405242919921875 222.69024658203125 221.5875244140625 218.091827392578125 nan 187.65740966796875 185.49041748046875 nan nan 178.6565399169921875 nan nan nan nan nan nan nan nan nan nan nan nan nan nan nan nan nan nan nan nan nan nan nan nan nan nan nan nan nan nan nan nan nan nan nan nan nan nan nan nan nan nan nan nan nan nan nan nan nan nan nan nan
230.7383575439453125 225.99853515625 260.78619384765625 273.784759521484375 233.94232177734375 205.7802886962890625 190.2936859130859375 182.7176361083984375 173.4414520263671875 nan 190.4098358154296875 184.8391265869140625 174.885894775390625 nan nan nan nan nan nan nan nan nan nan nan nan nan nan nan nan nan nan nan nan nan nan nan nan nan nan nan nan nan nan nan nan nan nan nan nan nan nan nan nan nan nan nan nan nan nan nan nan nan nan nan nan nan
289.272491455078125 287.240142822265625 352.163970947265625 297.067901611328125 201.8680419921875 183.4950408935546875 164.5257415771484375 163.084014892578125 173.3057098388671875 nan 227.7012176513671875 nan 240.060150146484375 nan nan nan nan nan nan nan nan nan nan nan nan nan nan nan nan nan nan nan nan nan nan nan nan nan nan nan nan nan nan nan nan nan nan nan nan nan nan nan nan nan nan nan nan nan nan nan nan nan nan nan nan nan
277.333465576171875 379.006744384765625 417.140045166015625 266.556182861328125 194.299163818359375 180.861663818359375 155.1390380859375 158.534698486328125 157.0728912353515625 207.8097381591796875 182.697906494140625 174.660797119140625 nan nan nan nan nan nan nan nan nan nan nan nan nan nan nan nan nan nan nan nan nan nan nan nan nan nan nan nan nan nan nan nan nan nan nan nan nan nan nan nan nan nan nan nan nan nan nan nan nan nan nan nan nan nan
311.3980712890625 381.20587158203125 318.932342529296875 212.650177001953125 173.2777862548828125 151.076324462890625 135.37127685546875 143.143646240234375 nan nan 226.49444580078125 174.1514892578125 nan nan nan nan nan nan nan nan nan nan nan nan nan nan nan nan nan nan nan nan nan nan nan nan nan nan nan nan nan nan nan nan nan nan nan nan nan nan nan nan nan nan nan nan nan nan nan nan nan nan nan nan nan nan
247.2571563720703125 232.397064208984375 185.4727630615234375 153.1885528564453125 132.6606903076171875 121.7258453369140625 125.73212432861328125 139.677734375 156.4588470458984375 nan nan nan nan nan nan nan nan nan nan nan nan nan nan nan nan nan nan nan nan nan nan nan nan nan nan nan nan nan nan nan nan nan nan nan nan nan nan nan nan nan nan nan nan nan nan nan nan nan nan nan nan nan nan nan nan nan
191.5163726806640625 173.711883544921875 130.98712158203125 112.9676361083984375 108.3093109130859375 109.63446807861328125 116.3272857666015625 146.8157196044921875 nan nan nan nan nan nan nan nan nan nan nan nan nan nan nan nan nan nan nan nan nan nan nan nan nan nan nan nan nan nan nan nan nan nan nan nan nan nan nan nan nan nan nan nan nan nan nan nan nan nan nan nan nan nan nan nan nan nan
152.47894287109375 130.2151947021484375 103.1700286865234375 102.52443695068359375 105.41996002197265625 109.88869476318359375 112.174224853515625 137.2601776123046875 165.9234161376953125 229.5697174072265625 nan nan nan nan nan nan nan nan nan nan nan nan nan nan nan nan nan nan nan nan nan nan nan nan nan nan nan nan nan nan nan nan nan nan nan nan nan nan nan nan nan nan nan nan nan nan nan nan nan nan nan nan nan nan nan nan
112.29007720947265625 100.0970001220703125 94.49964141845703125 98.4182281494140625 100.33589935302734375 104.88231658935546875 125.04924774169921875 159.26312255859375 206.5025482177734375 263.043914794921875 nan nan nan nan nan nan nan nan nan nan nan nan nan nan nan nan nan nan nan nan nan nan nan nan nan nan nan nan nan nan nan nan nan nan nan nan nan nan nan nan nan nan nan nan nan nan nan nan nan nan nan nan nan nan nan nan
98.065399169921875 96.1941375732421875 94.6372833251953125 96.33591461181640625 104.64545440673828125 118.18994903564453125 151.045501708984375 188.913543701171875 272.94793701171875 407.00750732421875 432.752685546875 nan nan nan nan nan nan nan nan nan nan nan nan nan nan nan nan nan nan nan nan nan nan nan nan nan nan nan nan nan nan nan nan nan nan nan nan nan nan nan nan nan nan nan nan nan nan nan nan nan nan nan nan nan nan nan
99.63507843017578125 98.4296112060546875 96.1622161865234375 99.87114715576171875 121.8779449462890625 145.3301849365234375 176.76116943359375 227.0458526611328125 345.94561767578125 nan nan nan nan nan nan nan nan nan nan nan nan nan nan nan nan nan nan nan nan nan nan nan nan nan nan nan nan nan nan nan nan nan nan nan nan nan nan nan nan nan nan nan nan nan nan nan nan nan nan nan nan nan nan nan nan nan
98.40071868896484375 101.6667022705078125 123.20107269287109375 139.2513580322265625 172.8651275634765625 206.3101348876953125 248.477325439453125 295.60357666015625 414.23712158203125 nan nan nan nan nan nan nan nan nan nan nan nan nan nan nan nan nan nan nan nan nan nan nan nan nan nan nan nan nan nan nan nan nan nan nan nan nan nan nan nan nan nan nan nan nan nan nan nan nan nan nan nan nan nan nan nan nan
109.170989990234375 124.63610076904296875 173.269805908203125 185.254638671875 203.4560546875 279.408447265625 nan nan nan nan nan nan nan nan nan nan nan nan nan nan nan nan nan nan nan nan nan nan nan nan nan nan nan nan nan nan nan nan nan nan nan nan nan nan nan nan nan nan nan nan nan nan nan nan nan nan nan nan nan nan nan nan nan nan nan nan
153.3747100830078125 174.8254241943359375 194.870025634765625 247.5333251953125 291.60614013671875 nan nan nan nan nan nan nan nan nan nan nan nan nan nan nan nan nan nan nan nan nan nan nan nan nan nan nan nan nan nan nan nan nan nan nan nan nan nan nan nan nan nan nan nan nan nan nan nan nan nan nan nan nan nan nan nan nan nan nan nan nan
178.465423583984375 209.1368865966796875 270.378692626953125 nan nan nan nan nan nan nan nan nan nan nan nan nan nan nan nan nan nan nan nan nan nan nan nan nan nan nan nan nan nan nan nan nan nan nan nan nan nan nan nan nan nan nan nan nan nan nan nan nan nan nan nan nan nan nan nan nan nan nan nan nan nan nan
272.807708740234375 309.749908447265625 nan nan nan nan nan nan nan nan nan nan nan nan nan nan nan nan nan nan nan nan nan nan nan nan nan nan nan nan nan nan nan nan nan nan nan nan nan nan nan nan nan nan nan nan nan nan nan nan nan nan nan nan nan nan nan nan nan nan nan nan nan nan nan nan
nan nan nan nan nan nan nan nan nan nan nan nan nan nan nan nan nan nan nan nan nan nan nan nan nan nan nan nan nan nan nan nan nan nan nan nan nan nan nan nan nan nan nan nan nan nan nan nan nan nan nan nan nan nan nan nan nan nan nan nan nan nan nan nan nan nan
