rasters/edaphic_/nitrogen.asc
ncols        720
nrows        300
xllcorner    -180.000000000000
yllcorner    -60.000000000000
cellsize     0.500000000000
NODATA_value  nan
[rows 145 to 173 of 300, columns 462 to 527 of 720]
73.81403350830078125 74.72733306884765625 76.66542816162109375 85.782989501953125 88.63964080810546875 104.25681304931640625 104.715972900390625 140.9724884033203125 188.495574951171875 nan nan nan nan nan nan nan nan nan nan nan nan nan nan nan nan nan nan nan nan nan nan nan nan nan nan nan nan nan nan nan nan nan nan nan 214.871673583984375 166.321990966796875 103.81888580322265625 81.835235595703125 75.3024749755859375 73.0616302490234375 75.125457763671875 84.79590606689453125 89.896209716796875 84.98242950439453125 84.112823486328125 77.5750274658203125 74.748748779296875 80.921783447265625 94.7387237548828125 93.63407135009765625 104.533905029296875 115.8970184326171875 113.0185699462890625 nan nan nan
87.46678924560546875 94.77866363525390625 129.8830108642578125 133.3175811767578125 117.1274261474609375 nan nan nan nan nan nan nan nan nan nan nan nan nan nan nan nan nan nan nan nan nan nan nan nan nan nan nan nan nan nan nan nan nan nan nan nan nan nan nan nan 167.1859893798828125 112.2974395751953125 87.05638885498046875 79.606903076171875 76.6259918212890625 74.39095306396484375 76.83272552490234375 83.75269317626953125 88.74554443359375 83.33794403076171875 79.22405242919921875 79.00740814208984375 87.70442962646484375 92.2094573974609375 93.774871826171875 nan 114.91898345947265625 128.4795379638671875 nan nan nan
103.53212738037109375 163.2093353271484375 321.7423095703125 nan nan nan nan nan nan nan nan nan nan nan nan nan nan nan nan nan nan nan nan nan nan nan nan nan nan nan nan nan nan nan nan nan nan nan nan nan nan nan nan nan nan 172.1711273193359375 123.17696380615234375 87.61109161376953125 78.65796661376953125 78.107025146484375 76.28263092041015625 81.17525482177734375 85.97951507568359375 84.89898681640625 81.79283905029296875 95.80394744873046875 88.21204376220703125 91.59125518798828125 100.06683349609375 120.82064056396484375 nan nan nan nan nan nan
147.8896942138671875 268.785186767578125 nan nan nan nan nan nan nan nan nan nan nan nan nan nan nan nan nan nan nan nan nan nan nan nan nan nan nan nan nan nan nan nan nan nan nan nan nan nan nan nan nan nan nan 207.6743927001953125 172.209136962890625 101.72137451171875 82.30663299560546875 80.007781982421875 78.56708526611328125 86.70713043212890625 88.11946868896484375 85.17183685302734375 81.50310516357421875 121.11241912841796875 93.87282562255859375 95.45357513427734375 102.54448699951171875 nan nan nan nan nan nan nan
442.04296875 nan nan nan nan nan nan nan nan nan nan nan nan nan nan nan nan nan nan nan nan nan nan nan nan nan nan nan nan nan nan nan nan nan nan nan nan nan nan nan nan nan nan nan nan nan 205.004180908203125 134.598663330078125 83.6140594482421875 79.19441986083984375 nan 89.18479156494140625 88.14344024658203125 85.2102508544921875 84.68506622314453125 107.8107452392578125 107.169708251953125 107.33226776123046875 nan nan nan nan nan nan nan nan
nan nan nan nan nan nan nan nan nan nan nan nan nan nan nan nan nan nan nan nan nan nan nan nan nan nan nan nan nan nan nan nan nan nan nan nan nan nan nan nan nan nan nan nan nan nan 247.3934478759765625 186.5276641845703125 93.63669586181640625 81.6334075927734375 86.4659271240234375 88.96147918701171875 81.93814849853515625 82.45838165283203125 nan 97.54389190673828125 115.46756744384765625 120.48834228515625 nan nan nan nan nan nan nan nan
nan nan nan nan nan nan nan nan nan nan nan nan nan nan nan nan nan nan nan nan nan nan nan nan nan nan nan nan nan nan nan nan nan nan nan nan nan nan nan nan nan nan nan nan nan nan nan 194.256103515625 113.656524658203125 89.44109344482421875 87.08719635009765625 86.18961334228515625 83.516265869140625 84.08465576171875 88.3103179931640625 99.68831634521484375 123.83028411865234375 134.0632781982421875 nan nan nan nan nan nan nan nan
nan nan nan nan nan nan nan nan nan nan nan nan nan nan nan nan nan nan nan nan nan nan nan nan nan nan nan nan nan nan nan nan nan nan nan nan nan nan nan nan nan nan nan nan nan nan nan 198.902618408203125 172.975830078125 122.693756103515625 95.51114654541015625 91.69628143310546875 91.1238861083984375 90.463775634765625 86.29340362548828125 94.428253173828125 124.79367828369140625 135.7923126220703125 nan nan nan nan nan nan nan nan
nan nan nan nan nan nan nan nan nan nan nan nan nan nan nan nan nan nan nan nan nan nan nan nan nan nan nan nan nan nan nan nan nan nan nan nan nan nan nan nan nan nan nan nan nan nan nan 180.0081787109375 229.17559814453125 175.825775146484375 98.5332183837890625 90.10059356689453125 93.02490234375 88.93125152587890625 81.0590972900390625 97.398162841796875 111.1777496337890625 122.64594268798828125 146.176483154296875 nan nan nan nan nan nan nan
nan nan nan nan nan nan nan nan nan nan nan nan nan nan nan nan nan nan nan nan nan nan nan nan nan nan nan nan nan nan nan nan nan nan nan nan nan nan nan nan nan nan nan nan nan nan nan nan 201.88525390625 199.9043426513671875 111.88156890869140625 95.88132476806640625 102.57520294189453125 103.14508056640625 98.3284149169921875 117.030609130859375 113.4473419189453125 120.4462432861328125 nan nan nan nan nan nan nan nan
nan nan nan nan nan nan nan nan nan nan nan nan nan nan nan nan nan nan nan nan nan nan nan nan nan nan nan nan nan nan nan nan nan nan nan nan nan nan nan nan nan nan nan nan nan nan nan nan 232.6154022216796875 237.715667724609375 129.452301025390625 105.19594573974609375 124.3001708984375 134.7032012939453125 115.09323883056640625 119.71593475341796875 115.902862548828125 124.27323150634765625 nan nan nan nan nan nan nan nan
nan nan nan nan nan nan nan nan nan nan nan nan nan nan nan nan nan nan nan nan nan nan nan nan nan nan nan nan nan nan nan nan nan nan nan nan nan nan nan nan nan nan nan nan nan nan nan nan nan 278.313629150390625 199.5344696044921875 144.35205078125 157.10430908203125 132.5872344970703125 131.64385986328125 128.618408203125 117.87545013427734375 nan nan nan nan nan nan nan nan nan
nan nan nan nan nan nan nan nan nan nan nan nan nan nan nan nan nan nan nan nan nan nan nan nan nan nan nan nan nan nan nan nan nan nan nan nan nan nan nan nan nan nan nan nan nan nan nan nan nan nan 258.10455322265625 206.8150787353515625 111.7672271728515625 103.9235687255859375 120.1826171875 119.34575653076171875 127.27880859375 155.1197052001953125 nan nan nan nan nan nan nan nan
nan nan nan nan nan nan nan nan nan nan nan nan nan nan nan nan nan nan nan nan nan nan nan nan nan nan nan nan nan nan nan nan nan nan nan nan nan nan nan nan nan nan nan nan nan nan nan nan nan nan 197.9492645263671875 184.2273101806640625 98.34363555908203125 105.035125732421875 111.50742340087890625 112.66141510009765625 144.6056060791015625 195.1595306396484375 nan nan nan nan nan nan nan nan
nan nan nan nan nan nan nan nan nan nan nan nan nan nan nan nan nan nan nan nan nan nan nan nan nan nan nan nan nan nan nan nan nan nan nan nan nan nan nan nan nan nan nan nan nan nan nan nan nan nan 193.435699462890625 231.029632568359375 223.6511993408203125 154.8842315673828125 137.415496826171875 134.3497161865234375 164.9801025390625 nan nan nan nan nan nan nan nan nan
nan nan nan nan nan nan nan nan nan nan nan nan nan nan nan nan nan nan nan nan nan nan nan nan nan nan nan nan nan nan nan nan nan nan nan nan nan nan nan nan nan nan nan nan nan nan nan nan nan nan nan 226.04901123046875 221.4004974365234375 155.751556396484375 136.2838592529296875 147.5759124755859375 nan nan 310.153411865234375 nan nan nan nan nan nan nan
nan nan nan nan nan nan nan nan nan nan nan nan nan nan nan nan nan nan nan nan nan nan nan nan nan nan nan nan nan nan nan nan nan nan nan nan nan nan nan nan nan nan nan nan nan nan nan nan nan nan nan 203.5947723388671875 232.1454925537109375 162.6486968994140625 144.3031463623046875 157.545623779296875 nan nan 313.605865478515625 325.09735107421875 nan nan nan nan nan nan
nan nan nan nan nan nan nan nan nan nan nan nan nan nan nan nan nan nan nan nan nan nan nan nan nan nan nan nan nan nan nan nan nan nan nan nan nan nan nan nan nan nan nan nan nan nan nan nan nan nan nan 226.927825927734375 227.3793487548828125 151.740234375 nan nan nan nan 257.440887451171875 294.0008544921875 nan nan nan nan nan nan
nan nan nan nan nan nan nan nan nan nan nan nan nan nan nan nan nan nan nan nan nan nan nan nan nan nan nan nan nan nan nan nan nan nan nan nan nan nan nan nan nan nan nan nan nan nan nan nan nan nan nan nan 277.772857666015625 180.7549896240234375 nan nan nan nan 206.1190032958984375 224.9254150390625 298.220550537109375 nan nan nan nan nan
nan nan nan nan nan nan nan nan nan nan nan nan nan nan nan nan nan nan nan nan nan nan nan nan nan nan nan nan nan nan nan nan nan nan nan nan nan nan nan nan nan nan nan nan nan nan nan nan nan nan nan nan nan nan nan nan nan nan 228.3675994873046875 222.778289794921875 245.420684814453125 nan nan nan nan nan
nan nan nan nan nan nan nan nan nan nan nan nan nan nan nan nan nan nan nan nan nan nan nan nan nan nan nan nan nan nan nan nan nan nan nan nan nan nan nan nan nan nan nan nan nan nan nan nan nan nan nan nan nan nan nan nan nan nan 234.163238525390625 242.5159759521484375 232.4199371337890625 244.397003173828125 nan nan nan nan
nan nan nan nan nan nan nan nan nan nan nan nan nan nan nan nan nan nan nan nan nan nan nan nan nan nan nan nan nan nan nan nan nan nan nan nan nan nan nan nan nan nan nan nan nan nan nan nan nan nan nan nan nan nan nan nan nan nan 330.546051025390625 276.910797119140625 181.207550048828125 194.3721771240234375 nan nan nan nan
nan nan nan nan nan nan nan nan nan nan nan nan nan nan nan nan nan nan nan nan nan nan nan nan nan nan nan nan nan nan nan nan nan nan nan nan nan nan nan nan nan nan nan nan nan nan nan nan nan nan nan nan nan nan nan nan nan nan 322.025909423828125 255.931182861328125 197.4654541015625 nan nan nan nan nan
nan nan nan nan nan nan nan nan nan nan nan nan nan nan nan nan nan nan nan nan nan nan nan nan nan nan nan nan nan nan nan nan nan nan nan nan nan nan nan nan nan nan nan nan nan nan nan nan nan nan nan nan nan nan nan nan nan nan nan nan nan nan nan nan nan nan
nan nan nan nan nan nan nan nan nan nan nan nan nan nan nan nan nan nan nan nan nan nan nan nan nan nan nan nan nan nan nan nan nan nan nan nan nan nan nan nan nan nan nan nan nan nan nan nan nan nan nan nan nan nan nan nan nan nan nan nan nan nan nan nan nan nan
nan nan nan nan nan nan nan nan nan nan nan nan nan nan nan nan nan nan nan nan nan nan nan nan nan nan nan nan nan nan nan nan nan nan nan nan nan nan nan nan nan nan nan nan nan nan nan nan nan nan nan nan nan nan nan nan nan nan nan nan nan nan nan nan nan nan
nan nan nan nan nan nan nan nan nan nan nan nan nan nan nan nan nan nan nan nan nan nan nan nan nan nan nan nan nan nan nan nan nan nan nan nan nan nan nan nan nan nan nan nan nan nan nan nan nan nan nan nan nan nan nan nan nan nan nan nan nan nan nan nan nan nan
nan nan nan nan nan nan nan nan nan nan nan nan nan nan nan nan nan nan nan nan nan nan nan nan nan nan nan nan nan nan nan nan nan nan nan nan nan nan nan nan nan nan nan nan nan nan nan nan nan nan nan nan nan nan nan nan nan nan nan nan nan nan nan nan nan nan
nan nan nan nan nan nan nan nan nan nan nan nan nan nan nan nan nan nan nan nan nan nan nan nan nan nan nan nan nan nan nan nan nan nan nan nan nan nan nan nan nan nan nan nan nan nan nan nan nan nan nan nan nan nan nan nan nan nan nan nan nan nan nan nan nan nan
