rasters/edaphic_/ocd.asc
ncols        720
nrows        300
xllcorner    -180.000000000000
yllcorner    -60.000000000000
cellsize     0.500000000000
NODATA_value  nan
[rows 145 to 173 of 300, columns 132 to 197 of 720]
nan nan nan nan nan nan nan nan nan nan nan nan nan nan nan nan nan nan nan nan nan nan nan nan nan nan 175.140899658203125 185.1566619873046875 176.12933349609375 172.437835693359375 181.1831207275390625 179.08624267578125 176.963897705078125 167.0084381103515625 187.124298095703125 240.1197357177734375 209.041900634765625 171.16864013671875 183.7814178466796875 198.4153900146484375 197.0483856201171875 206.8844146728515625 221.7769775390625 223.6563720703125 207.9238128662109375 195.4665679931640625 189.3668212890625 193.5990142822265625 199.2743072509765625 201.1081695556640625 211.8050537109375 nan nan nan nan nan nan nan nan nan nan nan nan nan nan nan
nan nan nan nan nan nan nan nan nan nan nan nan nan nan nan nan nan nan nan nan nan nan nan nan nan nan nan nan nan 157.754150390625 165.6190032958984375 164.779388427734375 179.6879730224609375 178.4918670654296875 158.9743194580078125 166.0215301513671875 173.5242919921875 161.69488525390625 172.5534515380859375 181.439971923828125 166.757049560546875 162.7884979248046875 182.8962249755859375 208.0935516357421875 219.2774810791015625 211.1742706298828125 196.8979034423828125 183.65594482421875 188.5171966552734375 216.165283203125 237.2436370849609375 nan nan nan nan nan nan nan nan nan nan nan nan nan nan nan
nan nan nan nan nan nan nan nan nan nan nan nan nan nan nan nan nan nan nan nan nan nan nan nan nan nan nan nan nan nan nan 144.9818878173828125 156.8155517578125 172.3757781982421875 167.409576416015625 176.2838592529296875 157.4141082763671875 140.039337158203125 nan 154.3008880615234375 152.7953338623046875 150.7066497802734375 nan 173.56707763671875 208.5960540771484375 214.998504638671875 199.439971923828125 199.67669677734375 207.802581787109375 230.571197509765625 235.87445068359375 nan nan nan nan nan nan nan nan nan nan nan nan nan nan nan
nan nan nan nan nan nan nan nan nan nan nan nan nan nan nan nan nan nan nan nan nan nan nan nan nan nan nan nan nan nan nan nan nan nan 160.4822235107421875 170.48626708984375 nan nan nan nan nan 172.0230712890625 182.661102294921875 181.8327484130859375 209.814178466796875 243.3962554931640625 237.3519287109375 246.5503692626953125 238.4246368408203125 235.6249237060546875 226.0333251953125 nan 238.7404327392578125 243.097991943359375 237.264434814453125 218.9598541259765625 226.4241485595703125 241.3804779052734375 253.17657470703125 266.32568359375 nan nan nan nan nan nan
nan nan nan nan nan nan nan nan nan nan nan nan nan nan nan nan nan nan nan nan nan nan nan nan nan nan nan nan nan nan nan nan nan nan nan nan nan nan nan nan nan nan 183.2724609375 216.683349609375 226.4682159423828125 227.40081787109375 249.4971923828125 256.972625732421875 242.936279296875 219.5181427001953125 217.4261932373046875 226.8105316162109375 223.1344757080078125 223.33355712890625 223.9291534423828125 214.7508087158203125 216.966552734375 229.7286834716796875 236.709197998046875 229.2264251708984375 250.2823944091796875 nan nan nan nan nan
nan nan nan nan nan nan nan nan nan nan nan nan nan nan nan nan nan nan nan nan nan nan nan nan nan nan nan nan nan nan nan nan nan nan nan nan nan nan nan nan nan nan nan 198.173736572265625 237.0180206298828125 241.7848968505859375 219.9581756591796875 209.0479736328125 197.763702392578125 204.0323944091796875 217.349029541015625 230.9288177490234375 226.176666259765625 208.427459716796875 208.8280181884765625 201.86334228515625 205.7821197509765625 212.496826171875 nan 219.5941314697265625 230.512237548828125 nan nan nan nan nan
nan nan nan nan nan nan nan nan nan nan nan nan nan nan nan nan nan nan nan nan nan nan nan nan nan nan nan nan nan nan nan nan nan nan nan nan nan nan nan nan nan nan nan nan 187.8186492919921875 211.322113037109375 211.1880645751953125 206.3536834716796875 199.249755859375 203.273834228515625 216.5107269287109375 230.5236968994140625 221.87939453125 206.003936767578125 201.2352447509765625 202.0006103515625 210.0201263427734375 219.5415496826171875 227.8595428466796875 229.06195068359375 232.25 259.030242919921875 nan nan nan nan
nan nan nan nan nan nan nan nan nan nan nan nan nan nan nan nan nan nan nan nan nan nan nan nan nan nan nan nan nan nan nan nan nan nan nan nan nan nan nan nan nan nan nan nan nan nan nan nan 201.9842681884765625 203.6573333740234375 202.3905487060546875 219.099212646484375 220.4746856689453125 216.1667327880859375 202.897613525390625 207.2614898681640625 216.22869873046875 224.7176055908203125 225.734405517578125 230.9950408935546875 252.2386627197265625 nan nan nan nan nan
nan nan nan nan nan nan nan nan nan nan nan nan nan nan nan nan nan nan nan nan nan nan nan nan nan nan nan nan nan nan nan nan nan nan nan nan nan nan nan nan nan nan nan nan nan nan nan nan nan nan 199.2886199951171875 206.72308349609375 213.24822998046875 214.36541748046875 216.2142181396484375 215.824554443359375 221.998626708984375 217.6859130859375 215.932525634765625 228.488128662109375 251.1680908203125 nan nan nan nan nan
nan nan nan nan nan nan nan nan nan nan nan nan nan nan nan nan nan nan nan nan nan nan nan nan nan nan nan nan nan nan nan nan nan nan nan nan nan nan nan nan nan nan nan nan nan nan nan nan nan nan nan nan nan 214.801727294921875 208.3307342529296875 211.72113037109375 217.8039398193359375 214.160675048828125 216.1756134033203125 225.360076904296875 248.8504791259765625 nan nan nan nan nan
nan nan nan nan nan nan nan nan nan nan nan nan nan nan nan nan nan nan nan nan nan nan nan nan nan nan nan nan nan nan nan nan nan nan nan nan nan nan nan nan nan nan nan nan nan nan nan nan nan nan nan nan nan nan 206.35968017578125 nan 210.75677490234375 212.774444580078125 218.42034912109375 222.9929962158203125 251.92669677734375 nan nan nan nan nan
nan nan nan nan nan nan nan nan nan nan nan nan nan nan nan nan nan nan nan nan nan nan nan nan nan nan nan nan nan nan nan nan nan nan nan nan nan nan nan nan nan nan nan nan nan nan nan nan nan nan nan nan nan nan nan 227.9700775146484375 nan nan 213.5649566650390625 222.0924224853515625 245.6272735595703125 nan nan nan nan nan
nan nan nan nan nan nan nan nan nan nan nan nan nan nan nan nan nan nan nan nan nan nan nan nan nan nan nan nan nan nan nan nan nan nan nan nan nan nan nan nan nan nan nan nan nan nan nan nan nan nan nan nan nan nan nan nan 219.90234375 nan 206.9065704345703125 218.418243408203125 nan nan nan nan nan nan
nan nan nan nan nan nan nan nan nan nan nan nan nan nan nan nan nan nan nan nan nan nan nan nan nan nan nan nan nan nan nan nan nan nan nan nan nan nan nan nan nan nan nan nan nan nan nan nan nan nan nan nan nan nan nan nan nan 207.6868896484375 212.9784698486328125 214.6808624267578125 244.2535552978515625 nan nan nan nan nan
nan nan nan nan nan nan nan nan nan nan nan nan nan nan nan nan nan nan nan nan nan nan nan nan nan nan nan nan nan nan nan nan nan nan nan nan nan nan nan nan nan nan nan nan nan nan nan nan nan nan nan nan nan nan nan nan 183.562347412109375 185.7899322509765625 223.558441162109375 252.3287811279296875 270.006134033203125 nan nan nan nan nan
nan nan nan nan nan nan nan nan nan nan nan nan nan nan nan nan nan nan nan nan nan nan nan nan nan nan nan nan nan nan nan nan nan nan nan nan nan nan nan nan nan nan nan nan nan nan nan nan nan nan nan nan nan nan nan nan nan 191.189971923828125 nan 241.4460906982421875 308.836334228515625 293.219085693359375 nan nan nan nan
nan nan nan nan nan nan nan nan nan nan nan nan nan nan nan nan nan nan nan nan nan nan nan nan nan nan nan nan nan nan nan nan nan nan nan nan nan nan nan nan nan nan nan nan nan nan nan nan nan nan nan nan nan nan nan nan nan nan nan nan 268.21734619140625 287.277496337890625 299.6492919921875 255.0134124755859375 nan nan
nan nan nan nan nan nan nan nan nan nan nan nan nan nan nan nan nan nan nan nan nan nan nan nan nan nan nan nan nan nan nan nan nan nan nan nan nan nan nan nan nan nan nan nan nan nan nan nan nan nan nan nan nan nan nan nan nan nan nan nan nan 218.9331512451171875 256.2918701171875 253.7646331787109375 255.728118896484375 236.5437774658203125
nan nan nan nan nan nan nan nan nan nan nan nan nan nan nan nan nan nan nan nan nan nan nan nan nan nan nan nan nan nan nan nan nan nan nan nan nan nan nan nan nan nan nan nan nan nan nan nan nan nan nan nan nan nan nan nan nan nan nan nan nan nan nan nan 217.9847869873046875 205.1739501953125
nan nan nan nan nan nan nan nan nan nan nan nan nan nan nan nan nan nan nan nan nan nan nan nan nan nan nan nan nan nan nan nan nan nan nan nan nan nan nan nan nan nan nan nan nan nan nan nan nan nan nan nan nan nan nan nan nan nan nan nan nan nan nan nan nan 186.18060302734375
nan nan nan nan nan nan nan nan nan nan nan nan nan nan nan nan nan nan nan nan nan nan nan nan nan nan nan nan nan nan nan nan nan nan nan nan nan nan nan nan nan nan nan nan nan nan nan nan nan nan nan nan nan nan nan nan nan nan nan nan nan nan nan nan nan nan
nan nan nan nan nan nan nan nan nan nan nan nan nan nan nan nan nan nan nan nan nan nan nan nan nan nan nan nan nan nan nan nan nan nan nan nan nan nan nan nan nan nan nan nan nan nan nan nan nan nan nan nan nan nan nan nan nan nan nan nan nan nan nan nan nan nan
nan nan nan nan nan nan nan nan nan nan nan nan nan nan nan nan nan nan nan nan nan nan nan nan nan nan nan nan nan nan nan nan nan nan nan nan nan nan nan nan nan nan nan nan nan nan nan nan nan nan nan nan nan nan nan nan nan nan nan nan nan nan nan nan nan nan
nan nan nan nan nan nan nan nan nan nan nan nan nan nan nan nan nan nan nan nan nan nan nan nan nan nan nan nan nan nan nan nan nan nan nan nan nan nan nan nan nan nan nan nan nan nan nan nan nan nan nan nan nan nan nan nan nan nan nan nan nan nan nan nan nan nan
nan nan nan nan nan nan nan nan nan nan nan nan nan nan nan nan nan nan nan nan nan nan nan nan nan nan nan nan nan nan nan nan nan nan nan nan nan nan nan nan nan nan nan nan nan nan nan nan nan nan nan nan nan nan nan nan nan nan nan nan nan nan nan nan nan nan
nan nan nan nan nan nan nan nan nan nan nan nan nan nan nan nan nan nan nan nan nan nan nan nan nan nan nan nan nan nan nan nan nan nan nan nan nan nan nan nan nan nan nan nan nan nan nan nan nan nan nan nan nan nan nan nan nan nan nan nan nan nan nan nan nan nan
nan nan nan nan nan nan nan nan nan nan nan nan nan nan nan nan nan nan nan nan nan nan nan nan nan nan nan nan nan nan nan nan nan nan nan nan nan nan nan nan nan nan nan nan nan nan nan nan nan nan nan nan nan nan nan nan nan nan nan nan nan nan nan nan nan nan
nan nan nan nan nan nan nan nan nan nan nan nan nan nan nan nan nan nan nan nan nan nan nan nan nan nan nan nan nan nan nan nan nan nan nan nan nan nan nan nan nan nan nan nan nan nan nan nan nan nan nan nan nan nan nan nan nan nan nan nan nan nan nan nan nan nan
nan nan nan nan nan nan nan nan nan nan nan nan nan nan nan nan nan nan nan nan nan nan nan nan nan nan nan nan nan nan nan nan nan nan nan nan nan nan nan nan nan nan nan nan nan nan nan nan nan nan nan nan nan nan nan nan nan nan nan nan nan nan nan nan nan nan
