rasters/edaphic_/ocd.asc
ncols        720
nrows        300
xllcorner    -180.000000000000
yllcorner    -60.000000000000
cellsize     0.500000000000
NODATA_value  nan
[rows 232 to 260 of 300, columns 396 to 461 of 720]
75.31817626953125 73.89190673828125 72.690460205078125 73.8254241943359375 77.24707794189453125 82.0751495361328125 85.7520599365234375 90.4969940185546875 96.28321075439453125 99.05606842041015625 98.22989654541015625 91.81519317626953125 89.171234130859375 91.4458770751953125 92.73126220703125 98.105712890625 104.3194427490234375 107.1973419189453125 114.63611602783203125 118.196319580078125 nan 117.7581329345703125 120.1776123046875 124.65148162841796875 141.573211669921875 165.092010498046875 165.946990966796875 143.0731048583984375 139.014190673828125 nan nan nan nan nan nan nan nan nan nan nan nan nan nan nan nan nan nan nan nan nan nan nan nan nan nan nan nan nan nan nan nan nan nan nan nan nan
82.3582305908203125 77.55384063720703125 73.10678863525390625 73.82886505126953125 77.82823944091796875 81.6685333251953125 86.6045989990234375 93.153350830078125 99.7961273193359375 103.45708465576171875 105.86114501953125 101.1544647216796875 95.9958038330078125 96.25305938720703125 96.43663787841796875 99.11579132080078125 104.8740081787109375 107.1458282470703125 112.1790771484375 114.27414703369140625 119.88421630859375 121.35272216796875 121.8568572998046875 130.0078582763671875 143.3762359619140625 155.4573974609375 161.611297607421875 145.3866119384765625 140.564727783203125 136.159210205078125 nan nan nan nan nan nan nan nan nan nan nan nan nan nan nan nan nan nan nan nan nan nan nan nan nan nan nan nan nan nan nan nan nan nan nan nan
81.1439361572265625 81.5349273681640625 77.6094818115234375 77.58600616455078125 80.42278289794921875 85.15190887451171875 91.3643951416015625 99.33788299560546875 105.12102508544921875 112.15850067138671875 108.7451019287109375 103.0148162841796875 108.84984588623046875 103.239715576171875 95.11037445068359375 96.6280670166015625 103.687591552734375 107.244110107421875 111.29605865478515625 119.99782562255859375 128.1987152099609375 127.681243896484375 129.2048797607421875 139.290557861328125 154.8459320068359375 156.4235382080078125 159.9913330078125 152.512542724609375 140.4157867431640625 137.17254638671875 nan nan nan nan nan nan nan nan nan nan nan nan nan nan nan nan nan nan nan nan nan nan nan nan nan nan nan nan nan nan nan nan nan nan nan nan
84.91692352294921875 83.639434814453125 80.761871337890625 81.32431793212890625 82.14490509033203125 86.51900482177734375 94.4221343994140625 100.27567291259765625 106.64290618896484375 114.74866485595703125 109.14701080322265625 111.42816162109375 112.1629180908203125 102.25632476806640625 90.8466339111328125 nan 100.02674102783203125 103.81247711181640625 110.627197265625 122.54563140869140625 132.7043609619140625 132.24835205078125 137.9211883544921875 144.6249542236328125 140.6996612548828125 150.00439453125 165.1962890625 164.9861602783203125 153.6286468505859375 nan nan nan nan nan nan nan nan nan nan nan nan nan nan nan nan nan nan nan nan nan nan nan nan nan nan nan nan nan nan nan nan nan nan nan nan nan
99.04544830322265625 97.048248291015625 90.849700927734375 86.4672393798828125 86.49932861328125 89.6961517333984375 97.3133544921875 103.5722808837890625 106.45330047607421875 107.7299957275390625 105.983489990234375 108.1434173583984375 101.06803131103515625 94.218597412109375 90.58460235595703125 92.36045074462890625 100.6410064697265625 105.38263702392578125 116.3311614990234375 128.1439971923828125 138.7559661865234375 144.377960205078125 144.6798095703125 143.1949005126953125 142.15673828125 146.997711181640625 168.8118438720703125 168.083160400390625 168.468414306640625 nan nan nan nan nan nan nan nan nan nan nan nan nan nan nan nan nan nan nan nan nan nan nan nan nan nan nan nan nan nan nan nan nan nan nan nan nan
110.947967529296875 111.6524505615234375 110.5080108642578125 105.0079803466796875 108.30666351318359375 109.9741668701171875 109.62813568115234375 110.33251190185546875 107.4689178466796875 105.73130035400390625 105.4974365234375 102.3614044189453125 96.2772064208984375 94.3259429931640625 92.24079132080078125 92.573211669921875 100.91485595703125 115.24596405029296875 126.30675506591796875 134.586090087890625 168.762237548828125 232.2692413330078125 nan 145.769989013671875 149.5408935546875 169.7237548828125 182.4569854736328125 170.1378021240234375 nan nan nan nan nan nan nan nan nan nan nan nan nan nan nan nan nan nan nan nan nan nan nan nan nan nan nan nan nan nan nan nan nan nan nan nan nan nan
125.44378662109375 123.72727203369140625 124.72545623779296875 122.373260498046875 122.91464996337890625 120.42395782470703125 114.8054656982421875 111.38684844970703125 110.84894561767578125 108.71295928955078125 104.6219024658203125 97.88333892822265625 96.52410888671875 97.9034271240234375 97.04477691650390625 99.30029296875 108.248016357421875 123.05081939697265625 135.6698150634765625 162.279083251953125 227.9214630126953125 234.204437255859375 237.4493255615234375 188.9397430419921875 180.5098724365234375 187.3480987548828125 176.494049072265625 nan nan nan nan nan nan nan nan nan nan nan nan nan nan nan nan nan nan nan nan nan nan nan nan nan nan nan nan nan nan nan nan nan nan nan nan nan nan nan
131.0140228271484375 139.8589019775390625 143.7285919189453125 145.0888824462890625 138.67291259765625 131.7371063232421875 123.60959625244140625 113.88666534423828125 109.9335784912109375 107.99726104736328125 98.72548675537109375 93.6264495849609375 94.9919586181640625 100.192901611328125 104.39403533935546875 107.90561676025390625 114.94989776611328125 125.79930877685546875 144.3911895751953125 190.3971405029296875 221.2813568115234375 220.8640289306640625 223.227447509765625 192.25299072265625 188.9792327880859375 180.059051513671875 nan nan nan nan nan nan nan nan nan nan nan nan nan nan nan nan nan nan nan nan nan nan nan nan nan nan nan nan nan nan nan nan nan nan nan nan nan nan nan nan
137.6818695068359375 133.7005462646484375 142.88824462890625 151.315399169921875 148.9598846435546875 146.3668670654296875 137.6145782470703125 121.0915374755859375 107.27745819091796875 100.5169525146484375 96.31169891357421875 96.19536590576171875 98.738677978515625 105.95763397216796875 111.800811767578125 116.654571533203125 121.74758148193359375 135.28741455078125 164.631439208984375 196.1356353759765625 202.7121124267578125 182.2871856689453125 183.5504302978515625 189.21337890625 187.910675048828125 181.7079315185546875 nan nan nan nan nan nan nan nan nan nan nan nan nan nan nan nan nan nan nan nan nan nan nan nan nan nan nan nan nan nan nan nan nan nan nan nan nan nan nan nan
140.2667694091796875 131.7520294189453125 128.77996826171875 135.64874267578125 147.5184173583984375 146.1242218017578125 142.5067138671875 131.1312103271484375 116.13941192626953125 106.54619598388671875 101.57901763916015625 102.91994476318359375 106.915008544921875 108.27323150634765625 116.3567047119140625 122.8634490966796875 132.3314971923828125 152.197662353515625 185.6723175048828125 210.1427764892578125 199.244842529296875 175.3020782470703125 179.830352783203125 185.4503631591796875 182.7458953857421875 nan nan nan nan nan nan nan nan nan nan nan nan nan nan nan nan nan nan nan nan nan nan nan nan nan nan nan nan nan nan nan nan nan nan nan nan nan nan nan nan nan
158.655853271484375 151.777984619140625 147.5102386474609375 138.742218017578125 140.3522796630859375 143.6703948974609375 143.410400390625 135.78228759765625 128.839569091796875 119.83451080322265625 109.89881134033203125 106.2516021728515625 112.4760589599609375 117.1712646484375 127.88413238525390625 141.9009246826171875 156.7069854736328125 166.226348876953125 177.0368499755859375 190.67431640625 179.0441741943359375 170.9440460205078125 179.1121978759765625 186.75897216796875 nan nan nan nan nan nan nan nan nan nan nan nan nan nan nan nan nan nan nan nan nan nan nan nan nan nan nan nan nan nan nan nan nan nan nan nan nan nan nan nan nan nan
187.753387451171875 185.5584716796875 163.5482940673828125 151.5859375 144.344207763671875 144.550811767578125 151.529022216796875 144.7884979248046875 136.061492919921875 129.953582763671875 123.22847747802734375 122.634979248046875 133.3108062744140625 138.0135345458984375 133.66998291015625 145.1231689453125 158.959228515625 155.857574462890625 158.9683990478515625 164.15106201171875 163.6484527587890625 171.969451904296875 189.6748199462890625 nan nan nan nan nan nan nan nan nan nan nan nan nan nan nan nan nan nan nan nan nan nan nan nan nan nan nan nan nan nan nan nan nan nan nan nan nan nan nan nan nan nan nan
nan 219.161895751953125 200.17010498046875 156.185150146484375 167.1453094482421875 170.8182830810546875 165.48284912109375 164.01123046875 162.027740478515625 151.34259033203125 139.804534912109375 147.57073974609375 151.024078369140625 149.6368560791015625 155.1642913818359375 152.224639892578125 165.047119140625 165.450897216796875 165.7479248046875 169.7904205322265625 177.3641815185546875 187.75262451171875 nan nan nan nan nan nan nan nan nan nan nan nan nan nan nan nan nan nan nan nan nan nan nan nan nan nan nan nan nan nan nan nan nan nan nan nan nan nan nan nan nan nan nan nan
201.0616302490234375 220.8899078369140625 250.50616455078125 205.9847259521484375 196.6541290283203125 204.7660675048828125 199.248077392578125 194.90234375 187.60870361328125 170.4131011962890625 157.2908935546875 157.2516632080078125 150.1200408935546875 145.985626220703125 149.4636077880859375 152.26422119140625 158.58917236328125 172.3869171142578125 187.471038818359375 194.0251922607421875 206.43463134765625 nan nan nan nan nan nan nan nan nan nan nan nan nan nan nan nan nan nan nan nan nan nan nan nan nan nan nan nan nan nan nan nan nan nan nan nan nan nan nan nan nan nan nan nan nan
206.4959869384765625 215.8006439208984375 262.615631103515625 270.8084716796875 256.646240234375 241.7774505615234375 227.72271728515625 211.9952850341796875 199.8778228759765625 180.8255767822265625 166.2346038818359375 163.2398223876953125 159.476226806640625 159.2421112060546875 164.620361328125 160.1655120849609375 164.0843505859375 171.32958984375 178.1901092529296875 nan nan nan nan nan nan nan nan nan nan nan nan nan nan nan nan nan nan nan nan nan nan nan nan nan nan nan nan nan nan nan nan nan nan nan nan nan nan nan nan nan nan nan nan nan nan nan
nan 250.29705810546875 275.26849365234375 259.04766845703125 261.6138916015625 242.070709228515625 211.9298095703125 203.8965911865234375 197.4114990234375 194.9985809326171875 191.97113037109375 199.240478515625 195.4433441162109375 187.0010223388671875 182.622283935546875 170.499664306640625 nan nan nan nan nan nan nan nan nan nan nan nan nan nan nan nan nan nan nan nan nan nan nan nan nan nan nan nan nan nan nan nan nan nan nan nan nan nan nan nan nan nan nan nan nan nan nan nan nan nan
nan nan 310.558624267578125 255.9373016357421875 232.5139617919921875 229.8296356201171875 225.1918487548828125 234.856597900390625 nan nan nan nan nan nan nan nan nan nan nan nan nan nan nan nan nan nan nan nan nan nan nan nan nan nan nan nan nan nan nan nan nan nan nan nan nan nan nan nan nan nan nan nan nan nan nan nan nan nan nan nan nan nan nan nan nan nan
nan nan nan 266.08624267578125 nan nan nan nan nan nan nan nan nan nan nan nan nan nan nan nan nan nan nan nan nan nan nan nan nan nan nan nan nan nan nan nan nan nan nan nan nan nan nan nan nan nan nan nan nan nan nan nan nan nan nan nan nan nan nan nan nan nan nan nan nan nan
nan nan nan nan nan nan nan nan nan nan nan nan nan nan nan nan nan nan nan nan nan nan nan nan nan nan nan nan nan nan nan nan nan nan nan nan nan nan nan nan nan nan nan nan nan nan nan nan nan nan nan nan nan nan nan nan nan nan nan nan nan nan nan nan nan nan
nan nan nan nan nan nan nan nan nan nan nan nan nan nan nan nan nan nan nan nan nan nan nan nan nan nan nan nan nan nan nan nan nan nan nan nan nan nan nan nan nan nan nan nan nan nan nan nan nan nan nan nan nan nan nan nan nan nan nan nan nan nan nan nan nan nan
nan nan nan nan nan nan nan nan nan nan nan nan nan nan nan nan nan nan nan nan nan nan nan nan nan nan nan nan nan nan nan nan nan nan nan nan nan nan nan nan nan nan nan nan nan nan nan nan nan nan nan nan nan nan nan nan nan nan nan nan nan nan nan nan nan nan
nan nan nan nan nan nan nan nan nan nan nan nan nan nan nan nan nan nan nan nan nan nan nan nan nan nan nan nan nan nan nan nan nan nan nan nan nan nan nan nan nan nan nan nan nan nan nan nan nan nan nan nan nan nan nan nan nan nan nan nan nan nan nan nan nan nan
nan nan nan nan nan nan nan nan nan nan nan nan nan nan nan nan nan nan nan nan nan nan nan nan nan nan nan nan nan nan nan nan nan nan nan nan nan nan nan nan nan nan nan nan nan nan nan nan nan nan nan nan nan nan nan nan nan nan nan nan nan nan nan nan nan nan
nan nan nan nan nan nan nan nan nan nan nan nan nan nan nan nan nan nan nan nan nan nan nan nan nan nan nan nan nan nan nan nan nan nan nan nan nan nan nan nan nan nan nan nan nan nan nan nan nan nan nan nan nan nan nan nan nan nan nan nan nan nan nan nan nan nan
nan nan nan nan nan nan nan nan nan nan nan nan nan nan nan nan nan nan nan nan nan nan nan nan nan nan nan nan nan nan nan nan nan nan nan nan nan nan nan nan nan nan nan nan nan nan nan nan nan nan nan nan nan nan nan nan nan nan nan nan nan nan nan nan nan nan
nan nan nan nan nan nan nan nan nan nan nan nan nan nan nan nan nan nan nan nan nan nan nan nan nan nan nan nan nan nan nan nan nan nan nan nan nan nan nan nan nan nan nan nan nan nan nan nan nan nan nan nan nan nan nan nan nan nan nan nan nan nan nan nan nan nan
nan nan nan nan nan nan nan nan nan nan nan nan nan nan nan nan nan nan nan nan nan nan nan nan nan nan nan nan nan nan nan nan nan nan nan nan nan nan nan nan nan nan nan nan nan nan nan nan nan nan nan nan nan nan nan nan nan nan nan nan nan nan nan nan nan nan
nan nan nan nan nan nan nan nan nan nan nan nan nan nan nan nan nan nan nan nan nan nan nan nan nan nan nan nan nan nan nan nan nan nan nan nan nan nan nan nan nan nan nan nan nan nan nan nan nan nan nan nan nan nan nan nan nan nan nan nan nan nan nan nan nan nan
nan nan nan nan nan nan nan nan nan nan nan nan nan nan nan nan nan nan nan nan nan nan nan nan nan nan nan nan nan nan nan nan nan nan nan nan nan nan nan nan nan nan nan nan nan nan nan nan nan nan nan nan nan nan nan nan nan nan nan nan nan nan nan nan nan nan
