rasters/edaphic_/ocd.asc
ncols        720
nrows        300
xllcorner    -180.000000000000
yllcorner    -60.000000000000
cellsize     0.500000000000
NODATA_value  nan
[rows 87 to 115 of 300, columns 198 to 263 of 720]
206.7223663330078125 208.3707733154296875 nan 206.7722930908203125 204.1693878173828125 199.8117828369140625 196.5925140380859375 198.3430633544921875 201.916839599609375 202.5038604736328125 207.7586517333984375 217.4376068115234375 224.406280517578125 241.8148651123046875 226.191253662109375 216.50341796875 222.5237274169921875 209.358734130859375 238.8832550048828125 257.805206298828125 234.168914794921875 230.376495361328125 209.9076995849609375 199.9506988525390625 nan 187.458251953125 200.123779296875 218.47906494140625 216.436065673828125 204.4432525634765625 194.917449951171875 188.639007568359375 186.698455810546875 nan nan 199.5941925048828125 215.0577545166015625 nan nan nan 275.718780517578125 273.81304931640625 nan nan nan nan nan nan nan nan nan nan nan nan nan nan nan nan nan nan nan nan nan nan nan nan
nan 212.334869384765625 215.3416900634765625 217.996978759765625 215.7802886962890625 200.3316802978515625 195.4096527099609375 193.44146728515625 194.3641510009765625 193.8791656494140625 201.664337158203125 nan 213.8214111328125 215.982757568359375 208.972015380859375 224.42388916015625 222.7410888671875 219.4848480224609375 256.64111328125 265.85296630859375 243.32080078125 228.102996826171875 nan 216.4036865234375 nan 191.547027587890625 199.16339111328125 203.418426513671875 200.3379364013671875 198.8300323486328125 201.892120361328125 213.393402099609375 221.12652587890625 203.0566253662109375 205.166748046875 nan nan nan nan 257.333892822265625 nan 272.912994384765625 nan nan nan nan nan nan nan nan nan nan nan nan nan nan nan nan nan nan nan nan nan nan nan nan
nan nan 212.7117156982421875 213.60638427734375 215.8823699951171875 206.57122802734375 203.00665283203125 199.4260101318359375 191.0208892822265625 186.9841766357421875 193.833709716796875 206.5210723876953125 208.170135498046875 nan 217.1963653564453125 219.6284027099609375 237.78717041015625 258.319427490234375 250.1089019775390625 285.281707763671875 286.524810791015625 241.6123199462890625 216.624267578125 202.7405548095703125 191.7971038818359375 195.3467559814453125 196.258056640625 197.976318359375 217.788055419921875 213.2308197021484375 nan nan nan nan 203.5031890869140625 204.3186187744140625 225.991455078125 245.83587646484375 nan nan nan nan nan nan nan nan nan nan nan nan nan nan nan nan nan nan nan nan nan nan nan nan nan nan nan nan
nan nan 202.98040771484375 200.1231231689453125 194.1224517822265625 188.7812957763671875 188.77783203125 190.3762664794921875 190.0239410400390625 190.580535888671875 195.687042236328125 203.92919921875 213.4481658935546875 240.4854583740234375 227.8549041748046875 205.40509033203125 249.073883056640625 265.677490234375 265.483978271484375 268.6561279296875 256.406158447265625 229.1986541748046875 198.04119873046875 189.8642578125 nan 198.885894775390625 201.670440673828125 199.87322998046875 nan nan nan 209.454986572265625 207.1588592529296875 nan 219.6054840087890625 220.607635498046875 238.484893798828125 nan nan nan nan nan nan nan nan nan nan nan nan nan nan nan nan nan nan nan nan nan nan nan nan nan nan nan nan nan
220.6133575439453125 211.9817657470703125 186.261260986328125 182.8291473388671875 183.9976348876953125 nan 182.4146270751953125 185.904541015625 192.4643707275390625 198.6011962890625 208.79449462890625 223.72711181640625 259.923828125 281.82818603515625 272.845672607421875 215.574127197265625 246.289306640625 242.2533111572265625 255.0873870849609375 270.027618408203125 226.3406829833984375 205.9151458740234375 195.486572265625 195.453643798828125 nan nan nan nan nan nan 221.305908203125 215.635284423828125 215.8272857666015625 229.182037353515625 nan nan nan nan nan nan nan nan nan nan nan nan nan nan nan nan nan nan nan nan nan nan nan nan nan nan nan nan nan nan nan nan
205.428466796875 188.673126220703125 nan nan nan nan nan nan nan nan 250.0923309326171875 272.103851318359375 305.3118896484375 299.2989501953125 nan 211.03582763671875 247.7003631591796875 231.3724517822265625 235.85845947265625 227.8099517822265625 204.29144287109375 202.443756103515625 206.410247802734375 nan nan nan nan nan nan nan 230.623321533203125 228.92535400390625 nan nan nan nan nan nan nan nan nan nan nan nan nan nan nan nan nan nan nan nan nan nan nan nan nan nan nan nan nan nan nan nan nan nan
191.0368804931640625 177.602935791015625 nan nan 183.5944976806640625 184.048492431640625 182.68829345703125 188.534576416015625 194.44390869140625 203.9571380615234375 230.0044403076171875 248.5186309814453125 264.567352294921875 256.3167724609375 212.7751007080078125 223.5734405517578125 251.2495880126953125 220.8785858154296875 213.3558807373046875 203.0515899658203125 203.014801025390625 nan nan nan nan nan nan nan nan nan nan nan nan nan nan nan nan nan nan nan nan nan nan nan nan nan nan nan nan nan nan nan nan nan nan nan nan nan nan nan nan nan nan nan nan nan
178.984771728515625 179.756134033203125 nan nan 196.1574554443359375 193.5681304931640625 182.671966552734375 nan nan 202.748046875 218.3682098388671875 220.3025360107421875 209.7662200927734375 198.5372467041015625 192.5334625244140625 231.4687652587890625 249.4610443115234375 212.669036865234375 209.3565521240234375 205.12432861328125 nan nan nan nan nan nan nan nan nan nan nan nan nan nan nan nan nan nan nan nan nan nan nan nan nan nan nan nan nan nan nan nan nan nan nan nan nan nan nan nan nan nan nan nan nan nan
nan nan nan 219.8492431640625 218.6961822509765625 202.9800872802734375 195.7203826904296875 190.58599853515625 186.4506988525390625 192.029266357421875 201.95953369140625 215.94671630859375 229.040985107421875 229.4666290283203125 nan 225.802001953125 232.090118408203125 210.2316436767578125 210.5875091552734375 203.1239471435546875 nan nan nan nan nan nan nan nan nan nan nan nan nan nan nan nan nan nan nan nan nan nan nan nan nan nan nan nan nan nan nan nan nan nan nan nan nan nan nan nan nan nan nan nan nan nan
181.231658935546875 193.4676971435546875 206.7382965087890625 213.78759765625 216.4495849609375 210.6267242431640625 202.8333740234375 190.2534637451171875 nan 186.1866455078125 197.37957763671875 215.0411224365234375 231.6690216064453125 225.657257080078125 207.3607330322265625 232.443939208984375 222.8738250732421875 222.0158538818359375 220.980804443359375 215.9695587158203125 215.7110137939453125 nan nan nan nan nan nan nan nan nan nan nan nan nan nan nan nan nan nan nan nan nan nan nan nan nan nan nan nan nan nan nan nan nan nan nan nan nan nan nan nan nan nan nan nan nan
177.567138671875 180.7596435546875 187.655548095703125 192.531890869140625 196.493255615234375 196.1221771240234375 186.3425445556640625 181.4432830810546875 180.7200469970703125 186.583343505859375 208.25030517578125 218.88177490234375 209.842010498046875 226.052276611328125 227.2193603515625 222.41656494140625 221.83221435546875 nan nan nan nan nan nan nan nan nan nan nan nan nan nan nan nan nan nan nan nan nan nan nan nan nan nan nan nan nan nan nan nan nan nan nan nan nan nan nan nan nan nan nan nan nan nan nan nan nan
178.2610015869140625 179.3784942626953125 176.2807159423828125 179.603271484375 187.02569580078125 185.8188018798828125 178.779296875 179.30718994140625 181.43536376953125 193.8542327880859375 201.4767303466796875 201.5496673583984375 205.8578033447265625 nan nan nan nan nan nan nan nan nan nan nan nan nan nan nan nan nan nan nan nan nan nan nan nan nan nan nan nan nan nan nan nan nan nan nan nan nan nan nan nan nan nan nan nan nan nan nan nan nan nan nan nan nan
181.406890869140625 182.0121307373046875 175.1389617919921875 187.116943359375 193.4311676025390625 182.77252197265625 178.1666412353515625 177.942474365234375 nan 173.4628448486328125 181.3275146484375 nan nan nan nan nan nan nan nan nan nan nan nan nan nan nan nan nan nan nan nan nan nan nan nan nan nan nan nan nan nan nan nan nan nan nan nan nan nan nan nan nan nan nan nan nan nan nan nan nan nan nan nan nan nan nan
177.6123504638671875 174.6118621826171875 185.4327850341796875 203.0683441162109375 190.795867919921875 180.467498779296875 177.7647247314453125 177.5546112060546875 174.3144073486328125 172.9628448486328125 182.5758209228515625 178.6832733154296875 168.162109375 176.4923858642578125 nan nan nan nan nan nan nan nan nan nan nan nan nan nan nan nan nan nan nan nan nan nan nan nan nan nan nan nan nan nan nan nan nan nan nan nan nan nan nan nan nan nan nan nan nan nan nan nan nan nan nan nan
177.9053497314453125 181.69647216796875 213.568572998046875 218.5558929443359375 187.9671173095703125 179.043182373046875 172.186004638671875 168.8639373779296875 168.096527099609375 nan 180.362945556640625 nan 201.2556610107421875 nan nan nan nan nan nan nan nan nan nan nan nan nan nan nan nan nan nan nan nan nan nan nan nan nan nan nan nan nan nan nan nan nan nan nan nan nan nan nan nan nan nan nan nan nan nan nan nan nan nan nan nan nan
191.5213623046875 235.6147613525390625 268.213165283203125 221.6361236572265625 186.2996063232421875 176.6702880859375 163.3007049560546875 163.535400390625 157.2520599365234375 174.66290283203125 166.339691162109375 176.8267364501953125 nan nan nan nan nan nan nan nan nan nan nan nan nan nan nan nan nan nan nan nan nan nan nan nan nan nan nan nan nan nan nan nan nan nan nan nan nan nan nan nan nan nan nan nan nan nan nan nan nan nan nan nan nan nan
222.7439422607421875 264.808685302734375 230.1410675048828125 190.786773681640625 177.814300537109375 163.605743408203125 153.906829833984375 163.080169677734375 nan nan nan 182.4938507080078125 nan nan nan nan nan nan nan nan nan nan nan nan nan nan nan nan nan nan nan nan nan nan nan nan nan nan nan nan nan nan nan nan nan nan nan nan nan nan nan nan nan nan nan nan nan nan nan nan nan nan nan nan nan nan
199.6629791259765625 194.0665435791015625 178.2940521240234375 173.6113128662109375 164.2442626953125 153.865081787109375 151.5793914794921875 155.5384979248046875 167.66510009765625 nan nan nan nan nan nan nan nan nan nan nan nan nan nan nan nan nan nan nan nan nan nan nan nan nan nan nan nan nan nan nan nan nan nan nan nan nan nan nan nan nan nan nan nan nan nan nan nan nan nan nan nan nan nan nan nan nan
184.5477447509765625 177.644500732421875 164.04486083984375 155.4915313720703125 149.1118621826171875 147.650482177734375 149.537353515625 158.592742919921875 172.3994903564453125 nan nan nan nan nan nan nan nan nan nan nan nan nan nan nan nan nan nan nan nan nan nan nan nan nan nan nan nan nan nan nan nan nan nan nan nan nan nan nan nan nan nan nan nan nan nan nan nan nan nan nan nan nan nan nan nan nan
174.3373260498046875 164.0158538818359375 149.5311737060546875 146.9376678466796875 146.630096435546875 146.9156494140625 146.6392059326171875 155.3935394287109375 177.66290283203125 nan nan nan nan nan nan nan nan nan nan nan nan nan nan nan nan nan nan nan nan nan nan nan nan nan nan nan nan nan nan nan nan nan nan nan nan nan nan nan nan nan nan nan nan nan nan nan nan nan nan nan nan nan nan nan nan nan
154.380340576171875 146.667938232421875 143.73223876953125 143.34613037109375 144.8589935302734375 145.00537109375 150.881439208984375 166.4686737060546875 191.35443115234375 230.47113037109375 nan nan nan nan nan nan nan nan nan nan nan nan nan nan nan nan nan nan nan nan nan nan nan nan nan nan nan nan nan nan nan nan nan nan nan nan nan nan nan nan nan nan nan nan nan nan nan nan nan nan nan nan nan nan nan nan
146.6767730712890625 144.9730224609375 145.3341522216796875 143.893035888671875 nan 146.8383636474609375 159.405914306640625 181.80902099609375 222.0721893310546875 268.564666748046875 284.27838134765625 nan nan nan nan nan nan nan nan nan nan nan nan nan nan nan nan nan nan nan nan nan nan nan nan nan nan nan nan nan nan nan nan nan nan nan nan nan nan nan nan nan nan nan nan nan nan nan nan nan nan nan nan nan nan nan
152.05206298828125 146.6257171630859375 142.647796630859375 140.6490478515625 147.458770751953125 153.10455322265625 168.120697021484375 196.56787109375 240.5146636962890625 nan nan nan nan nan nan nan nan nan nan nan nan nan nan nan nan nan nan nan nan nan nan nan nan nan nan nan nan nan nan nan nan nan nan nan nan nan nan nan nan nan nan nan nan nan nan nan nan nan nan nan nan nan nan nan nan nan
148.61114501953125 143.701141357421875 146.93829345703125 152.9051666259765625 163.7927703857421875 175.94635009765625 192.693084716796875 213.656158447265625 245.7718353271484375 nan nan nan nan nan nan nan nan nan nan nan nan nan nan nan nan nan nan nan nan nan nan nan nan nan nan nan nan nan nan nan nan nan nan nan nan nan nan nan nan nan nan nan nan nan nan nan nan nan nan nan nan nan nan nan nan nan
156.535736083984375 156.04449462890625 175.5018157958984375 180.261322021484375 181.0868072509765625 200.0311431884765625 nan nan nan nan nan nan nan nan nan nan nan nan nan nan nan nan nan nan nan nan nan nan nan nan nan nan nan nan nan nan nan nan nan nan nan nan nan nan nan nan nan nan nan nan nan nan nan nan nan nan nan nan nan nan nan nan nan nan nan nan
183.26568603515625 191.3610992431640625 191.2450408935546875 197.0158843994140625 201.7951812744140625 nan nan nan nan nan nan nan nan nan nan nan nan nan nan nan nan nan nan nan nan nan nan nan nan nan nan nan nan nan nan nan nan nan nan nan nan nan nan nan nan nan nan nan nan nan nan nan nan nan nan nan nan nan nan nan nan nan nan nan nan nan
187.0514068603515625 196.753082275390625 207.7964019775390625 225.0275726318359375 nan nan nan nan nan nan nan nan nan nan nan nan nan nan nan nan nan nan nan nan nan nan nan nan nan nan nan nan nan nan nan nan nan nan nan nan nan nan nan nan nan nan nan nan nan nan nan nan nan nan nan nan nan nan nan nan nan nan nan nan nan nan
206.6137542724609375 223.833099365234375 nan nan nan nan nan nan nan nan nan nan nan nan nan nan nan nan nan nan nan nan nan nan nan nan nan nan nan nan nan nan nan nan nan nan nan nan nan nan nan nan nan nan nan nan nan nan nan nan nan nan nan nan nan nan nan nan nan nan nan nan nan nan nan nan
nan nan nan nan nan nan nan nan nan nan nan nan nan nan nan nan nan nan nan nan nan nan nan nan nan nan nan nan nan nan nan nan nan nan nan nan nan nan nan nan nan nan nan nan nan nan nan nan nan nan nan nan nan nan nan nan nan nan nan nan nan nan nan nan nan nan
