rasters/edaphic_/ocd.asc
ncols        720
nrows        300
xllcorner    -180.000000000000
yllcorner    -60.000000000000
cellsize     0.500000000000
NODATA_value  nan
[rows 174 to 202 of 300, columns 264 to 329 of 720]
nan nan nan nan nan nan nan nan nan nan nan nan nan nan nan nan nan nan nan nan nan nan nan nan nan nan nan nan nan nan nan nan nan nan nan nan nan nan nan nan nan nan nan nan nan nan nan nan nan nan nan nan nan nan nan nan nan nan nan nan nan nan nan nan nan nan
nan nan nan nan nan nan nan nan nan nan nan nan nan nan nan nan nan nan nan nan nan nan nan nan nan nan nan nan nan nan nan nan nan nan nan nan nan nan nan nan nan nan nan nan nan nan nan nan nan nan nan nan nan nan nan nan nan nan nan nan nan nan nan nan nan nan
nan nan nan nan nan nan nan nan nan nan nan nan nan nan nan nan nan nan nan nan nan nan nan nan nan nan nan nan nan nan nan nan nan nan nan nan nan nan nan nan nan nan nan nan nan nan nan nan nan nan nan nan nan nan nan nan nan nan nan nan nan nan nan nan nan nan
nan nan nan nan nan nan nan nan nan nan nan nan nan nan nan nan nan nan nan nan nan nan nan nan nan nan nan nan nan nan nan nan nan nan nan nan nan nan nan nan nan nan nan nan nan nan nan nan nan nan nan nan nan nan nan nan nan nan nan nan nan nan nan nan nan nan
nan nan nan nan nan nan nan nan nan nan nan nan nan nan nan nan nan nan nan nan nan nan nan nan nan nan nan nan nan nan nan nan nan nan nan nan nan nan nan nan nan nan nan nan nan nan nan nan nan nan nan nan nan nan nan nan nan nan nan nan nan nan nan nan nan nan
nan nan nan nan nan nan nan nan nan nan nan nan nan nan nan nan nan nan nan nan nan nan nan nan nan nan nan nan nan nan nan nan nan nan nan nan nan nan nan nan nan nan nan nan nan nan nan nan nan nan nan nan nan nan nan nan nan nan nan nan nan nan nan nan nan nan
nan nan nan nan nan nan nan nan nan nan nan nan nan nan nan nan nan nan nan nan nan nan nan nan nan nan nan nan nan nan nan nan nan nan nan nan nan nan nan nan nan nan nan nan nan nan nan nan nan nan nan nan nan nan nan nan nan nan nan nan nan nan nan nan nan nan
172.40545654296875 177.4673919677734375 nan nan nan nan nan nan nan nan nan nan nan nan nan nan nan nan nan nan nan nan nan nan nan nan nan nan nan nan nan nan nan nan nan nan nan nan nan nan nan nan nan nan nan nan nan nan nan nan nan nan nan nan nan nan nan nan nan nan nan nan nan nan nan nan
164.0845794677734375 157.3320770263671875 157.86309814453125 162.8543701171875 172.866607666015625 nan nan nan nan nan nan nan nan nan nan nan nan nan nan nan nan nan nan nan nan nan nan nan nan nan nan nan nan nan nan nan nan nan nan nan nan nan nan nan nan nan nan nan nan nan nan nan nan nan nan nan nan nan nan nan nan nan nan nan nan nan
160.9500579833984375 156.01580810546875 154.3897857666015625 153.2731781005859375 157.856781005859375 158.41650390625 158.1084442138671875 nan nan nan nan nan nan nan nan nan nan nan nan nan nan nan nan nan nan nan nan nan nan nan nan nan nan nan nan nan nan nan nan nan nan nan nan nan nan nan nan nan nan nan nan nan nan nan nan nan nan nan nan nan nan nan nan nan nan nan
160.361480712890625 159.1353607177734375 159.030670166015625 157.06982421875 152.4720306396484375 151.830780029296875 155.742706298828125 nan nan nan nan nan nan nan nan nan nan nan nan nan nan nan nan nan nan nan nan nan nan nan nan nan nan nan nan nan nan nan nan nan nan nan nan nan nan nan nan nan nan nan nan nan nan nan nan nan nan nan nan nan nan nan nan nan nan nan
161.224578857421875 162.028289794921875 157.2373199462890625 155.9106903076171875 150.9623565673828125 150.8911285400390625 163.0577850341796875 nan 151.5060577392578125 151.9157562255859375 154.21136474609375 nan nan nan nan nan nan nan nan nan nan nan nan nan nan nan nan nan nan nan nan nan nan nan nan nan nan nan nan nan nan nan nan nan nan nan nan nan nan nan nan nan nan nan nan nan nan nan nan nan nan nan nan nan nan nan
161.349700927734375 162.2583465576171875 155.6512908935546875 151.457183837890625 146.28631591796875 147.4994659423828125 nan 148.7352447509765625 145.4316558837890625 134.85919189453125 125.9089813232421875 128.4905242919921875 123.3480987548828125 126.5943603515625 123.60297393798828125 121.34641265869140625 122.572265625 132.15606689453125 nan nan nan nan nan nan nan nan nan nan nan nan nan nan nan nan nan nan nan nan nan nan nan nan nan nan nan nan nan nan nan nan nan nan nan nan nan nan nan nan nan nan nan nan nan nan nan nan
158.143585205078125 154.8164215087890625 160.63427734375 155.207763671875 145.4648895263671875 147.400665283203125 148.3879547119140625 143.34246826171875 145.043060302734375 136.3177947998046875 133.834625244140625 133.5124664306640625 126.69379425048828125 133.9887237548828125 132.053436279296875 121.12082672119140625 127.50011444091796875 118.72161865234375 122.24848175048828125 nan nan nan nan nan nan nan nan nan nan nan nan nan nan nan nan nan nan nan nan nan nan nan nan nan nan nan nan nan nan nan nan nan nan nan nan nan nan nan nan nan nan nan nan nan nan nan
156.6974945068359375 153.594970703125 162.6683807373046875 167.544464111328125 158.7579193115234375 149.2031402587890625 nan 137.7612152099609375 136.183685302734375 132.8097686767578125 131.0502166748046875 127.2850189208984375 126.80773162841796875 129.4144134521484375 133.2982940673828125 114.95574188232421875 124.8869781494140625 121.10259246826171875 126.93398284912109375 117.259368896484375 nan nan nan nan nan nan nan nan nan nan nan nan nan nan nan nan nan nan nan nan nan nan nan nan nan nan nan nan nan nan nan nan nan nan nan nan nan nan nan nan nan nan nan nan nan nan
158.0772247314453125 153.0620269775390625 161.1421966552734375 168.803619384765625 165.958251953125 158.535888671875 146.2791595458984375 138.3549957275390625 130.0896759033203125 129.5523834228515625 127.976776123046875 121.3786468505859375 120.5776824951171875 128.3185882568359375 127.1503143310546875 122.1114044189453125 134.0496063232421875 125.79596710205078125 114.6667633056640625 109.79528045654296875 116.90570831298828125 nan nan nan nan nan nan nan nan nan nan nan nan nan nan nan nan nan nan nan nan nan nan nan nan nan nan nan nan nan nan nan nan nan nan nan nan nan nan nan nan nan nan nan nan nan
152.23858642578125 150.9686279296875 150.145965576171875 145.391876220703125 144.5072784423828125 150.0953521728515625 144.4674072265625 136.60308837890625 131.715087890625 132.16845703125 128.0430908203125 119.79283905029296875 117.895965576171875 124.81920623779296875 124.88405609130859375 120.1655426025390625 133.2802581787109375 121.98685455322265625 115.03627777099609375 112.16797637939453125 112.7659149169921875 110.17963409423828125 116.783477783203125 120.09154510498046875 126.23912811279296875 nan nan nan nan nan nan nan nan nan nan nan nan nan nan nan nan nan nan nan nan nan nan nan nan nan nan nan nan nan nan nan nan nan nan nan nan nan nan nan nan nan
148.966522216796875 144.2601165771484375 138.2328948974609375 129.351043701171875 130.00384521484375 131.3745574951171875 133.0120697021484375 132.1492767333984375 131.2889862060546875 131.4818572998046875 132.3571624755859375 125.442291259765625 116.82176971435546875 120.56369781494140625 134.995452880859375 126.6195526123046875 134.4189605712890625 121.38214111328125 119.6384124755859375 120.19821929931640625 115.19061279296875 112.69150543212890625 115.21471405029296875 120.20361328125 119.7812347412109375 nan nan nan nan nan nan nan nan nan nan nan nan nan nan nan nan nan nan nan nan nan nan nan nan nan nan nan nan nan nan nan nan nan nan nan nan nan nan nan nan nan
151.8836822509765625 145.117584228515625 141.12347412109375 132.5558624267578125 133.2576446533203125 135.82049560546875 138.3417816162109375 138.587005615234375 136.31414794921875 132.2759552001953125 132.5427398681640625 129.070648193359375 115.29375457763671875 113.20507049560546875 132.07879638671875 126.63280487060546875 128.8101806640625 124.59592437744140625 128.2047271728515625 nan 118.2277374267578125 117.21446990966796875 121.20693206787109375 118.31673431396484375 116.30968475341796875 133.2414093017578125 nan nan nan nan nan nan nan nan nan nan nan nan nan nan nan nan nan nan nan nan nan nan nan nan nan nan nan nan nan nan nan nan nan nan nan nan nan nan nan nan
156.3737945556640625 151.9622955322265625 148.6133270263671875 140.224334716796875 140.190155029296875 139.2234039306640625 138.115478515625 134.2646484375 128.3643341064453125 127.1136016845703125 127.628173828125 122.86714935302734375 110.3779754638671875 108.74188232421875 117.1609344482421875 123.3934173583984375 126.96649932861328125 125.0835113525390625 121.77764892578125 120.3176116943359375 115.01495361328125 115.7657928466796875 119.3671417236328125 117.39057159423828125 130.90643310546875 134.8553314208984375 nan nan nan nan nan nan nan nan nan nan nan nan nan nan nan nan nan nan nan nan nan nan nan nan nan nan nan nan nan nan nan nan nan nan nan nan nan nan nan nan
155.411773681640625 153.9952239990234375 153.2809600830078125 142.1301727294921875 131.4818878173828125 130.58935546875 131.2557525634765625 127.3695526123046875 120.2014617919921875 119.5142974853515625 117.84633636474609375 107.7068939208984375 106.68448638916015625 104.998260498046875 106.84283447265625 114.007080078125 128.48443603515625 128.03643798828125 121.08861541748046875 121.3087158203125 120.03521728515625 124.78919219970703125 119.47847747802734375 116.38922119140625 134.102935791015625 140.3950653076171875 nan nan nan nan nan nan nan nan nan nan nan nan nan nan nan nan nan nan nan nan nan nan nan nan nan nan nan nan nan nan nan nan nan nan nan nan nan nan nan nan
nan 147.61376953125 141.4359588623046875 142.551483154296875 135.079742431640625 129.177154541015625 126.59404754638671875 122.50527191162109375 119.0137176513671875 114.74120330810546875 108.30755615234375 102.16110992431640625 102.5838470458984375 104.7839813232421875 108.72362518310546875 117.88709259033203125 123.79163360595703125 123.61544036865234375 119.32006072998046875 123.71604156494140625 123.16548919677734375 119.17354583740234375 117.57415771484375 120.07570648193359375 135.745025634765625 146.4832000732421875 nan nan nan nan nan nan nan nan nan nan nan nan nan nan nan nan nan nan nan nan nan nan nan nan nan nan nan nan nan nan nan nan nan nan nan nan nan nan nan nan
153.05731201171875 149.0149993896484375 147.2751312255859375 141.5561981201171875 133.1372528076171875 129.32550048828125 122.55599212646484375 118.98004913330078125 117.64295196533203125 115.306671142578125 109.00920867919921875 102.9986419677734375 101.90390777587890625 104.13002777099609375 108.95648193359375 111.64455413818359375 111.8633270263671875 114.9217681884765625 117.2147674560546875 115.68695068359375 117.5787200927734375 120.83404541015625 131.56903076171875 133.9709930419921875 148.695770263671875 158.04595947265625 nan nan nan nan nan nan nan nan nan nan nan nan nan nan nan nan nan nan nan nan nan nan nan nan nan nan nan nan nan nan nan nan nan nan nan nan nan nan nan nan
148.0193023681640625 144.6235198974609375 143.137969970703125 135.6183319091796875 125.364715576171875 122.61529541015625 119.3889312744140625 119.67139434814453125 118.307647705078125 116.25360107421875 111.21567535400390625 107.93296051025390625 105.64037322998046875 105.71129608154296875 104.83127593994140625 107.30097198486328125 109.00081634521484375 112.4051361083984375 114.17739105224609375 112.3743743896484375 119.07895660400390625 131.4997100830078125 140.0284423828125 151.6414337158203125 173.907470703125 175.975677490234375 nan nan nan nan nan nan nan nan nan nan nan nan nan nan nan nan nan nan nan nan nan nan nan nan nan nan nan nan nan nan nan nan nan nan nan nan nan nan nan nan
141.1553497314453125 136.4818572998046875 132.7984466552734375 128.146484375 128.723724365234375 124.62847137451171875 120.8239593505859375 120.3368988037109375 118.03533935546875 111.73047637939453125 109.18813323974609375 106.42504119873046875 103.73486328125 100.671295166015625 102.53708648681640625 106.645233154296875 111.62914276123046875 113.7138671875 116.9203643798828125 122.683990478515625 133.305877685546875 141.2868194580078125 155.8041534423828125 174.4108734130859375 178.9711761474609375 nan nan nan nan nan nan nan nan nan nan nan nan nan nan nan nan nan nan nan nan nan nan nan nan nan nan nan nan nan nan nan nan nan nan nan nan nan nan nan nan nan
141.3241424560546875 133.7689361572265625 129.3772735595703125 121.38153076171875 117.4076690673828125 118.5140380859375 118.70061492919921875 119.078125 110.84090423583984375 107.51766204833984375 106.49163055419921875 107.26963043212890625 nan 104.5264739990234375 106.1836700439453125 108.7645416259765625 117.9725799560546875 117.6984100341796875 122.922943115234375 137.130706787109375 137.953033447265625 145.958740234375 151.5240631103515625 162.1637420654296875 nan nan nan nan nan nan nan nan nan nan nan nan nan nan nan nan nan nan nan nan nan nan nan nan nan nan nan nan nan nan nan nan nan nan nan nan nan nan nan nan nan nan
145.394744873046875 134.165313720703125 128.7368621826171875 121.6114959716796875 121.68207550048828125 118.0334625244140625 117.93498992919921875 119.24312591552734375 111.36408233642578125 107.3414459228515625 104.436126708984375 107.4432830810546875 105.89162445068359375 115.4126434326171875 114.82222747802734375 132.1984100341796875 139.1746368408203125 139.659393310546875 139.9076080322265625 147.1350250244140625 144.8171844482421875 146.3438873291015625 149.9683380126953125 157.7167510986328125 nan nan nan nan nan nan nan nan nan nan nan nan nan nan nan nan nan nan nan nan nan nan nan nan nan nan nan nan nan nan nan nan nan nan nan nan nan nan nan nan nan nan
151.1594085693359375 135.9199066162109375 131.3343963623046875 122.0806427001953125 120.1938323974609375 118.500091552734375 117.42752838134765625 117.00176239013671875 114.67853546142578125 118.2446746826171875 109.5915985107421875 106.790069580078125 109.0973052978515625 115.267059326171875 122.99697113037109375 152.0491180419921875 150.445465087890625 145.837310791015625 145.829010009765625 147.0101165771484375 154.3389739990234375 158.891510009765625 nan nan nan nan nan nan nan nan nan nan nan nan nan nan nan nan nan nan nan nan nan nan nan nan nan nan nan nan nan nan nan nan nan nan nan nan nan nan nan nan nan nan nan nan
142.73126220703125 137.9748992919921875 136.100372314453125 133.4420166015625 123.80921173095703125 116.7068634033203125 119.9173736572265625 123.57964324951171875 119.1673431396484375 123.7138214111328125 121.24053192138671875 116.646697998046875 118.34954833984375 123.35575103759765625 138.649505615234375 153.5432891845703125 143.315185546875 140.8877105712890625 136.4255523681640625 143.62969970703125 156.686431884765625 166.9583740234375 nan nan nan nan nan nan nan nan nan nan nan nan nan nan nan nan nan nan nan nan nan nan nan nan nan nan nan nan nan nan nan nan nan nan nan nan nan nan nan nan nan nan nan nan
