rasters/edaphic_/ocs.asc
ncols        720
nrows        300
xllcorner    -180.000000000000
yllcorner    -60.000000000000
cellsize     0.500000000000
NODATA_value  nan
[rows 87 to 115 of 300, columns 325 to 389 of 720]
nan nan nan nan nan nan nan nan nan nan nan nan nan nan nan nan nan nan nan nan nan nan nan nan nan nan nan nan nan nan nan nan nan 51.107463836669921875 54.50542449951171875 50.632526397705078125 47.669483184814453125 55.58641815185546875 61.227184295654296875 56.55559539794921875 54.78842926025390625 50.876956939697265625 53.84261322021484375 60.404689788818359375 57.910137176513671875 66.011474609375 93.54987335205078125 nan 92.31148529052734375 86.0954742431640625 74.41515350341796875 74.7801513671875 79.56044769287109375 78.8709869384765625 nan 66.88421630859375 65.94544219970703125 65.66173553466796875 70.11066436767578125 74.448974609375 77.0887451171875 90.4588165283203125 98.700225830078125 99.32143402099609375 89.936981201171875
nan nan nan nan nan nan nan nan nan nan nan nan nan nan nan nan nan nan nan nan nan nan nan nan nan nan nan nan nan nan nan nan nan 52.71460723876953125 53.25035858154296875 54.705104827880859375 60.006988525390625 66.6821746826171875 75.484527587890625 74.29062652587890625 69.0720672607421875 56.31130218505859375 60.480632781982421875 59.15567779541015625 57.963695526123046875 nan 83.255767822265625 87.438812255859375 90.36618804931640625 80.17455291748046875 68.56204986572265625 68.53255462646484375 65.19527435302734375 nan 65.178253173828125 64.99074554443359375 68.31523895263671875 66.04077911376953125 59.577663421630859375 nan 59.515460968017578125 nan 87.16344451904296875 98.23799896240234375 87.9031982421875
nan nan nan nan nan nan nan nan nan nan nan nan nan nan nan nan nan nan nan nan nan nan nan nan nan nan nan nan nan nan nan nan nan nan 51.7934112548828125 54.948516845703125 61.867557525634765625 63.940334320068359375 67.05078125 74.58260345458984375 78.3653717041015625 66.2874755859375 65.4994049072265625 71.04573822021484375 61.355869293212890625 63.440296173095703125 82.70972442626953125 80.84857177734375 75.06569671630859375 69.3527984619140625 55.281307220458984375 47.789546966552734375 45.348934173583984375 45.66472625732421875 44.349945068359375 46.73404693603515625 50.35733795166015625 50.02187347412109375 47.731143951416015625 50.699787139892578125 nan nan 64.97100830078125 79.93475341796875 89.11727142333984375
nan nan nan nan nan nan nan nan nan nan nan nan nan nan nan nan nan nan nan nan nan nan nan nan nan nan nan nan nan nan nan nan nan 57.540431976318359375 52.1952362060546875 52.297351837158203125 55.92026519775390625 57.6097259521484375 59.861690521240234375 65.4554595947265625 74.50433349609375 79.924713134765625 80.82846832275390625 75.95713043212890625 61.0438995361328125 66.06835174560546875 73.32460784912109375 68.84493255615234375 66.73180389404296875 60.75978851318359375 43.163692474365234375 48.328548431396484375 57.757823944091796875 70.8287200927734375 67.23741912841796875 57.07924652099609375 50.77203369140625 46.80178070068359375 52.466373443603515625 nan nan nan nan nan 87.04351806640625
nan nan nan nan nan nan nan nan nan nan nan nan nan nan nan nan nan nan nan nan nan nan nan nan nan nan nan nan nan nan nan nan nan 51.66796875 50.276947021484375 48.05828094482421875 46.863391876220703125 48.871456146240234375 54.071453094482421875 57.06021881103515625 66.74614715576171875 76.83197784423828125 74.6577606201171875 60.13706207275390625 53.3819427490234375 53.772502899169921875 55.613430023193359375 59.05811309814453125 63.556812286376953125 62.799137115478515625 57.74974822998046875 60.442386627197265625 nan nan 83.2388763427734375 82.73028564453125 74.08681488037109375 62.062923431396484375 56.377529144287109375 51.748447418212890625 nan nan nan nan 68.47336578369140625
nan nan nan nan nan nan nan nan nan nan nan nan nan nan nan nan nan nan nan nan nan nan nan nan nan nan nan nan nan nan nan nan 60.816181182861328125 54.34340667724609375 52.211048126220703125 49.79067230224609375 44.92766571044921875 44.184719085693359375 45.09697723388671875 53.562595367431640625 66.27370452880859375 63.166255950927734375 59.031864166259765625 48.95395660400390625 48.2641448974609375 52.78844451904296875 55.774364471435546875 59.5216217041015625 62.904529571533203125 nan nan nan nan nan nan nan 64.28832244873046875 nan 70.93914031982421875 66.1588287353515625 52.013706207275390625 nan nan nan nan
nan nan nan nan nan nan nan nan nan nan nan nan nan nan nan nan nan 97.364349365234375 96.80562591552734375 95.78130340576171875 89.5846710205078125 87.81583404541015625 87.22974395751953125 82.509735107421875 79.19786834716796875 79.01068878173828125 78.6803131103515625 77.716552734375 76.4623565673828125 75.1471099853515625 78.45941925048828125 80.041290283203125 74.5991668701171875 69.728179931640625 66.37262725830078125 63.1172637939453125 57.979724884033203125 52.16020965576171875 48.162372589111328125 53.15740203857421875 53.035343170166015625 43.44484710693359375 nan nan nan nan 59.06292724609375 61.180950164794921875 nan nan nan nan nan nan nan nan 55.71561431884765625 55.2207183837890625 55.097568511962890625 58.7185211181640625 61.05837249755859375 51.21817779541015625 41.7398529052734375 nan nan
nan nan nan nan nan nan nan nan nan nan nan nan nan nan nan nan nan 94.44594573974609375 96.8433685302734375 91.76763916015625 85.4439544677734375 78.584136962890625 70.61255645751953125 58.918212890625 54.520191192626953125 54.098995208740234375 53.05242156982421875 56.303211212158203125 56.966999053955078125 58.30934906005859375 63.136287689208984375 60.715419769287109375 62.868999481201171875 67.25981903076171875 71.66796875 73.832244873046875 73.60149383544921875 70.3379058837890625 68.29087066650390625 62.386676788330078125 50.844036102294921875 nan nan nan nan nan nan nan nan nan nan nan nan nan nan nan nan 44.43511199951171875 45.94593048095703125 46.274433135986328125 55.7772369384765625 65.7326812744140625 51.56005859375 nan nan
nan nan nan nan nan nan nan nan nan nan nan nan nan nan nan nan nan 84.6605987548828125 87.19245147705078125 82.18890380859375 75.71227264404296875 65.1586456298828125 51.60810089111328125 37.54012298583984375 35.590183258056640625 35.457134246826171875 35.661224365234375 38.538051605224609375 46.3730926513671875 49.15709686279296875 44.064174652099609375 37.284030914306640625 39.6428680419921875 43.854248046875 47.9339752197265625 51.3317413330078125 56.30799102783203125 59.086139678955078125 63.04248046875 63.13922882080078125 54.171970367431640625 43.682750701904296875 nan nan nan nan nan nan nan nan nan nan 63.956439971923828125 64.18228912353515625 nan nan nan nan 43.73204803466796875 nan 53.93704986572265625 65.47406005859375 59.316741943359375 49.08111572265625 nan
nan nan nan nan nan nan nan nan nan nan nan nan nan nan nan nan nan 74.6799468994140625 76.73905181884765625 66.578399658203125 54.283473968505859375 48.2516326904296875 42.943386077880859375 35.937652587890625 33.06475830078125 33.45995330810546875 34.249691009521484375 35.290008544921875 39.053295135498046875 42.541301727294921875 40.263896942138671875 38.920223236083984375 35.86038970947265625 36.194423675537109375 36.48686981201171875 39.27527618408203125 42.48351287841796875 43.833606719970703125 49.648120880126953125 55.247467041015625 nan nan nan nan nan nan nan nan nan nan nan nan nan 62.069461822509765625 nan nan nan nan nan nan 54.335887908935546875 61.465106964111328125 63.28955078125 57.444103240966796875 42.423213958740234375
nan nan nan nan nan nan nan nan nan nan nan nan nan nan nan nan nan nan 63.217815399169921875 56.594516754150390625 44.3536529541015625 41.94225311279296875 nan 37.069499969482421875 31.350194931030273438 30.246896743774414062 32.614055633544921875 39.240329742431640625 42.13072967529296875 38.0396881103515625 37.4315338134765625 37.06032562255859375 36.6831817626953125 34.830677032470703125 35.070392608642578125 38.5186309814453125 43.340061187744140625 44.686798095703125 45.88312530517578125 nan nan nan nan nan nan nan nan nan nan nan nan nan nan nan nan nan nan nan nan nan nan nan 55.170257568359375 54.490276336669921875 48.42952728271484375
nan nan nan nan nan nan nan nan nan nan nan nan nan nan nan nan nan nan 60.79061126708984375 56.740772247314453125 44.83358001708984375 40.326404571533203125 44.270565032958984375 44.6782989501953125 39.1410369873046875 37.18841552734375 40.587284088134765625 42.141521453857421875 35.97473907470703125 36.5977783203125 43.505962371826171875 42.979167938232421875 37.76578521728515625 40.320545196533203125 42.192234039306640625 45.6348419189453125 nan nan nan nan nan nan nan nan nan nan nan nan nan nan nan 48.381214141845703125 53.4219512939453125 54.656719207763671875 nan nan nan nan nan nan nan nan nan nan 58.98636627197265625
nan nan nan nan nan nan nan nan nan nan nan nan nan nan nan nan nan 46.516704559326171875 54.08701324462890625 57.2255401611328125 48.9618072509765625 47.647373199462890625 50.436252593994140625 54.394374847412109375 51.55992889404296875 46.5113525390625 36.96208953857421875 31.5768585205078125 31.830709457397460938 33.93393707275390625 39.95064544677734375 45.87358856201171875 41.69586181640625 43.527729034423828125 46.214099884033203125 44.23169708251953125 nan nan nan nan nan nan nan nan nan nan nan nan nan nan nan nan 57.81053924560546875 55.886615753173828125 nan nan nan nan nan nan nan nan nan nan nan
nan nan nan nan nan nan nan nan nan nan nan nan nan nan nan nan nan 51.026058197021484375 51.749752044677734375 49.193630218505859375 45.570751190185546875 nan 41.833072662353515625 42.303192138671875 39.48529815673828125 36.976665496826171875 33.122745513916015625 30.270746231079101562 29.568147659301757812 31.014781951904296875 33.44527435302734375 37.17446136474609375 39.927013397216796875 41.006137847900390625 42.5000152587890625 nan nan nan nan nan 51.191036224365234375 nan nan nan nan nan nan nan nan nan nan nan 46.196933746337890625 52.005596160888671875 nan nan nan nan nan nan nan nan nan nan nan
nan nan nan nan nan nan nan nan nan nan nan nan nan nan nan nan 49.26837921142578125 47.8822021484375 46.77225494384765625 43.113491058349609375 43.770477294921875 41.963191986083984375 40.0648193359375 39.702610015869140625 40.861522674560546875 40.938831329345703125 37.8061676025390625 32.62877655029296875 28.507556915283203125 28.883203506469726562 28.714771270751953125 28.893056869506835938 34.47637176513671875 40.37067413330078125 nan nan nan nan nan nan nan nan nan nan nan nan nan nan nan nan nan nan 49.04254913330078125 47.0692596435546875 nan nan nan nan nan nan nan nan nan nan nan
nan nan nan nan nan nan nan nan nan nan nan nan nan nan nan nan nan 44.03165435791015625 43.059368133544921875 41.1175384521484375 39.6020660400390625 38.525882720947265625 37.110790252685546875 36.66951751708984375 36.76671600341796875 38.2760162353515625 37.6937103271484375 33.0851593017578125 31.21813201904296875 34.2254638671875 35.750850677490234375 30.58313751220703125 30.713167190551757812 37.395442962646484375 42.5217437744140625 46.309291839599609375 nan nan nan nan nan nan nan nan nan nan nan nan nan nan nan nan nan nan nan nan nan nan nan nan nan nan nan nan nan
nan nan nan nan nan nan nan nan nan nan nan nan nan nan nan nan nan nan 42.060760498046875 40.923187255859375 41.10829925537109375 43.79041290283203125 41.211055755615234375 38.834751129150390625 38.503940582275390625 38.6437835693359375 39.33599090576171875 38.48468780517578125 37.26476287841796875 42.13210296630859375 42.250030517578125 35.2576751708984375 32.972583770751953125 34.7976226806640625 nan nan nan nan nan nan nan nan nan nan nan nan nan nan nan nan nan nan nan nan nan nan nan nan nan nan nan nan nan nan nan
nan nan nan nan nan nan nan nan nan nan nan nan nan nan nan nan nan 49.488895416259765625 43.884654998779296875 40.76355743408203125 40.926860809326171875 43.8577880859375 43.67481231689453125 40.909412384033203125 39.252544403076171875 37.486148834228515625 35.80858612060546875 37.6098785400390625 36.9028167724609375 38.09458160400390625 35.70862579345703125 33.4032135009765625 33.655517578125 nan nan nan nan nan nan nan nan nan nan nan nan nan nan nan nan nan nan nan nan nan nan nan nan nan nan nan 41.18843841552734375 45.50394439697265625 47.3710479736328125 47.8122711181640625 51.232074737548828125
nan nan nan nan nan nan nan nan nan nan nan nan nan nan nan nan nan 57.825839996337890625 53.013896942138671875 46.7750396728515625 43.45232391357421875 41.4847259521484375 38.396697998046875 35.074970245361328125 36.09548187255859375 36.187744140625 38.328472137451171875 40.419338226318359375 42.553531646728515625 39.333538055419921875 33.264904022216796875 30.0105438232421875 nan nan nan nan nan nan nan nan nan nan nan nan nan nan nan nan nan nan nan nan nan nan 42.814914703369140625 nan nan nan nan nan nan nan 42.905605316162109375 43.10897064208984375 47.670787811279296875
nan nan nan nan nan nan nan nan nan nan nan nan nan nan nan nan nan nan nan nan nan nan 37.59642791748046875 40.50728607177734375 47.20690155029296875 42.935245513916015625 41.525722503662109375 nan nan 38.58489990234375 nan nan nan nan nan nan nan nan nan nan nan nan nan 54.664730072021484375 52.48755645751953125 nan 59.269092559814453125 60.137115478515625 56.033966064453125 48.482479095458984375 50.91053009033203125 54.877429962158203125 53.064998626708984375 47.20552825927734375 40.224506378173828125 nan 41.927677154541015625 nan nan nan nan nan nan nan 48.39885711669921875
nan nan nan nan nan nan nan nan nan nan nan nan nan nan nan nan nan nan nan nan nan nan nan 49.260311126708984375 nan nan nan nan nan nan nan nan nan nan nan nan 36.19260406494140625 36.959751129150390625 39.41300201416015625 43.023403167724609375 44.29203033447265625 42.124469757080078125 41.5742950439453125 42.386737823486328125 40.20806884765625 40.889087677001953125 41.735111236572265625 41.33379364013671875 41.710597991943359375 41.364654541015625 43.820064544677734375 44.890766143798828125 39.64218902587890625 38.1532745361328125 37.47678375244140625 37.263988494873046875 nan nan nan nan nan nan nan nan nan
nan nan nan nan nan nan nan nan nan nan nan nan nan nan nan nan nan nan nan nan nan nan nan nan nan nan nan nan nan nan nan nan nan nan 34.16310882568359375 34.4296417236328125 34.43555450439453125 36.70964813232421875 37.10973358154296875 35.300434112548828125 31.768407821655273438 30.618242263793945312 28.328487396240234375 26.43973541259765625 26.703729629516601562 29.037631988525390625 31.590423583984375 32.525238037109375 31.065618515014648438 30.874729156494140625 31.426410675048828125 32.081333160400390625 32.467838287353515625 32.953216552734375 32.020050048828125 28.8819122314453125 nan nan nan nan nan nan nan nan nan
nan nan nan nan nan nan nan nan nan nan nan nan nan nan nan nan nan nan nan nan nan nan nan 49.54518890380859375 52.777111053466796875 nan nan nan nan nan nan nan 34.530162811279296875 33.99788665771484375 34.491802215576171875 34.53768157958984375 34.1105194091796875 34.624324798583984375 32.070270538330078125 27.040845870971679688 26.218549728393554688 26.005243301391601562 24.65682220458984375 21.55033111572265625 16.386098861694335938 16.56732177734375 22.341960906982421875 31.886827468872070312 32.258701324462890625 30.005029678344726562 30.160146713256835938 30.323362350463867188 28.5030364990234375 25.549764633178710938 24.060642242431640625 22.833200454711914062 23.298580169677734375 nan nan nan nan nan nan nan nan
nan nan nan nan nan nan nan nan nan nan nan nan nan nan nan nan nan nan nan nan nan nan 41.018703460693359375 43.372608184814453125 45.692012786865234375 46.51013946533203125 44.173137664794921875 38.634563446044921875 30.044679641723632812 29.717987060546875 31.944784164428710938 33.624698638916015625 36.23207855224609375 32.877040863037109375 31.022527694702148438 30.060888290405273438 28.914583206176757812 27.908685684204101562 25.236944198608398438 22.274921417236328125 24.63358306884765625 25.622758865356445312 22.7438812255859375 18.457241058349609375 13.170729637145996094 13.635816574096679688 14.369204521179199219 18.033489227294921875 18.112949371337890625 17.416515350341796875 18.109079360961914062 17.726194381713867188 17.938379287719726562 19.162775039672851562 18.852712631225585938 17.65682220458984375 nan nan nan nan nan nan nan nan nan
nan nan nan nan nan nan nan nan nan nan nan nan nan nan nan nan nan nan nan nan nan nan 38.644649505615234375 38.22528839111328125 38.5347900390625 38.012386322021484375 40.35463714599609375 35.033233642578125 24.787578582763671875 26.961904525756835938 27.2822265625 28.374841690063476562 27.578428268432617188 22.89885711669921875 19.29634857177734375 18.007860183715820312 17.840724945068359375 18.915439605712890625 20.681951522827148438 20.282743453979492188 19.133739471435546875 16.255153656005859375 13.383152961730957031 11.513154983520507812 11.121472358703613281 11.55169677734375 12.438800811767578125 nan 17.374097824096679688 14.58191680908203125 14.557647705078125 15.031161308288574219 16.404062271118164062 16.579608917236328125 15.753930091857910156 nan nan nan nan nan nan nan nan nan nan
nan nan nan nan nan nan nan nan nan nan nan nan nan nan nan nan nan nan nan nan nan 41.54821014404296875 39.03318023681640625 38.425567626953125 37.082798004150390625 34.5368804931640625 35.87371826171875 28.912425994873046875 22.804872512817382812 23.324285507202148438 21.002824783325195312 20.219112396240234375 18.548246383666992188 16.416093826293945312 14.384429931640625 14.400293350219726562 14.190131187438964844 15.593883514404296875 14.674275398254394531 12.803555488586425781 11.717511177062988281 11.815610885620117188 11.20792388916015625 11.630155563354492188 11.755521774291992188 12.852266311645507812 14.879695892333984375 18.976024627685546875 19.008531570434570312 18.130937576293945312 18.641321182250976562 20.4333343505859375 20.040922164916992188 17.967906951904296875 16.801645278930664062 nan nan nan nan nan nan nan nan nan nan
nan nan nan nan nan nan nan nan nan nan nan nan nan nan nan nan nan nan 39.8291778564453125 42.034076690673828125 42.688289642333984375 40.025760650634765625 41.12084197998046875 42.4301910400390625 38.87799835205078125 28.718395233154296875 21.66190338134765625 16.888454437255859375 15.997982978820800781 17.537776947021484375 17.40334320068359375 16.177740097045898438 14.243096351623535156 13.328757286071777344 12.3023681640625 11.9692535400390625 11.766331672668457031 11.529334068298339844 11.406202316284179688 11.664315223693847656 11.889499664306640625 11.561331748962402344 11.849496841430664062 12.866575241088867188 13.8548431396484375 15.333308219909667969 18.051839828491210938 20.709758758544921875 20.609035491943359375 20.643579483032226562 20.336772918701171875 20.413576126098632812 20.156499862670898438 19.32501983642578125 18.116838455200195312 15.949940681457519531 15.049196243286132812 nan nan nan nan nan nan nan nan
nan nan nan nan nan nan nan nan nan nan nan nan nan nan nan nan nan 37.416881561279296875 36.025104522705078125 37.408451080322265625 39.721164703369140625 39.89373016357421875 42.58538055419921875 42.197017669677734375 34.6308441162109375 20.263658523559570312 14.689304351806640625 14.032795906066894531 15.360929489135742188 16.12671661376953125 14.314625740051269531 12.538364410400390625 11.498126983642578125 11.591426849365234375 11.53592681884765625 11.603933334350585938 13.294088363647460938 13.2690887451171875 13.910513877868652344 14.422634124755859375 14.473076820373535156 13.629536628723144531 14.292464256286621094 15.694451332092285156 17.5049896240234375 18.51955413818359375 19.774993896484375 21.297945022583007812 21.049440383911132812 20.854688644409179688 20.514413833618164062 20.254968643188476562 19.118747711181640625 18.974847793579101562 16.754854202270507812 14.099410057067871094 12.633852005004882812 13.332541465759277344 16.280567169189453125 21.542314529418945312 nan 32.29270172119140625 31.478427886962890625 nan nan
nan nan nan nan nan nan nan nan nan nan nan nan nan nan nan nan nan 34.36280059814453125 29.46057891845703125 25.366086959838867188 30.349195480346679688 37.9902191162109375 40.316738128662109375 34.7250823974609375 27.249576568603515625 18.13452911376953125 13.997584342956542969 14.390476226806640625 18.138879776000976562 16.322957992553710938 12.800610542297363281 11.730284690856933594 11.805144309997558594 11.918603897094726562 12.516171455383300781 13.874067306518554688 15.213445663452148438 15.515236854553222656 16.960296630859375 16.84865570068359375 16.801954269409179688 16.608364105224609375 18.25572967529296875 19.673624038696289062 20.312932968139648438 19.448945999145507812 19.650281906127929688 20.829334259033203125 21.073028564453125 20.718381881713867188 19.725223541259765625 18.991703033447265625 17.309490203857421875 17.355289459228515625 15.391419410705566406 14.464293479919433594 13.097558021545410156 13.733992576599121094 14.71160125732421875 16.159578323364257812 20.070262908935546875 22.53924560546875 22.287858963012695312 22.206357955932617188 24.352075576782226562
