rasters/edaphic_/ocs.asc
ncols        720
nrows        300
xllcorner    -180.000000000000
yllcorner    -60.000000000000
cellsize     0.500000000000
NODATA_value  nan
[rows 116 to 144 of 300, columns 130 to 194 of 720]
15.729276657104492188 11.71500396728515625 11.573408126831054688 11.614226341247558594 12.142182350158691406 13.694474220275878906 18.47406768798828125 22.807849884033203125 25.708250045776367188 23.5790863037109375 23.423847198486328125 28.933429718017578125 21.961683273315429688 17.266239166259765625 15.283057212829589844 13.788279533386230469 12.851551055908203125 nan 21.889453887939453125 22.870128631591796875 28.61395263671875 27.225873947143554688 22.505889892578125 22.216730117797851562 23.105970382690429688 25.330211639404296875 27.55218505859375 33.071231842041015625 38.465061187744140625 43.875385284423828125 46.35942840576171875 45.061000823974609375 43.473796844482421875 47.410816192626953125 51.413051605224609375 46.687999725341796875 38.1539154052734375 31.854335784912109375 33.594928741455078125 36.150501251220703125 35.57405853271484375 37.015338897705078125 nan 40.05510711669921875 40.810115814208984375 40.329319000244140625 40.817047119140625 41.79107666015625 40.274044036865234375 40.550754547119140625 41.045780181884765625 40.27066802978515625 39.521221160888671875 41.78704833984375 40.669818878173828125 40.00858306884765625 38.804172515869140625 39.45233154296875 39.2895660400390625 38.190826416015625 36.683563232421875 35.280323028564453125 36.374114990234375 38.59723663330078125 38.311298370361328125
nan nan nan 13.5269775390625 13.688447952270507812 15.450870513916015625 18.586198806762695312 24.355867385864257812 28.831384658813476562 29.088911056518554688 24.050060272216796875 23.806262969970703125 27.8570098876953125 21.446567535400390625 18.525423049926757812 15.056685447692871094 12.366719245910644531 15.553234100341796875 17.71405792236328125 21.7957000732421875 25.512180328369140625 28.546518325805664062 24.309589385986328125 23.23964691162109375 24.110088348388671875 27.0717315673828125 31.15515899658203125 36.112537384033203125 40.259189605712890625 43.692317962646484375 46.338161468505859375 47.16011810302734375 45.664279937744140625 49.745326995849609375 52.04915618896484375 45.29846954345703125 34.212032318115234375 30.317800521850585938 33.477611541748046875 34.66436767578125 35.900905609130859375 38.0553131103515625 39.530300140380859375 37.945903778076171875 36.54852294921875 39.856781005859375 43.90071868896484375 41.670558929443359375 38.6475372314453125 39.449100494384765625 39.252483367919921875 38.387363433837890625 37.41878509521484375 38.866733551025390625 nan 39.86521148681640625 38.522003173828125 38.153362274169921875 37.17119598388671875 36.670215606689453125 37.55960845947265625 37.038043975830078125 37.11383056640625 37.312206268310546875 36.460720062255859375
12.4672393798828125 nan nan nan 14.878348350524902344 15.595486640930175781 17.36756134033203125 21.532888412475585938 28.251440048217773438 29.863189697265625 27.1809539794921875 26.83038330078125 30.993021011352539062 27.465091705322265625 23.509351730346679688 18.226846694946289062 14.897837638854980469 17.101263046264648438 19.223661422729492188 19.508075714111328125 23.349903106689453125 33.612369537353515625 36.9125823974609375 30.175668716430664062 30.6004638671875 33.293941497802734375 37.20832061767578125 39.01544189453125 41.57787322998046875 43.37259674072265625 42.424694061279296875 45.901515960693359375 46.3639984130859375 50.6345672607421875 51.1766357421875 40.676456451416015625 33.062389373779296875 32.49254608154296875 31.913633346557617188 33.61336517333984375 35.48822784423828125 36.94324493408203125 36.854084014892578125 33.18158721923828125 35.123134613037109375 37.760997772216796875 42.770145416259765625 40.857776641845703125 38.9536590576171875 40.13484954833984375 40.214984893798828125 39.231456756591796875 40.1376495361328125 40.3236083984375 39.445560455322265625 35.748310089111328125 34.291522979736328125 32.805988311767578125 33.7668304443359375 32.640903472900390625 nan 37.8040771484375 38.763759613037109375 34.64849090576171875 33.573749542236328125
13.840600013732910156 nan nan nan 13.371230125427246094 14.882707595825195312 18.113203048706054688 20.568634033203125 28.151281356811523438 31.173837661743164062 30.47359466552734375 32.0799102783203125 37.9530792236328125 36.932415008544921875 27.380586624145507812 22.597497940063476562 21.556077957153320312 22.387632369995117188 20.230951309204101562 21.374235153198242188 24.098402023315429688 30.152067184448242188 35.523281097412109375 36.970684051513671875 37.523120880126953125 34.290332794189453125 37.81923675537109375 42.404987335205078125 43.76177215576171875 46.489475250244140625 46.997478485107421875 54.13343048095703125 54.437068939208984375 52.11449432373046875 46.477527618408203125 38.3115081787109375 35.889812469482421875 34.257450103759765625 31.424146652221679688 34.5168609619140625 38.64453887939453125 nan 45.60623931884765625 44.117645263671875 43.4307861328125 43.593120574951171875 51.579128265380859375 53.5197296142578125 51.173465728759765625 nan nan nan nan nan 39.073764801025390625 nan nan nan nan 31.660999298095703125 34.31372833251953125 34.223358154296875 36.70944976806640625 28.768953323364257812 28.405271530151367188
13.661309242248535156 nan nan nan nan 13.914555549621582031 18.159267425537109375 19.413999557495117188 23.582983016967773438 29.27716064453125 30.332803726196289062 32.4316253662109375 43.946132659912109375 45.3115234375 36.55873870849609375 32.01300811767578125 31.34282684326171875 27.946857452392578125 24.133569717407226562 26.870737075805664062 23.746614456176757812 24.563661575317382812 27.545320510864257812 27.894617080688476562 30.28217315673828125 31.992246627807617188 33.688152313232421875 39.088146209716796875 43.34592437744140625 46.752246856689453125 52.454761505126953125 53.83233642578125 51.292659759521484375 46.80352783203125 42.130199432373046875 38.07791900634765625 37.2081451416015625 37.804096221923828125 nan nan nan 57.51967620849609375 74.33618927001953125 nan 74.23181915283203125 72.38935089111328125 67.7388458251953125 64.72539520263671875 61.021167755126953125 nan 78.80295562744140625 nan nan nan nan nan nan nan nan 36.1474761962890625 nan nan nan 28.363813400268554688 26.280977249145507812
14.707024574279785156 14.190752983093261719 14.48320770263671875 nan nan nan 16.492151260375976562 18.15360260009765625 20.178720474243164062 25.216928482055664062 29.4051666259765625 30.473306655883789062 37.2532806396484375 43.97182464599609375 38.49190521240234375 35.692653656005859375 37.1490478515625 31.09029388427734375 22.866626739501953125 22.938966751098632812 20.182613372802734375 23.733701705932617188 26.602954864501953125 27.295480728149414062 32.517574310302734375 37.459949493408203125 39.821620941162109375 37.96791839599609375 36.672161102294921875 42.254474639892578125 44.0231781005859375 43.097629547119140625 41.164600372314453125 37.645961761474609375 37.384906768798828125 37.018428802490234375 38.27960968017578125 49.89748382568359375 56.158538818359375 55.51853179931640625 nan nan nan nan nan nan nan 86.86775970458984375 79.56407928466796875 76.4861602783203125 nan nan nan nan nan nan nan nan nan nan nan nan nan nan 31.787494659423828125
nan 15.268964767456054688 16.489870071411132812 16.200429916381835938 nan nan 17.656635284423828125 18.711761474609375 19.670135498046875 23.277862548828125 28.599538803100585938 33.315425872802734375 38.465061187744140625 41.27648162841796875 37.051090240478515625 36.93892669677734375 37.36960601806640625 36.0028076171875 24.941715240478515625 22.589437484741210938 22.600757598876953125 25.530832290649414062 26.545637130737304688 23.593778610229492188 29.060956954956054688 43.546169281005859375 44.45224761962890625 40.767333984375 32.9142608642578125 36.17242431640625 37.24170684814453125 37.413845062255859375 35.7472991943359375 35.64794921875 37.46643829345703125 36.7604522705078125 46.322479248046875 55.02623748779296875 61.700649261474609375 nan nan nan nan nan nan nan nan nan nan nan nan nan nan nan nan nan nan nan nan nan nan nan nan nan nan
nan nan 15.427404403686523438 15.877719879150390625 nan nan nan 19.029695510864257812 20.642229080200195312 22.806306838989257812 26.147533416748046875 33.497501373291015625 39.67806243896484375 42.201984405517578125 43.865772247314453125 38.551910400390625 35.06459808349609375 35.00286865234375 28.112619400024414062 23.826488494873046875 24.62822723388671875 24.8340606689453125 23.209974288940429688 26.081804275512695312 32.49454498291015625 44.80945587158203125 42.77069091796875 38.852039337158203125 33.167858123779296875 28.772966384887695312 32.212429046630859375 32.7139892578125 32.278839111328125 36.827808380126953125 36.920230865478515625 41.0219879150390625 nan nan nan nan nan nan nan nan nan nan nan nan nan nan nan nan nan nan nan nan nan nan nan nan nan nan nan nan nan
11.331406593322753906 nan 12.020482063293457031 14.194492340087890625 17.539224624633789062 nan nan nan nan 24.316982269287109375 25.271100997924804688 31.900308609008789062 37.740840911865234375 40.2689666748046875 44.29970550537109375 41.10343170166015625 36.38300323486328125 34.5130615234375 27.1728515625 22.544986724853515625 23.026548385620117188 24.5614471435546875 23.746656417846679688 22.717222213745117188 32.3975677490234375 38.18978118896484375 39.265987396240234375 31.27960968017578125 30.289520263671875 27.0227508544921875 28.957050323486328125 31.06439971923828125 33.426982879638671875 36.40616607666015625 37.14128875732421875 nan nan nan nan nan nan nan nan nan nan nan nan nan nan nan nan nan nan nan nan nan nan nan nan nan nan nan nan nan nan
nan 10.527639389038085938 10.626405715942382812 12.537685394287109375 17.481889724731445312 21.525751113891601562 nan nan nan 24.993684768676757812 25.65337371826171875 26.833261489868164062 36.1587982177734375 39.9136505126953125 41.735088348388671875 41.4503631591796875 37.688030242919921875 34.72176361083984375 31.561656951904296875 24.71323394775390625 24.67108917236328125 27.779375076293945312 26.3853302001953125 23.191806793212890625 32.8068389892578125 37.038852691650390625 36.09835052490234375 30.210599899291992188 31.473688125610351562 28.502794265747070312 27.713983535766601562 28.629396438598632812 30.152597427368164062 27.375972747802734375 27.898036956787109375 nan nan nan nan nan nan nan nan nan nan nan nan nan nan nan nan nan nan nan nan nan nan nan nan nan nan nan nan nan nan
nan nan nan nan 17.223802566528320312 23.911680221557617188 21.942609786987304688 nan nan nan 27.450593948364257812 24.849269866943359375 32.74739837646484375 38.74668121337890625 42.35596466064453125 47.286895751953125 44.57852935791015625 39.584835052490234375 38.613407135009765625 33.241832733154296875 26.176050186157226562 21.593103408813476562 20.754179000854492188 25.415746688842773438 29.686994552612304688 30.344196319580078125 36.069736480712890625 34.522064208984375 34.851947784423828125 36.49471282958984375 27.9206695556640625 26.535303115844726562 28.646108627319335938 27.107334136962890625 26.28763580322265625 nan nan nan nan nan nan nan nan nan nan nan nan nan nan nan nan nan nan nan nan nan nan nan nan nan nan nan nan nan nan
nan nan nan nan nan 19.700227737426757812 23.650087356567382812 nan nan nan nan 24.000659942626953125 28.897333145141601562 38.942249298095703125 45.846469879150390625 48.73473358154296875 45.900054931640625 45.986904144287109375 41.548549652099609375 40.78455352783203125 32.395198822021484375 23.087350845336914062 21.324991226196289062 26.552236557006835938 27.55756378173828125 30.840276718139648438 35.100742340087890625 31.74602508544921875 31.110452651977539062 42.33931732177734375 37.89752960205078125 27.89124298095703125 29.16349029541015625 29.16287994384765625 30.34235382080078125 nan nan nan nan nan nan nan nan nan nan nan nan nan nan nan nan nan nan nan nan nan nan nan nan nan nan nan nan nan nan
nan nan nan nan nan nan 20.548442840576171875 nan nan nan nan 27.405834197998046875 28.711465835571289062 33.504146575927734375 41.918346405029296875 47.85909271240234375 49.468524932861328125 45.902088165283203125 40.644054412841796875 41.234745025634765625 39.19501495361328125 31.995367050170898438 28.510494232177734375 26.079837799072265625 24.631443023681640625 25.431894302368164062 29.798055648803710938 31.854459762573242188 39.291645050048828125 nan 39.68361663818359375 30.862394332885742188 31.012479782104492188 32.10762786865234375 31.947408676147460938 nan nan nan nan nan nan nan nan nan nan nan nan nan nan nan nan nan nan nan nan nan nan nan nan nan nan nan nan nan nan
nan nan nan nan nan nan 15.992361068725585938 20.353853225708007812 nan nan nan nan nan 32.852291107177734375 37.73215484619140625 45.277252197265625 51.41416168212890625 50.775478363037109375 43.737957000732421875 40.981937408447265625 40.3960418701171875 34.291233062744140625 30.6883697509765625 30.430288314819335938 27.6487884521484375 32.54413604736328125 38.71050262451171875 43.43987274169921875 50.7619781494140625 56.711444854736328125 44.256084442138671875 36.38085174560546875 33.16473388671875 34.984455108642578125 32.259857177734375 nan nan nan nan nan nan nan nan nan nan nan nan nan nan nan nan nan nan nan nan nan nan nan nan nan nan nan nan nan nan
nan nan nan nan nan nan 15.99806976318359375 15.856411933898925781 22.42594146728515625 nan nan nan nan nan 36.639141082763671875 38.6364593505859375 45.5543975830078125 52.420070648193359375 49.91060638427734375 41.665096282958984375 40.202045440673828125 38.857326507568359375 34.570743560791015625 31.724639892578125 28.54488372802734375 32.81697845458984375 38.71099090576171875 41.617153167724609375 42.79461669921875 50.323940277099609375 54.15836334228515625 46.167877197265625 53.49924468994140625 46.537204742431640625 42.45986175537109375 nan nan nan nan nan nan nan nan nan nan nan nan nan nan nan nan nan nan nan nan nan nan nan nan nan nan nan nan nan nan
nan nan nan nan nan nan nan 17.374134063720703125 17.496870040893554688 19.97725677490234375 nan nan nan nan nan 36.770755767822265625 41.25054168701171875 51.33890533447265625 55.097454071044921875 44.18183135986328125 38.14403533935546875 36.218799591064453125 36.3914337158203125 35.209751129150390625 31.87848663330078125 28.556102752685546875 33.4918365478515625 39.6059112548828125 38.561504364013671875 43.4768524169921875 59.768825531005859375 49.453227996826171875 49.231006622314453125 48.46570587158203125 51.18355560302734375 nan nan nan nan nan nan nan nan nan nan nan nan nan nan nan nan nan nan nan nan nan nan nan nan nan nan nan nan nan nan
nan nan nan nan nan nan nan nan nan 21.987024307250976562 28.586725234985351562 nan nan nan nan nan 39.100688934326171875 44.412929534912109375 53.35748291015625 50.364376068115234375 43.452014923095703125 38.958797454833984375 37.465435028076171875 33.252216339111328125 30.94582366943359375 26.925924301147460938 30.628679275512695312 35.3525848388671875 40.231418609619140625 45.61945343017578125 59.879390716552734375 55.74983978271484375 52.3303680419921875 57.938480377197265625 54.160213470458984375 nan nan nan nan nan nan nan nan nan nan nan nan nan nan nan nan nan nan nan nan nan nan nan nan nan nan nan nan nan nan
nan nan nan nan nan nan nan nan nan nan 29.039392471313476562 nan nan nan nan nan nan 38.78067779541015625 46.04705047607421875 51.085811614990234375 48.135158538818359375 46.12119293212890625 43.479434967041015625 37.742679595947265625 31.0747833251953125 27.061025619506835938 29.846950531005859375 37.50316619873046875 43.317180633544921875 46.73859405517578125 55.150909423828125 63.010051727294921875 54.76513671875 65.01714324951171875 56.37371063232421875 nan nan nan nan nan nan nan nan nan nan nan nan nan nan nan nan nan nan nan nan nan nan nan nan nan nan nan nan nan nan
nan nan nan nan nan nan nan nan nan nan nan nan nan nan nan nan nan nan 41.704547882080078125 48.262439727783203125 48.75243377685546875 45.104236602783203125 44.623264312744140625 42.742481231689453125 37.61428070068359375 31.977924346923828125 29.222169876098632812 36.1315460205078125 42.8307037353515625 46.719066619873046875 48.844242095947265625 63.00853729248046875 48.290531158447265625 49.958507537841796875 nan nan nan nan nan nan nan nan nan nan nan nan nan nan nan nan nan nan nan nan nan nan nan nan nan nan nan nan nan 60.979461669921875 57.238391876220703125
nan nan nan nan nan nan nan nan nan nan nan nan nan nan nan nan nan nan nan 46.687587738037109375 50.66594696044921875 47.8150634765625 42.61325836181640625 42.2649993896484375 43.293117523193359375 38.17078399658203125 33.241840362548828125 38.019374847412109375 43.217433929443359375 46.46616363525390625 47.58768463134765625 67.81533050537109375 53.101131439208984375 49.560832977294921875 nan nan nan nan nan nan nan nan nan nan nan nan nan nan nan nan nan nan nan nan nan nan nan nan nan nan nan 64.0865631103515625 61.1953582763671875 nan nan
nan nan nan nan nan nan nan nan nan nan nan nan nan nan nan nan nan nan nan 44.39298248291015625 50.0454254150390625 48.416477203369140625 42.353343963623046875 40.867565155029296875 41.7635345458984375 38.05426788330078125 37.24663543701171875 37.732372283935546875 41.273433685302734375 50.88318634033203125 53.950469970703125 71.17755889892578125 59.96199798583984375 59.01589202880859375 61.77243804931640625 nan nan nan nan nan nan nan nan nan nan nan nan nan nan nan nan nan nan nan nan nan nan nan nan nan nan nan nan nan 61.62979888916015625
nan nan nan nan nan nan nan nan nan nan nan nan nan nan nan nan nan nan nan nan 49.440338134765625 48.78914642333984375 44.820194244384765625 43.258419036865234375 39.64617919921875 39.48381805419921875 41.834171295166015625 41.678943634033203125 37.356784820556640625 45.825710296630859375 55.337245941162109375 66.0855560302734375 69.05731964111328125 61.693500518798828125 62.353206634521484375 nan nan nan nan nan nan nan nan nan nan nan nan nan nan nan nan 103.60394287109375 109.8610992431640625 100.3548431396484375 86.7240142822265625 77.8077850341796875 nan nan nan nan nan nan nan nan nan
nan nan nan nan nan nan nan nan nan nan nan nan nan nan nan nan nan nan nan nan 48.6010284423828125 48.08135223388671875 45.98966217041015625 44.83640289306640625 43.339336395263671875 43.149658203125 41.690906524658203125 41.775661468505859375 40.81797027587890625 43.125213623046875 48.061679840087890625 57.65657806396484375 65.284454345703125 68.4316864013671875 59.60943603515625 57.740222930908203125 nan nan nan nan nan nan nan nan nan nan nan nan nan 78.5025482177734375 90.31707000732421875 98.00189208984375 100.441986083984375 94.167938232421875 84.1726531982421875 78.38124847412109375 nan nan nan nan nan nan nan nan nan
nan nan nan nan nan nan nan nan nan nan nan nan nan nan nan nan nan nan nan 47.062450408935546875 49.2606201171875 47.7225189208984375 49.021366119384765625 nan 46.822605133056640625 46.77701568603515625 46.043193817138671875 45.987361907958984375 45.9658660888671875 46.977146148681640625 48.76324462890625 51.18643951416015625 54.38123321533203125 65.88512420654296875 67.86772918701171875 58.167560577392578125 nan nan nan nan nan nan nan nan nan nan nan nan nan 78.9445953369140625 78.41205596923828125 77.49173736572265625 80.03911590576171875 86.47148895263671875 86.87267303466796875 nan nan nan nan nan nan nan nan nan nan
nan nan nan nan nan nan nan nan nan nan nan nan nan nan nan nan nan nan nan 42.4881591796875 48.4639892578125 49.239582061767578125 51.8844451904296875 52.03765106201171875 51.0908050537109375 57.19219207763671875 55.5958099365234375 53.4246368408203125 58.3197021484375 58.953380584716796875 59.77685546875 52.828586578369140625 50.68682098388671875 57.42011260986328125 62.733898162841796875 68.3729095458984375 68.04827880859375 nan nan nan nan nan nan nan nan nan nan nan nan 77.13785552978515625 73.5422821044921875 75.16396331787109375 73.99872589111328125 76.480743408203125 82.77574920654296875 nan nan nan nan nan nan nan nan nan nan
nan nan nan nan nan nan nan nan nan nan nan nan nan nan nan nan nan nan nan nan 46.147464752197265625 49.873523712158203125 49.27227020263671875 51.38735198974609375 43.515933990478515625 50.454647064208984375 54.191082000732421875 55.02201080322265625 53.719707489013671875 61.879924774169921875 69.50376129150390625 70.66827392578125 67.932952880859375 56.158519744873046875 51.282711029052734375 65.00025177001953125 65.6806182861328125 nan nan nan nan nan nan nan nan nan nan nan nan 74.45958709716796875 77.67292022705078125 79.402801513671875 75.18750762939453125 69.00110626220703125 71.030303955078125 nan nan nan nan nan nan nan nan nan nan
nan nan nan nan nan nan nan nan nan nan nan nan nan nan nan nan nan nan nan nan nan nan 46.756557464599609375 54.586635589599609375 50.751117706298828125 42.489269256591796875 41.284854888916015625 40.56909942626953125 41.741916656494140625 51.568965911865234375 59.61126708984375 56.00121307373046875 53.3587646484375 48.75145721435546875 49.371799468994140625 64.76795196533203125 68.6860504150390625 58.85765838623046875 nan nan nan nan nan nan nan nan nan 65.5523834228515625 73.04227447509765625 77.3076019287109375 87.5141143798828125 83.72039031982421875 70.15749359130859375 65.18596649169921875 68.74979400634765625 nan nan nan nan nan nan nan nan nan nan
nan nan nan nan nan nan nan nan nan nan nan nan nan nan nan nan nan nan nan nan nan nan nan 53.206607818603515625 53.35951995849609375 47.1823883056640625 42.98790740966796875 45.245075225830078125 40.467922210693359375 44.6855621337890625 48.579555511474609375 45.578060150146484375 43.397441864013671875 42.4859466552734375 49.485790252685546875 55.8764190673828125 72.92601776123046875 66.53942108154296875 58.723110198974609375 57.949092864990234375 59.38091278076171875 nan nan 56.093647003173828125 62.360095977783203125 60.14109039306640625 56.9907684326171875 58.684284210205078125 67.3968353271484375 77.475982666015625 87.54647064208984375 78.4756011962890625 62.581798553466796875 59.5029449462890625 nan nan nan nan nan nan nan nan nan nan nan
nan nan nan nan nan nan nan nan nan nan nan nan nan nan nan nan nan nan nan nan nan nan nan nan nan nan nan 51.378997802734375 54.415088653564453125 53.877285003662109375 52.77324676513671875 48.27643585205078125 47.2459716796875 46.21469879150390625 50.665699005126953125 52.35086822509765625 68.72827911376953125 72.3521270751953125 56.279598236083984375 50.970401763916015625 53.146068572998046875 57.327178955078125 58.171634674072265625 58.20806121826171875 56.4308013916015625 54.355670928955078125 48.617092132568359375 49.1991729736328125 58.398777008056640625 72.2600860595703125 78.244964599609375 68.70461273193359375 56.592624664306640625 56.673007965087890625 nan nan nan nan nan nan nan nan nan nan nan
