rasters/edaphic_/ocs.asc
ncols        720
nrows        300
xllcorner    -180.000000000000
yllcorner    -60.000000000000
cellsize     0.500000000000
NODATA_value  nan
[rows 29 to 57 of 300, columns 390 to 454 of 720]
nan nan nan nan nan nan nan nan nan nan nan nan nan nan nan nan nan nan nan nan nan nan nan nan nan nan nan nan nan nan nan nan nan nan nan nan nan nan nan nan nan nan nan nan nan nan nan nan nan nan nan nan nan nan nan nan nan nan nan nan nan nan nan nan nan
nan nan nan nan nan nan nan nan nan nan nan nan nan nan nan nan nan nan nan nan nan nan nan nan nan nan nan nan nan nan nan nan nan nan nan nan nan nan nan nan nan nan nan nan nan nan nan nan nan nan nan nan nan nan nan nan nan nan nan nan nan nan nan nan nan
nan nan nan nan nan nan nan nan nan nan nan nan nan nan nan nan nan nan nan nan nan nan nan nan nan nan nan nan nan nan nan nan nan nan nan nan nan nan nan nan nan nan nan nan nan nan nan nan nan nan nan nan nan nan nan nan nan nan nan nan nan nan nan nan nan
nan nan nan nan nan nan nan nan nan nan nan nan nan nan nan nan nan nan nan nan nan nan nan nan nan nan nan nan nan nan nan nan nan nan nan nan nan nan nan nan nan nan nan nan nan nan nan nan nan nan nan nan nan nan nan nan nan nan nan nan nan nan nan nan nan
nan nan nan nan nan nan nan nan nan nan nan nan nan nan nan nan nan nan nan nan nan nan nan nan nan nan nan nan nan nan nan nan nan nan nan nan nan nan nan nan nan nan nan nan nan nan nan nan nan nan nan nan nan nan nan nan nan nan nan nan nan nan nan nan nan
nan nan nan nan nan nan nan nan nan nan nan nan nan nan nan nan nan nan nan nan nan nan nan nan nan nan nan nan nan nan nan nan nan nan nan nan nan nan nan nan nan nan nan nan nan nan nan nan nan nan nan nan nan nan nan nan nan nan nan nan nan nan nan nan nan
nan nan nan nan nan nan nan nan nan nan nan nan nan nan nan nan nan nan nan nan nan nan nan nan nan nan nan nan nan nan nan nan nan nan nan nan nan nan nan nan nan nan nan nan nan nan nan nan nan nan nan nan nan nan nan nan nan nan nan nan nan nan nan nan nan
nan nan nan nan nan nan nan nan nan nan nan nan nan nan nan nan nan nan nan nan nan nan nan nan nan nan nan nan nan nan nan nan nan nan nan nan nan nan nan nan nan nan nan nan nan nan nan nan nan nan nan nan nan nan nan nan nan nan nan nan nan nan nan nan nan
nan nan nan nan nan nan nan nan nan nan nan nan nan nan nan nan nan nan nan nan nan nan nan nan nan nan nan nan nan nan nan nan nan nan nan nan nan nan nan nan nan nan nan nan nan nan nan nan nan nan nan nan nan nan nan nan nan nan nan nan nan nan nan nan nan
nan nan nan nan nan nan nan nan nan nan nan nan nan nan nan nan 101.47650909423828125 nan nan 95.8642730712890625 95.38419342041015625 nan 86.79036712646484375 86.88007354736328125 nan 89.10271453857421875 nan 90.34441375732421875 87.0716400146484375 nan nan nan nan nan nan nan nan nan nan nan nan nan nan nan nan nan nan nan nan nan nan nan nan nan nan nan nan nan nan nan nan nan nan nan nan
nan nan nan nan nan nan nan nan nan nan 100.64408111572265625 nan nan 93.22967529296875 94.7456512451171875 94.59478759765625 nan 93.5279998779296875 90.07688140869140625 85.90491485595703125 nan 84.75917816162109375 85.7219696044921875 80.0448760986328125 78.0032958984375 78.32762908935546875 77.64008331298828125 80.47913360595703125 81.1815032958984375 85.38127899169921875 87.6721649169921875 88.2877655029296875 nan nan nan nan nan nan nan nan nan nan nan nan nan nan nan nan nan nan nan nan nan nan nan nan nan nan nan nan nan nan nan nan nan
nan nan nan nan nan nan nan nan 95.7709808349609375 100.605072021484375 103.81290435791015625 90.22852325439453125 87.89864349365234375 89.93378448486328125 89.129852294921875 82.93483734130859375 75.690521240234375 76.59342193603515625 79.282562255859375 78.166168212890625 74.52332305908203125 77.2366943359375 75.86295318603515625 70.9436187744140625 71.06932830810546875 70.12998199462890625 68.7957916259765625 69.02399444580078125 70.111358642578125 nan 79.339080810546875 nan nan nan 84.178955078125 nan nan nan nan nan nan nan nan nan nan nan nan nan nan nan nan nan nan nan nan nan nan nan nan nan nan nan nan nan nan
nan nan nan nan 91.5259246826171875 89.1390838623046875 90.1056060791015625 93.70731353759765625 nan 99.63177490234375 92.96739959716796875 87.34445953369140625 84.6431427001953125 nan 79.09001922607421875 73.38388824462890625 nan 70.43468475341796875 70.31105804443359375 72.148284912109375 73.0325469970703125 73.168182373046875 68.22534942626953125 65.70090484619140625 nan 66.50511932373046875 66.5944061279296875 67.53265380859375 nan 70.8756561279296875 75.90872955322265625 79.8230438232421875 78.8440093994140625 76.6431427001953125 75.520355224609375 76.9923858642578125 78.03227996826171875 78.79857635498046875 79.2338714599609375 nan nan nan nan nan nan nan nan nan nan nan nan nan nan nan nan nan nan nan nan nan nan nan nan nan nan
88.598388671875 90.0182952880859375 91.38156890869140625 nan 89.08594512939453125 91.07677459716796875 93.15995025634765625 95.24509429931640625 nan 82.236328125 nan 71.35358428955078125 72.01654815673828125 72.68422698974609375 72.45552825927734375 72.03603363037109375 71.35552978515625 67.14412689208984375 64.8976287841796875 66.18001556396484375 67.19805908203125 67.9704742431640625 65.27533721923828125 65.3911590576171875 65.9162445068359375 66.8756866455078125 67.82793426513671875 67.72847747802734375 68.99903106689453125 70.97869110107421875 74.892730712890625 77.0286712646484375 77.4305419921875 73.98604583740234375 73.2338714599609375 nan 73.37194061279296875 76.48459625244140625 76.52193450927734375 75.09058380126953125 74.406982421875 74.3362884521484375 74.56980133056640625 nan nan nan nan nan nan nan nan nan nan nan nan nan nan nan nan nan nan nan nan nan nan
nan nan nan nan nan 96.8153228759765625 96.79736328125 90.01476287841796875 82.23792266845703125 nan nan 74.1601715087890625 76.49005889892578125 78.05914306640625 79.7744598388671875 79.10736846923828125 76.14064788818359375 69.3125152587890625 65.53539276123046875 65.04761505126953125 64.12808990478515625 65.2728729248046875 66.47296142578125 67.193756103515625 69.74399566650390625 69.7000274658203125 71.45345306396484375 72.41651153564453125 72.3490142822265625 74.6776275634765625 76.633331298828125 nan 78.49221038818359375 76.61304473876953125 77.226287841796875 73.6219482421875 73.57884979248046875 78.30118560791015625 76.26729583740234375 73.15880584716796875 74.669342041015625 75.96044921875 75.0758056640625 75.1883544921875 74.8792877197265625 74.0549163818359375 71.436614990234375 69.08544158935546875 nan nan nan nan nan nan nan nan nan nan 96.1728057861328125 97.619842529296875 97.9955291748046875 97.6720428466796875 97.8209686279296875 nan nan
87.24017333984375 88.3532562255859375 93.86235809326171875 93.96413421630859375 nan 89.1159210205078125 92.49921417236328125 86.35065460205078125 78.70477294921875 77.94886016845703125 77.34731292724609375 79.23474884033203125 79.78829193115234375 77.678924560546875 78.9249725341796875 79.26461029052734375 77.51039886474609375 71.32025909423828125 67.9670257568359375 65.58386993408203125 65.44962310791015625 65.56983184814453125 66.583160400390625 66.52504730224609375 66.162261962890625 65.8396453857421875 69.032684326171875 70.73976898193359375 76.1678009033203125 78.75069427490234375 78.1301422119140625 77.87862396240234375 79.76425933837890625 82.1461639404296875 83.34609222412109375 81.61200714111328125 86.54802703857421875 84.32328033447265625 81.63469696044921875 80.17124176025390625 76.63481903076171875 76.02948760986328125 77.822601318359375 79.84296417236328125 78.266815185546875 74.23113250732421875 70.8311614990234375 68.57979583740234375 69.849853515625 69.4071807861328125 68.66620635986328125 nan nan nan nan nan nan nan 102.4995574951171875 100.82730865478515625 101.6767425537109375 101.20395660400390625 nan nan nan
86.74892425537109375 90.1101837158203125 91.86394500732421875 82.14923858642578125 84.75234222412109375 86.00830078125 83.23767852783203125 79.14557647705078125 78.6935272216796875 79.00286865234375 79.61468505859375 81.3965301513671875 81.40338897705078125 79.20192718505859375 82.679473876953125 82.26822662353515625 78.71329498291015625 76.4883270263671875 75.32093048095703125 74.83072662353515625 73.82003021240234375 69.63808441162109375 66.52898406982421875 66.59316253662109375 69.45581817626953125 69.31766510009765625 69.87079620361328125 74.852294921875 79.37985992431640625 80.852569580078125 82.7016143798828125 82.21952056884765625 83.07472991943359375 83.5084686279296875 87.099884033203125 87.44158935546875 88.3987579345703125 88.43933868408203125 86.27477264404296875 82.19159698486328125 77.85840606689453125 77.379058837890625 75.9028167724609375 76.39981842041015625 75.65350341796875 72.348602294921875 69.92267608642578125 70.7935791015625 72.37664794921875 72.295867919921875 70.60659027099609375 71.162628173828125 nan nan nan nan nan nan 103.04210662841796875 102.514678955078125 nan nan nan nan nan
92.064605712890625 92.26395416259765625 84.9888458251953125 79.26544189453125 79.5488433837890625 77.9837493896484375 nan 77.60260009765625 79.03502655029296875 nan 80.5744781494140625 nan 81.03314971923828125 79.85024261474609375 82.032379150390625 83.86249542236328125 79.31682586669921875 78.96700286865234375 78.55129241943359375 nan 72.90888214111328125 72.4067230224609375 69.5918426513671875 nan 70.2508087158203125 71.2857513427734375 72.69112396240234375 74.5896453857421875 75.62238311767578125 77.75102996826171875 80.93672943115234375 82.24347686767578125 83.05352783203125 nan nan 90.93802642822265625 nan nan 90.14743804931640625 89.3536224365234375 nan 81.30078125 78.04938507080078125 nan 76.28572845458984375 74.6167144775390625 71.9022369384765625 70.8735198974609375 70.5901031494140625 71.31204986572265625 69.876495361328125 71.8358154296875 nan nan nan nan nan nan nan 100.748291015625 101.40444183349609375 102.83161163330078125 103.73078155517578125 103.00585174560546875 103.39215850830078125
94.6370849609375 91.42195892333984375 81.7735748291015625 75.9652557373046875 72.371978759765625 71.87802886962890625 74.34343719482421875 74.94786834716796875 74.61136627197265625 75.21060943603515625 75.63675689697265625 78.1682586669921875 nan 81.25672149658203125 77.05251312255859375 78.51187896728515625 76.0919952392578125 77.64757537841796875 78.05699920654296875 74.78411102294921875 72.0931243896484375 69.98199462890625 69.42974090576171875 68.93302154541015625 70.30530548095703125 71.03713226318359375 69.9660186767578125 71.83724212646484375 74.10066986083984375 76.96331024169921875 79.1480560302734375 80.181732177734375 81.699310302734375 nan 85.35387420654296875 88.57404327392578125 89.978424072265625 90.95171356201171875 nan nan nan nan nan nan 86.21118927001953125 84.9837493896484375 82.29920196533203125 75.6080169677734375 71.40190887451171875 72.17371368408203125 nan nan nan nan 87.6298980712890625 90.91365814208984375 94.79370880126953125 nan 95.7281341552734375 96.94211578369140625 97.42075347900390625 95.42084503173828125 94.959564208984375 96.0572662353515625 96.56749725341796875
93.47737884521484375 88.29331207275390625 77.31925201416015625 71.5721435546875 66.3968505859375 63.243816375732421875 65.2536163330078125 67.0582733154296875 67.78771209716796875 69.24407196044921875 68.600433349609375 71.56252288818359375 80.63201141357421875 nan 93.30695343017578125 88.516754150390625 83.50994873046875 nan 90.08621978759765625 89.53409576416015625 80.6859893798828125 70.89019012451171875 66.35433197021484375 64.0096588134765625 63.63625335693359375 62.279323577880859375 59.952880859375 63.7605438232421875 70.92498779296875 74.71563720703125 75.474945068359375 nan nan nan nan 85.52474212646484375 nan 86.087188720703125 84.20647430419921875 87.34066009521484375 nan nan nan nan nan nan nan nan nan nan nan 80.289031982421875 76.738311767578125 nan 76.5 81.162078857421875 85.560821533203125 87.858612060546875 nan 88.26763153076171875 89.00555419921875 88.6434478759765625 88.279083251953125 88.1253509521484375 84.76349639892578125
89.9511871337890625 79.83880615234375 68.6060638427734375 nan 63.705837249755859375 60.44952392578125 60.680187225341796875 62.27620697021484375 62.161411285400390625 62.730865478515625 65.57831573486328125 70.582000732421875 85.21246337890625 nan nan nan nan nan nan nan nan 78.11305999755859375 74.17751312255859375 71.108428955078125 nan 61.9067535400390625 60.388153076171875 61.737133026123046875 nan nan 75.67520904541015625 78.1453857421875 78.2911376953125 79.73154449462890625 80.57514190673828125 80.394378662109375 79.98564910888671875 77.61270904541015625 78.3860931396484375 nan nan nan nan nan nan nan nan nan nan nan 79.64756011962890625 76.25565338134765625 73.41654205322265625 72.6701507568359375 73.882049560546875 77.05633544921875 79.2516632080078125 81.3629302978515625 79.99141693115234375 80.31368255615234375 80.43035125732421875 80.90240478515625 nan 75.5833740234375 73.71352386474609375
83.4836273193359375 72.34098052978515625 nan 64.538299560546875 62.708362579345703125 61.348384857177734375 59.47617340087890625 59.15634918212890625 60.287410736083984375 62.78536224365234375 66.66516876220703125 74.88619232177734375 nan nan nan nan nan nan nan 92.47747802734375 87.73029327392578125 84.57210540771484375 82.914398193359375 80.59777069091796875 75.11705780029296875 67.238555908203125 63.748996734619140625 62.27625274658203125 nan 71.0833740234375 73.92865753173828125 76.1905059814453125 77.588623046875 nan 78.94091033935546875 76.7001190185546875 75.603851318359375 nan 77.36894989013671875 81.28710174560546875 nan nan nan 86.04032135009765625 80.33330535888671875 79.77823638916015625 nan nan nan nan nan 78.04611968994140625 76.35033416748046875 74.5642242431640625 72.33203887939453125 73.97052001953125 78.0098876953125 76.8885345458984375 76.444183349609375 76.27855682373046875 76.13799285888671875 76.6570587158203125 74.88109588623046875 72.83422088623046875 72.61309814453125
68.91765594482421875 65.89038848876953125 64.63228607177734375 62.7872772216796875 61.990631103515625 nan 61.48969268798828125 61.49300384521484375 63.333522796630859375 62.989185333251953125 66.37357330322265625 74.16550445556640625 nan nan nan nan nan nan 92.66363525390625 89.957916259765625 89.259063720703125 90.09017181396484375 84.80142974853515625 80.71164703369140625 nan 72.93074798583984375 68.56032562255859375 64.55802154541015625 62.93012237548828125 nan nan 64.92559814453125 70.749359130859375 74.0377655029296875 75.5914764404296875 75.81429290771484375 77.90412139892578125 78.71315765380859375 78.82707977294921875 79.57054901123046875 81.13909149169921875 83.46831512451171875 nan nan nan nan 81.7952880859375 77.83029937744140625 76.86673736572265625 76.2138671875 75.38567352294921875 74.00347900390625 76.04032135009765625 76.57100677490234375 75.2893218994140625 75.8801116943359375 76.787750244140625 73.98722076416015625 76.0712432861328125 77.61173248291015625 77.22415924072265625 75.91211700439453125 77.20877838134765625 76.68096160888671875 74.1739501953125
61.6728057861328125 61.417339324951171875 62.05634307861328125 62.29784393310546875 61.99591827392578125 62.7013702392578125 65.2182159423828125 69.5555877685546875 71.92037200927734375 72.38806915283203125 76.19709014892578125 nan nan nan nan 100.1522064208984375 96.76018524169921875 96.29198455810546875 94.73055267333984375 88.84980010986328125 84.32102203369140625 80.5245819091796875 74.73775482177734375 75.0320281982421875 77.3445892333984375 72.96636199951171875 68.36260223388671875 70.699371337890625 70.0119171142578125 63.732494354248046875 63.867427825927734375 66.81339263916015625 67.47211456298828125 69.01924896240234375 72.962677001953125 75.4095611572265625 81.8702545166015625 83.05139923095703125 79.88282012939453125 nan 78.81319427490234375 80.66785430908203125 82.3086395263671875 82.5880584716796875 83.39133453369140625 82.359832763671875 79.2087860107421875 76.57961273193359375 74.168243408203125 74.05797576904296875 74.21164703369140625 73.94840240478515625 75.15564727783203125 nan 74.9649505615234375 75.4958648681640625 76.77471160888671875 77.35449981689453125 80.167022705078125 81.15009307861328125 78.4635162353515625 74.4925689697265625 73.46721649169921875 72.42083740234375 74.04753875732421875
61.28746795654296875 63.02091217041015625 65.04238128662109375 67.2836151123046875 72.0077056884765625 77.10150146484375 85.6095428466796875 nan nan nan nan nan nan nan 98.4663848876953125 94.112335205078125 95.3236846923828125 96.78716278076171875 92.36800384521484375 80.55182647705078125 77.55914306640625 77.20673370361328125 76.56505584716796875 nan 83.45125579833984375 83.46303558349609375 nan 75.53279876708984375 78.00107574462890625 nan 74.7039337158203125 67.79080963134765625 66.13942718505859375 67.37720489501953125 nan 75.97049713134765625 82.26409912109375 nan 72.14681243896484375 69.839019775390625 72.61913299560546875 74.6822509765625 75.082794189453125 76.7520294189453125 77.72951507568359375 78.64056396484375 76.181549072265625 74.2226715087890625 75.72553253173828125 75.23897552490234375 76.4645843505859375 79.2704315185546875 79.61894989013671875 79.3675689697265625 79.4685211181640625 76.30878448486328125 74.794158935546875 75.61972808837890625 76.413848876953125 76.162109375 75.52965545654296875 74.84563446044921875 73.268951416015625 72.7615814208984375 75.81560516357421875
69.353973388671875 69.83408355712890625 73.36971282958984375 79.2793426513671875 86.230865478515625 97.56969451904296875 nan nan nan nan nan nan 106.061737060546875 95.5222015380859375 89.4730987548828125 90.82787322998046875 93.79343414306640625 89.5261688232421875 78.10420989990234375 74.368377685546875 79.501007080078125 80.80356597900390625 83.11199188232421875 nan 84.74993133544921875 nan 85.413726806640625 nan 83.7976226806640625 nan 79.9984893798828125 74.07836151123046875 70.62075042724609375 69.03876495361328125 70.59680938720703125 75.267913818359375 75.93331146240234375 74.033416748046875 74.34819793701171875 nan 74.8522796630859375 nan 72.71825408935546875 nan 69.42218780517578125 70.62859344482421875 71.41852569580078125 71.75399017333984375 75.09673309326171875 74.16457366943359375 72.46094512939453125 72.47193145751953125 76.13942718505859375 78.19536590576171875 77.0980224609375 74.645599365234375 74.45864105224609375 74.489471435546875 73.91042327880859375 73.7630767822265625 73.43375396728515625 73.1455230712890625 74.0411529541015625 74.28452301025390625 74.82363128662109375
72.19211578369140625 nan 80.88089752197265625 91.06728363037109375 97.40496063232421875 nan nan nan nan nan nan nan nan 90.69747161865234375 81.2823944091796875 81.90882110595703125 82.44071197509765625 nan 82.9524383544921875 nan 78.886199951171875 nan 87.74456787109375 85.46639251708984375 86.9323272705078125 88.54181671142578125 87.38410186767578125 89.30821990966796875 90.26505279541015625 91.54880523681640625 81.13645172119140625 77.6033782958984375 76.0037078857421875 74.50339508056640625 74.35819244384765625 75.7544403076171875 77.13735198974609375 nan nan 89.947845458984375 94.0111083984375 nan 78.64316558837890625 72.254638671875 71.479644775390625 70.47116851806640625 70.02149200439453125 69.439910888671875 72.9322662353515625 72.58437347412109375 72.432159423828125 72.517974853515625 73.54993438720703125 71.7525634765625 69.28073883056640625 68.36658477783203125 73.6943206787109375 72.4895782470703125 72.50839996337890625 75.593292236328125 76.80428314208984375 76.1078948974609375 75.40643310546875 74.39051055908203125 73.80219268798828125
67.91948699951171875 nan 82.52439117431640625 90.71826934814453125 99.201019287109375 nan nan nan nan nan nan nan nan 100.6728668212890625 89.908966064453125 82.76851654052734375 nan 84.05316162109375 89.2695770263671875 92.44638824462890625 91.49724578857421875 nan nan nan 91.98157501220703125 91.1420745849609375 89.33158111572265625 nan 88.35135650634765625 88.3521575927734375 87.23486328125 85.44376373291015625 84.65842437744140625 84.3565826416015625 82.250732421875 82.72383880615234375 nan 77.41998291015625 78.34993743896484375 nan nan nan 87.87570953369140625 79.0198211669921875 72.7573089599609375 69.43071746826171875 68.97339630126953125 70.83697509765625 71.9590301513671875 68.45786285400390625 68.84955596923828125 70.88408660888671875 72.96744537353515625 71.4634552001953125 70.80866241455078125 69.2954254150390625 68.61199951171875 68.23094940185546875 71.51091766357421875 76.8599090576171875 79.0422210693359375 78.3535003662109375 79.74932861328125 79.3471527099609375 78.23145294189453125
69.5683441162109375 77.33618927001953125 84.01753997802734375 93.17624664306640625 nan nan nan nan nan nan nan nan nan 103.2517242431640625 97.31813812255859375 90.9122314453125 88.8797760009765625 nan 92.99306488037109375 94.70163726806640625 92.62900543212890625 92.061309814453125 nan 91.25388336181640625 88.54828643798828125 87.359405517578125 nan 88.14194488525390625 84.29422760009765625 85.9705810546875 nan nan nan nan 90.6400909423828125 90.2017822265625 82.53972625732421875 75.05524444580078125 73.90242767333984375 78.37033843994140625 82.7111053466796875 nan nan 77.86228179931640625 70.54685211181640625 68.61522674560546875 69.2298583984375 nan 70.62184906005859375 68.21019744873046875 68.3914642333984375 70.1928558349609375 72.550994873046875 73.2762298583984375 72.30963897705078125 70.44518280029296875 68.27892303466796875 68.743865966796875 69.9270477294921875 75.6903839111328125 77.81024932861328125 79.40186309814453125 82.2116241455078125 nan 81.5973052978515625
