rasters/edaphic_/ocs.asc
ncols        720
nrows        300
xllcorner    -180.000000000000
yllcorner    -60.000000000000
cellsize     0.500000000000
NODATA_value  nan
[rows 29 to 57 of 300, columns 195 to 259 of 720]
nan nan nan nan nan nan nan nan nan nan nan nan nan nan nan nan nan nan nan nan nan nan nan nan nan nan nan nan nan nan nan nan nan nan nan nan nan nan nan nan nan nan nan nan nan nan nan nan nan nan nan nan nan nan nan nan nan nan nan nan nan nan nan nan nan
nan nan nan nan nan nan nan nan nan nan nan nan nan nan nan nan nan nan nan nan nan nan nan nan nan nan nan nan nan nan nan nan nan nan nan nan nan nan nan nan nan nan nan nan nan nan nan nan nan nan nan nan nan nan nan nan nan nan nan nan nan nan nan nan nan
nan nan nan nan nan nan nan nan nan nan nan nan nan nan nan nan nan nan nan nan nan nan nan nan nan nan nan nan nan nan nan nan nan nan nan nan nan nan nan nan nan nan nan nan nan nan nan nan nan nan nan nan 69.607452392578125 nan nan nan nan nan nan nan nan nan nan nan nan
nan nan nan nan nan nan nan nan nan nan nan nan nan nan nan nan nan nan nan nan nan nan nan nan nan nan nan nan nan nan nan nan nan nan nan nan nan nan nan nan nan nan nan nan nan nan nan nan nan nan nan nan nan 69.2230682373046875 nan nan nan nan nan nan nan nan nan nan nan
62.764575958251953125 nan 61.95351409912109375 nan 65.02393341064453125 68.42388916015625 nan nan nan nan 62.43157958984375 62.6838531494140625 nan nan nan nan nan nan nan nan nan nan nan nan nan nan nan nan nan nan nan nan nan nan nan nan nan nan nan nan nan nan nan nan nan nan nan nan nan nan nan nan nan nan 66.4329071044921875 nan nan nan nan nan nan nan nan nan nan
65.68508148193359375 64.9007720947265625 64.7274932861328125 65.79557037353515625 nan nan 73.21814727783203125 nan nan nan nan nan nan nan nan nan nan nan nan nan nan nan nan nan nan nan nan nan nan nan nan nan nan nan nan nan nan nan nan nan nan nan nan nan nan nan nan nan nan nan nan nan nan nan 64.38106536865234375 64.22698211669921875 nan nan nan nan nan nan nan nan nan
65.09563446044921875 66.52667236328125 65.7188873291015625 nan nan 64.3516693115234375 64.64498138427734375 65.97687530517578125 67.391571044921875 67.94458770751953125 nan nan nan nan nan nan nan nan nan nan nan nan nan nan nan nan nan nan nan nan nan nan nan nan nan nan nan nan nan nan nan nan nan nan nan nan nan nan nan nan nan nan nan nan 61.321704864501953125 62.0736083984375 63.61917877197265625 63.627811431884765625 nan nan nan nan nan nan nan
62.7266082763671875 62.53216552734375 62.648242950439453125 63.195529937744140625 nan 64.48736572265625 63.554080963134765625 64.0728302001953125 64.72896575927734375 nan 66.387939453125 66.5337677001953125 nan nan nan nan nan nan nan nan nan nan nan nan nan nan nan nan nan nan nan nan nan nan nan nan nan nan nan nan nan nan nan nan nan nan nan nan nan nan nan nan nan nan 63.084896087646484375 63.4210052490234375 62.744098663330078125 62.16457366943359375 nan 64.31494140625 nan 69.03624725341796875 nan nan nan
66.01490020751953125 65.2382049560546875 67.7115020751953125 68.98604583740234375 69.40908050537109375 69.18357086181640625 68.21959686279296875 69.84877777099609375 70.07367706298828125 66.861724853515625 65.61407470703125 64.56986236572265625 65.06329345703125 66.98302459716796875 68.06780242919921875 69.7813262939453125 68.80916595458984375 67.5691375732421875 67.7827606201171875 68.8087005615234375 68.25284576416015625 66.48740386962890625 66.056304931640625 nan nan nan nan nan nan nan nan nan nan nan nan nan nan nan nan nan nan nan nan nan nan nan nan nan nan nan nan nan nan nan nan nan nan 64.3457794189453125 nan nan nan nan nan nan nan
73.8938751220703125 70.30846405029296875 69.485137939453125 68.91306304931640625 67.0155792236328125 66.99079132080078125 68.663482666015625 69.46585845947265625 67.78270721435546875 65.1845855712890625 63.65332794189453125 62.807315826416015625 63.034496307373046875 64.606475830078125 68.1678314208984375 70.70011138916015625 71.3515777587890625 69.540557861328125 67.03937530517578125 nan nan nan nan nan nan nan 68.4580078125 nan nan nan nan nan nan nan nan nan nan nan nan nan nan nan nan nan nan nan nan nan nan nan nan nan nan nan nan nan 68.90413665771484375 69.50351715087890625 nan nan nan nan nan 69.55007171630859375 nan
69.996429443359375 68.94484710693359375 66.4197235107421875 64.327301025390625 63.7379913330078125 64.89366912841796875 64.240081787109375 nan 67.84352874755859375 67.211944580078125 65.53395843505859375 65.199981689453125 64.88469696044921875 64.3297119140625 65.18314361572265625 nan nan nan nan 66.85218048095703125 64.892547607421875 64.78150177001953125 65.15807342529296875 nan nan nan 67.34417724609375 nan nan nan nan nan nan nan nan nan nan nan nan nan nan nan nan nan nan nan nan nan nan nan nan nan nan nan nan nan 76.27117156982421875 nan nan 75.99707794189453125 70.903350830078125 66.6060791015625 65.84752655029296875 66.3209381103515625 nan
nan nan nan 63.3778228759765625 nan nan nan nan nan nan nan 64.31390380859375 62.558238983154296875 61.495777130126953125 62.570735931396484375 63.5516357421875 64.883636474609375 65.99872589111328125 nan nan nan 63.530757904052734375 62.93302154541015625 64.41440582275390625 nan nan 68.9591827392578125 nan 69.04865264892578125 69.871856689453125 71.32102203369140625 nan nan nan nan nan nan nan nan nan nan nan nan nan nan nan nan nan nan nan nan nan nan nan nan 78.61285400390625 78.0914459228515625 nan nan nan nan nan nan nan nan
nan nan nan nan nan nan nan nan 70.89644622802734375 nan 69.6304473876953125 69.71160125732421875 nan nan 62.1221466064453125 61.755733489990234375 nan 63.276519775390625 64.71739959716796875 66.16007232666015625 64.33158111572265625 64.06264495849609375 64.3519439697265625 65.4420623779296875 65.21320343017578125 65.53014373779296875 nan nan nan 68.78258514404296875 69.0144805908203125 67.95531463623046875 nan nan nan nan nan nan nan nan nan nan nan nan nan nan nan nan nan nan nan nan nan nan nan nan nan 80.7062835693359375 nan nan nan nan nan 70.49570465087890625 nan
64.646514892578125 64.6056060791015625 nan nan nan nan nan nan nan nan nan nan nan nan nan 64.77911376953125 64.34288787841796875 63.243686676025390625 63.182918548583984375 63.48909759521484375 64.1886138916015625 65.24620819091796875 66.2667999267578125 65.82436370849609375 66.1070556640625 nan 69.03874969482421875 nan nan nan nan nan nan nan nan nan nan nan nan nan nan nan nan nan nan nan nan nan nan nan nan nan nan nan nan nan nan nan nan nan nan nan nan 72.52860260009765625 nan
62.095882415771484375 nan nan nan nan nan nan nan nan nan nan nan 69.0943603515625 nan 72.56279754638671875 nan nan nan nan 63.8854522705078125 62.247013092041015625 62.32696533203125 62.91828155517578125 64.11871337890625 65.0925445556640625 65.3200225830078125 67.82663726806640625 72.108551025390625 75.4365081787109375 74.81951904296875 75.67221832275390625 74.95452117919921875 nan nan nan nan nan nan nan nan nan nan nan nan nan nan nan nan nan nan nan nan nan nan nan nan nan nan nan nan 68.49906158447265625 nan nan 76.712982177734375 nan
62.39391326904296875 nan nan nan nan nan nan nan nan nan 72.4568023681640625 71.32654571533203125 70.73923492431640625 71.1157073974609375 73.02901458740234375 nan nan nan nan nan 66.2932891845703125 64.4446258544921875 62.39678192138671875 64.0797271728515625 64.54595184326171875 64.45543670654296875 66.79592132568359375 70.4375152587890625 73.299560546875 77.21192169189453125 82.31641387939453125 81.84040069580078125 82.4710235595703125 81.51985931396484375 77.0688018798828125 79.2135009765625 nan nan nan nan nan nan nan nan nan nan nan nan nan nan nan nan nan nan nan nan nan nan 72.85376739501953125 nan nan nan nan 74.3021240234375 nan
55.88225555419921875 54.33898162841796875 nan nan nan nan nan nan nan nan nan nan nan nan nan nan nan nan nan nan nan 68.313262939453125 66.04944610595703125 65.431396484375 65.5349884033203125 67.04904937744140625 68.75199127197265625 68.9202423095703125 70.699066162109375 73.91614532470703125 nan nan nan nan nan nan nan nan 76.88385772705078125 nan nan nan nan nan nan nan nan nan nan nan nan nan nan nan nan nan nan 77.6701202392578125 nan 76.23242950439453125 75.4793701171875 73.35245513916015625 74.2834625244140625 nan 79.11418914794921875
50.02594757080078125 nan nan nan nan nan nan nan nan nan nan nan nan nan nan nan nan nan nan 72.03154754638671875 70.74619293212890625 68.8070220947265625 nan nan 67.38077545166015625 71.4838714599609375 71.57895660400390625 71.20650482177734375 74.775848388671875 77.40254974365234375 80.9975128173828125 85.26859283447265625 91.636474609375 nan nan 87.0571746826171875 84.010711669921875 80.55100250244140625 81.68939208984375 nan 92.77408599853515625 94.4862213134765625 nan nan nan nan nan nan nan nan nan nan nan nan nan nan nan nan 79.28668975830078125 77.868621826171875 80.6552734375 82.133453369140625 81.7226715087890625 81.8968658447265625 nan
nan nan nan nan nan nan nan nan nan nan nan nan nan nan nan nan nan 73.16657257080078125 71.57840728759765625 71.5961761474609375 72.4495391845703125 71.15276336669921875 71.38299560546875 nan nan nan 70.6650390625 71.7430419921875 76.47875213623046875 79.34027099609375 nan nan 95.43062591552734375 98.5834197998046875 97.14662933349609375 94.401611328125 91.15637969970703125 88.2729949951171875 nan 91.6806640625 nan nan nan nan nan nan nan nan nan nan nan nan nan nan nan nan nan nan nan nan nan nan 82.96218109130859375 80.3131561279296875 82.5634613037109375
nan nan nan nan nan nan nan nan nan nan nan nan nan nan nan nan nan 72.62004852294921875 70.55126190185546875 71.3506622314453125 73.54718780517578125 72.2733001708984375 71.525115966796875 73.6682281494140625 74.34635162353515625 nan 74.58858489990234375 nan 79.34748077392578125 nan nan nan nan nan 96.7999114990234375 93.633880615234375 91.874237060546875 91.00390625 90.96329498291015625 nan nan nan nan nan nan nan nan nan nan nan nan nan nan nan nan nan nan nan nan nan nan 88.310943603515625 nan 87.58014678955078125 nan
nan nan nan nan nan nan nan nan nan nan 61.870677947998046875 nan 65.53592681884765625 67.15313720703125 nan 68.51245880126953125 67.57158660888671875 68.7307586669921875 72.73477935791015625 74.5904541015625 76.26049041748046875 76.5764617919921875 74.6768798828125 75.643035888671875 77.80631256103515625 79.90567779541015625 nan 83.5052032470703125 84.5727691650390625 83.7308502197265625 85.4510650634765625 nan nan nan nan 89.56082916259765625 89.2623443603515625 92.37491607666015625 93.28932952880859375 nan nan nan nan nan nan nan nan nan nan nan nan nan nan nan nan nan nan nan nan nan 85.91814422607421875 nan 88.5405426025390625 nan 90.27606964111328125
nan nan nan nan nan nan nan nan nan 61.123844146728515625 65.56641387939453125 70.16437530517578125 67.76357269287109375 68.32144927978515625 68.47821807861328125 66.49782562255859375 65.1035308837890625 nan 69.0680999755859375 73.0584564208984375 74.72467041015625 nan nan nan 78.06505584716796875 83.3166351318359375 85.7386322021484375 86.60109710693359375 88.859619140625 88.2615509033203125 86.9963531494140625 88.58011627197265625 93.5962066650390625 nan nan nan nan nan nan nan nan nan nan nan nan nan nan nan nan nan nan nan nan nan nan nan nan nan nan nan nan 83.910491943359375 91.5896453857421875 95.9436187744140625 nan
52.485401153564453125 53.09534454345703125 nan nan nan nan nan nan nan nan nan 68.699249267578125 66.12940216064453125 nan nan nan nan 61.937465667724609375 nan 65.01792144775390625 67.821075439453125 70.3831024169921875 72.48743438720703125 73.9683990478515625 78.54221343994140625 82.53130340576171875 82.72808074951171875 81.9207000732421875 85.65991973876953125 88.354827880859375 88.93212890625 nan 97.32491302490234375 nan 97.1138763427734375 nan nan nan nan nan nan nan nan nan nan nan nan nan nan nan nan nan nan nan nan nan nan nan nan nan nan 83.4304351806640625 nan 95.08734893798828125 97.539093017578125
57.720653533935546875 57.006946563720703125 57.188411712646484375 56.20897674560546875 nan nan nan nan nan nan nan nan nan nan nan nan nan nan nan nan 63.05139923095703125 65.339080810546875 69.170623779296875 73.34204864501953125 76.04010009765625 77.44499969482421875 75.07907867431640625 73.5753021240234375 75.7942047119140625 77.88086700439453125 86.8469085693359375 93.8538665771484375 97.7169342041015625 98.97750091552734375 nan 96.4180908203125 98.29846954345703125 nan nan nan nan nan nan nan nan nan nan nan nan nan nan nan nan nan nan nan nan nan nan nan nan nan 87.804962158203125 90.26198577880859375 94.75910186767578125
nan nan nan nan nan nan nan nan nan 57.655773162841796875 nan nan nan nan nan nan nan nan nan nan nan nan 65.73126220703125 68.8950347900390625 70.48120880126953125 72.74688720703125 74.0556488037109375 75.95068359375 75.56703948974609375 nan nan 88.987701416015625 90.37816619873046875 93.7815093994140625 93.83156585693359375 94.8007354736328125 nan nan nan nan nan nan nan nan nan nan nan nan nan nan nan nan nan nan nan nan nan nan nan nan nan nan nan 86.03495025634765625 87.553131103515625
58.891300201416015625 nan nan nan nan nan nan nan nan nan nan nan nan nan nan nan nan nan nan nan nan nan nan 62.48654937744140625 nan nan 67.8836212158203125 71.66973114013671875 75.9610748291015625 80.54688262939453125 85.08349609375 nan nan nan nan nan nan nan nan nan nan nan nan nan nan nan nan nan nan nan nan nan nan nan nan nan nan nan nan nan nan nan nan nan nan
nan nan nan nan nan 61.041347503662109375 nan nan nan 59.690341949462890625 62.689197540283203125 nan 68.94501495361328125 70.88918304443359375 nan nan 70.187103271484375 69.31499481201171875 67.53823089599609375 nan nan nan nan nan nan nan nan nan 69.00907135009765625 nan 77.783233642578125 nan 85.382568359375 nan nan nan nan nan nan nan nan nan nan nan nan nan nan nan nan nan nan nan nan nan nan nan nan nan nan nan nan nan nan nan nan
nan nan nan nan nan nan nan nan nan 62.66070556640625 62.19124603271484375 64.2870635986328125 67.49957275390625 nan 72.09093475341796875 72.423004150390625 72.2432861328125 72.60549163818359375 70.764007568359375 66.05028533935546875 62.87890625 nan nan nan nan nan nan nan nan nan nan nan nan nan nan nan nan nan nan nan nan nan nan nan nan nan nan nan nan nan nan nan nan nan nan nan nan nan nan nan nan nan nan nan nan
nan nan nan nan nan nan nan nan nan nan 63.84662628173828125 64.6058349609375 66.8420867919921875 69.58023834228515625 71.7732696533203125 73.0285491943359375 nan 72.264434814453125 70.6321563720703125 66.5093994140625 63.469150543212890625 62.34642791748046875 nan nan nan nan nan nan nan nan nan nan nan nan nan nan nan nan nan nan nan nan nan nan nan nan nan nan nan nan nan nan nan nan nan nan nan nan nan nan nan nan nan nan nan
