rasters/edaphic_/phh2o.asc
ncols        720
nrows        300
xllcorner    -180.000000000000
yllcorner    -60.000000000000
cellsize     0.500000000000
NODATA_value  nan
[rows 29 to 57 of 300, columns 396 to 461 of 720]
nan nan nan nan nan nan nan nan nan nan nan nan nan nan nan nan nan nan nan nan nan nan nan nan nan nan nan nan nan nan nan nan nan nan nan nan nan nan nan nan nan nan nan nan nan nan nan nan nan nan nan nan nan nan nan nan nan nan nan nan nan nan nan nan nan nan
nan nan nan nan nan nan nan nan nan nan nan nan nan nan nan nan nan nan nan nan nan nan nan nan nan nan nan nan nan nan nan nan nan nan nan nan nan nan nan nan nan nan nan nan nan nan nan nan nan nan nan nan nan nan nan nan nan nan nan nan nan nan nan nan nan nan
nan nan nan nan nan nan nan nan nan nan nan nan nan nan nan nan nan nan nan nan nan nan nan nan nan nan nan nan nan nan nan nan nan nan nan nan nan nan nan nan nan nan nan nan nan nan nan nan nan nan nan nan nan nan nan nan nan nan nan nan nan nan nan nan nan nan
nan nan nan nan nan nan nan nan nan nan nan nan nan nan nan nan nan nan nan nan nan nan nan nan nan nan nan nan nan nan nan nan nan nan nan nan nan nan nan nan nan nan nan nan nan nan nan nan nan nan nan nan nan nan nan nan nan nan nan nan nan nan nan nan nan nan
nan nan nan nan nan nan nan nan nan nan nan nan nan nan nan nan nan nan nan nan nan nan nan nan nan nan nan nan nan nan nan nan nan nan nan nan nan nan nan nan nan nan nan nan nan nan nan nan nan nan nan nan nan nan nan nan nan nan nan nan nan nan nan nan nan nan
nan nan nan nan nan nan nan nan nan nan nan nan nan nan nan nan nan nan nan nan nan nan nan nan nan nan nan nan nan nan nan nan nan nan nan nan nan nan nan nan nan nan nan nan nan nan nan nan nan nan nan nan nan nan nan nan nan nan nan nan nan nan nan nan nan nan
nan nan nan nan nan nan nan nan nan nan nan nan nan nan nan nan nan nan nan nan nan nan nan nan nan nan nan nan nan nan nan nan nan nan nan nan nan nan nan nan nan nan nan nan nan nan nan nan nan nan nan nan nan nan nan nan nan nan nan nan nan nan nan nan nan nan
nan nan nan nan nan nan nan nan nan nan nan nan nan nan nan nan nan nan nan nan nan nan nan nan nan nan nan nan nan nan nan nan nan nan nan nan nan nan nan nan nan nan nan nan nan nan nan nan nan nan nan nan nan nan nan nan nan nan nan nan nan nan nan nan nan nan
nan nan nan nan nan nan nan nan nan nan nan nan nan nan nan nan nan nan nan nan nan nan nan nan nan nan nan nan nan nan nan nan nan nan nan nan nan nan nan nan nan nan nan nan nan nan nan nan nan nan nan nan nan nan nan nan nan nan nan nan nan nan nan nan nan nan
nan nan nan nan nan nan nan nan nan nan 60.342540740966796875 nan nan 60.556896209716796875 60.227626800537109375 nan 59.31586456298828125 59.882038116455078125 nan 59.981761932373046875 nan 60.10723876953125 60.281932830810546875 nan nan nan nan nan nan nan nan nan nan nan nan nan nan nan nan nan nan nan nan nan nan nan nan nan nan nan nan nan nan nan nan nan nan nan nan nan nan nan nan nan nan nan
nan nan nan nan 59.326038360595703125 nan nan 59.37970733642578125 59.68564605712890625 59.493206024169921875 nan 59.098865509033203125 58.914409637451171875 57.8740692138671875 nan 57.580036163330078125 58.06324005126953125 57.29325103759765625 57.117610931396484375 56.6331787109375 55.956050872802734375 57.285953521728515625 58.408237457275390625 59.035320281982421875 59.506298065185546875 60.1291351318359375 nan nan nan nan nan nan nan nan nan nan nan nan nan nan nan nan nan nan nan nan nan nan nan nan nan nan nan nan nan nan nan nan nan nan nan nan nan nan nan nan
nan nan 57.5876007080078125 57.40987396240234375 58.428131103515625 58.140407562255859375 57.835750579833984375 58.311126708984375 58.680088043212890625 58.118930816650390625 56.336383819580078125 56.039371490478515625 56.310428619384765625 55.973369598388671875 54.927394866943359375 55.704265594482421875 56.12157440185546875 55.654018402099609375 55.1090545654296875 55.015834808349609375 54.642116546630859375 54.585906982421875 54.33121490478515625 nan 54.81146240234375 nan nan nan 57.302646636962890625 nan nan nan nan nan nan nan nan nan nan nan nan nan nan nan nan nan nan nan nan nan nan nan nan nan nan nan nan nan nan nan nan nan nan nan nan nan
55.23236846923828125 55.814807891845703125 nan 57.35602569580078125 57.774196624755859375 57.721683502197265625 57.479976654052734375 nan 56.37129974365234375 56.247287750244140625 nan 55.43414306640625 55.385833740234375 54.70548248291015625 54.16839599609375 54.29334259033203125 54.357830047607421875 54.28847503662109375 nan 54.971698760986328125 54.28096771240234375 53.791538238525390625 nan 53.309505462646484375 53.090564727783203125 53.336025238037109375 53.421550750732421875 54.1302642822265625 53.845951080322265625 54.0206756591796875 53.756328582763671875 54.2505340576171875 55.4801025390625 nan nan nan nan nan nan nan nan nan nan nan nan nan nan nan nan nan nan nan nan nan nan nan nan nan nan nan nan 62.153209686279296875 62.1302642822265625 61.5983428955078125 nan nan
55.875530242919921875 57.01473236083984375 nan 57.288791656494140625 nan 56.477085113525390625 55.483524322509765625 54.879669189453125 54.46652984619140625 54.749664306640625 55.31198883056640625 55.419887542724609375 55.017711639404296875 54.444248199462890625 53.64837646484375 53.68556976318359375 53.778606414794921875 53.644435882568359375 53.6843719482421875 53.8565521240234375 53.711460113525390625 53.226978302001953125 52.99701690673828125 52.898929595947265625 52.814144134521484375 53.02099609375 53.24658966064453125 53.404224395751953125 53.489410400390625 nan 53.720829010009765625 53.05385589599609375 52.793552398681640625 53.559497833251953125 53.67615509033203125 53.969364166259765625 55.1435546875 nan nan nan nan nan nan nan nan nan nan nan nan nan nan nan nan nan nan nan nan nan nan nan nan 61.292812347412109375 61.5076141357421875 nan nan nan
57.628917694091796875 57.516872406005859375 57.484527587890625 nan nan 54.217067718505859375 53.5643768310546875 53.14473724365234375 52.7930908203125 52.808864593505859375 53.506710052490234375 53.60916900634765625 53.384372711181640625 53.358184814453125 53.08061981201171875 52.9119415283203125 52.94171142578125 52.939601898193359375 52.813175201416015625 52.926265716552734375 52.9700164794921875 52.80157470703125 52.718639373779296875 52.7284088134765625 52.88043212890625 nan 53.66419219970703125 53.81734466552734375 53.776500701904296875 53.869174957275390625 53.92786407470703125 53.327709197998046875 52.776805877685546875 52.7442779541015625 52.479644775390625 52.4369354248046875 52.481349945068359375 52.989528656005859375 53.67453765869140625 54.70142364501953125 54.9938812255859375 55.384601593017578125 nan nan nan nan nan nan nan nan nan nan 57.176296234130859375 56.005619049072265625 55.96848297119140625 55.605075836181640625 55.655445098876953125 nan nan nan nan nan nan nan nan 54.156726837158203125
57.42481231689453125 56.338672637939453125 55.1587066650390625 54.34523773193359375 53.72608184814453125 52.542224884033203125 52.501369476318359375 52.758197784423828125 52.51576995849609375 52.41791534423828125 52.673175811767578125 52.799480438232421875 52.716007232666015625 53.029689788818359375 53.211193084716796875 53.19811248779296875 53.019779205322265625 53.15550994873046875 53.34039306640625 52.98126220703125 52.268405914306640625 52.178424835205078125 51.946170806884765625 51.944122314453125 52.44669342041015625 52.804424285888671875 53.223194122314453125 53.631801605224609375 54.112461090087890625 54.169178009033203125 54.151180267333984375 54.32767486572265625 53.918216705322265625 54.479167938232421875 53.366588592529296875 52.42478179931640625 52.245632171630859375 52.411624908447265625 52.190765380859375 52.06906890869140625 52.552947998046875 53.006008148193359375 54.351886749267578125 55.2718963623046875 54.928569793701171875 nan nan nan nan nan nan nan 54.705547332763671875 54.476715087890625 54.827198028564453125 54.88916015625 nan nan nan nan nan nan 52.829925537109375 52.48044586181640625 52.268505096435546875 51.420413970947265625
55.809539794921875 54.55120086669921875 53.23569488525390625 53.0361175537109375 52.88282012939453125 52.279666900634765625 52.421070098876953125 52.416721343994140625 52.30661773681640625 52.568294525146484375 52.561855316162109375 52.53305816650390625 52.698307037353515625 52.714817047119140625 52.488834381103515625 52.519817352294921875 52.749416351318359375 53.10236358642578125 53.50856781005859375 53.60271453857421875 53.17513275146484375 52.73928070068359375 52.1008758544921875 51.599090576171875 51.68895721435546875 52.319671630859375 52.61428070068359375 53.127155303955078125 53.4604034423828125 53.1434478759765625 52.904743194580078125 52.995189666748046875 53.233184814453125 53.205669403076171875 53.26055145263671875 52.854583740234375 52.490467071533203125 52.622531890869140625 52.648967742919921875 52.21092987060546875 51.73291015625 51.762279510498046875 51.955169677734375 52.228023529052734375 52.802127838134765625 53.589794158935546875 nan nan nan nan nan nan 53.56110382080078125 53.38530731201171875 nan nan nan nan nan nan 52.989299774169921875 53.270244598388671875 52.4499053955078125 51.99201202392578125 nan 51.63645172119140625
nan 52.6436004638671875 52.60143280029296875 nan 52.054607391357421875 nan 52.027095794677734375 52.040866851806640625 52.114902496337890625 52.35684967041015625 52.470195770263671875 52.729373931884765625 52.422313690185546875 nan 51.494335174560546875 51.84783935546875 52.250926971435546875 nan 53.064609527587890625 53.39908599853515625 53.050811767578125 52.598957061767578125 52.183361053466796875 51.76007843017578125 52.140472412109375 52.90291595458984375 53.02187347412109375 nan nan 52.61756134033203125 nan nan 53.021854400634765625 53.31345367431640625 nan 53.451351165771484375 53.16619110107421875 nan 52.438053131103515625 52.246089935302734375 52.07268524169921875 52.020244598388671875 52.004032135009765625 52.1168975830078125 52.72551727294921875 53.128009796142578125 nan nan nan nan nan nan nan 52.338489532470703125 52.127735137939453125 52.29456329345703125 52.414409637451171875 52.552585601806640625 52.839878082275390625 53.050506591796875 53.062305450439453125 52.89923858642578125 52.26731109619140625 51.946041107177734375 51.85575103759765625 51.87871551513671875
51.911041259765625 51.84877777099609375 51.91924285888671875 52.054691314697265625 52.027774810791015625 52.4907989501953125 nan 51.927875518798828125 51.801074981689453125 52.00506591796875 52.072998046875 51.77713775634765625 51.382877349853515625 51.31214141845703125 51.380626678466796875 51.59453582763671875 51.803997039794921875 52.067714691162109375 52.225795745849609375 51.74405670166015625 51.94464111328125 51.97730255126953125 51.810176849365234375 51.7364044189453125 51.868854522705078125 52.5261383056640625 52.815357208251953125 nan 52.69034576416015625 52.66870880126953125 52.400054931640625 52.864063262939453125 nan nan nan nan nan nan 53.584850311279296875 52.999279022216796875 53.404041290283203125 53.32415008544921875 53.0316009521484375 53.247554779052734375 nan nan nan nan 53.36049652099609375 52.793308258056640625 52.872737884521484375 nan 52.875911712646484375 52.6680755615234375 52.448139190673828125 52.399169921875 52.386714935302734375 52.527606964111328125 52.69184112548828125 52.889820098876953125 52.77335357666015625 52.4562835693359375 52.15402984619140625 51.878265380859375 51.7281646728515625 51.78907012939453125
51.555286407470703125 51.4410858154296875 51.69264984130859375 52.030559539794921875 52.011993408203125 52.16948699951171875 52.324222564697265625 nan 51.126708984375 51.112018585205078125 51.51220703125 nan 50.753421783447265625 50.645977020263671875 51.08351898193359375 51.547576904296875 51.63677978515625 51.39438629150390625 51.5223236083984375 51.682956695556640625 52.078704833984375 51.898754119873046875 51.741901397705078125 51.799167633056640625 51.76688385009765625 nan nan nan nan 52.42193603515625 nan 53.108180999755859375 53.427326202392578125 53.769306182861328125 nan nan nan nan nan nan nan nan nan nan nan 54.586933135986328125 54.197299957275390625 nan 54.047882080078125 53.933490753173828125 53.506694793701171875 53.271480560302734375 nan 53.20619964599609375 53.003009796142578125 52.956623077392578125 52.731754302978515625 52.6476287841796875 52.5732879638671875 52.46622467041015625 52.43744659423828125 52.15130615234375 51.98999786376953125 51.995845794677734375 51.9510650634765625 51.88611602783203125
51.809123992919921875 51.55559539794921875 51.64061737060546875 51.67681121826171875 51.157978057861328125 51.05979156494140625 51.4187469482421875 nan nan nan nan nan nan nan nan 51.539031982421875 51.665439605712890625 51.403102874755859375 nan 51.575016021728515625 51.9622039794921875 51.737945556640625 nan nan 51.91579437255859375 52.0983734130859375 52.067989349365234375 52.110137939453125 52.2797088623046875 52.61374664306640625 52.827983856201171875 53.099208831787109375 53.382091522216796875 nan nan nan nan nan nan nan nan nan nan nan 54.9081573486328125 54.5169677734375 54.53234100341796875 54.248638153076171875 54.196376800537109375 53.97539520263671875 53.59734344482421875 53.48473358154296875 53.388423919677734375 53.233921051025390625 52.863750457763671875 52.85762786865234375 nan 52.620685577392578125 52.42840576171875 52.231151580810546875 52.006969451904296875 51.773517608642578125 51.767276763916015625 51.8224029541015625 51.9834747314453125 51.9295501708984375
52.23609161376953125 52.391391754150390625 52.422119140625 51.9326934814453125 51.075511932373046875 51.156536102294921875 nan nan nan nan nan nan nan 51.433300018310546875 52.09761810302734375 52.24024200439453125 51.86309051513671875 51.53387451171875 51.060382843017578125 51.052860260009765625 51.235965728759765625 51.4254608154296875 nan 51.352237701416015625 51.535308837890625 51.684635162353515625 51.681476593017578125 nan 52.823986053466796875 52.958980560302734375 52.855030059814453125 nan 53.428325653076171875 53.815830230712890625 nan nan nan 55.637271881103515625 55.065578460693359375 54.039775848388671875 nan nan nan nan nan 54.4690704345703125 54.36045074462890625 54.284458160400390625 54.494476318359375 53.979625701904296875 53.430118560791015625 53.26653289794921875 53.16529083251953125 53.048725128173828125 52.864166259765625 52.96173858642578125 52.63303375244140625 52.382640838623046875 52.568279266357421875 52.423824310302734375 52.103229522705078125 52.06371307373046875 52.032321929931640625 51.997371673583984375 52.063816070556640625 51.936298370361328125
52.1105499267578125 52.078456878662109375 52.031330108642578125 51.336917877197265625 50.6872406005859375 50.562068939208984375 nan nan nan nan nan nan 51.58154296875 51.53586578369140625 51.66530609130859375 51.781238555908203125 51.8126678466796875 51.632221221923828125 nan 51.216281890869140625 51.02193450927734375 50.96006011962890625 51.28739166259765625 nan nan 51.288845062255859375 51.29532623291015625 51.635913848876953125 52.375141143798828125 52.854381561279296875 52.8795318603515625 52.8534088134765625 52.878963470458984375 53.176525115966796875 53.280364990234375 53.347461700439453125 nan nan nan nan 52.577457427978515625 53.277225494384765625 54.028003692626953125 54.5210418701171875 54.662136077880859375 54.698680877685546875 54.82244110107421875 54.517181396484375 54.251251220703125 54.04412078857421875 53.803863525390625 53.727176666259765625 53.32525634765625 52.888393402099609375 52.80615234375 53.12900543212890625 53.235748291015625 52.66080474853515625 52.38910675048828125 52.543888092041015625 52.3584136962890625 52.1214141845703125 52.088077545166015625 52.012752532958984375 51.977947235107421875 51.8563690185546875
51.0496368408203125 50.7960357666015625 50.610881805419921875 50.441188812255859375 50.579380035400390625 nan nan nan nan 50.0342559814453125 50.36981201171875 51.0300445556640625 51.648212432861328125 51.798828125 52.058849334716796875 51.831817626953125 51.476787567138671875 51.45719146728515625 51.41094970703125 50.76446533203125 50.554851531982421875 50.73577117919921875 50.6389312744140625 50.746246337890625 50.8531494140625 50.873504638671875 50.86571502685546875 51.29456329345703125 51.823497772216796875 52.36586761474609375 52.688236236572265625 52.59149932861328125 52.4715118408203125 nan 52.5205230712890625 52.748279571533203125 53.001049041748046875 53.028430938720703125 53.069477081298828125 53.389621734619140625 53.1358184814453125 53.514148712158203125 54.270671844482421875 54.60361480712890625 54.571903228759765625 54.658000946044921875 54.954898834228515625 nan 54.297149658203125 54.11651611328125 53.9780120849609375 54.016773223876953125 54.01305389404296875 53.6008453369140625 53.257640838623046875 53.15545654296875 53.110103607177734375 52.73717498779296875 52.537078857421875 52.329010009765625 51.858943939208984375 51.855678558349609375 52.02590179443359375 52.068218231201171875 52.045093536376953125 51.905757904052734375
50.75872039794921875 nan nan nan nan nan nan nan 51.443332672119140625 51.926349639892578125 51.86069488525390625 51.940937042236328125 52.068202972412109375 51.838958740234375 51.827392578125 51.562835693359375 51.136287689208984375 nan 51.346874237060546875 51.270786285400390625 nan 50.879901885986328125 50.718563079833984375 nan 50.675029754638671875 50.73932647705078125 50.960479736328125 51.257556915283203125 nan 51.6177215576171875 52.01726531982421875 nan 52.418972015380859375 52.46880340576171875 52.199100494384765625 52.449466705322265625 52.949298858642578125 53.059230804443359375 53.16815948486328125 53.2917022705078125 53.1780548095703125 53.91290283203125 54.392238616943359375 54.456501007080078125 54.702411651611328125 54.66222381591796875 54.85027313232421875 54.77007293701171875 54.25804901123046875 53.578128814697265625 53.47150421142578125 53.81591033935546875 54.28974151611328125 54.172344207763671875 53.84305572509765625 53.3161468505859375 52.858615875244140625 52.542041778564453125 52.444427490234375 52.469989776611328125 52.16961669921875 52.032054901123046875 51.95880889892578125 51.639545440673828125 51.60052490234375 51.886287689208984375
nan nan nan nan nan nan 51.09369659423828125 51.624828338623046875 52.619873046875 53.074970245361328125 52.576812744140625 52.163501739501953125 51.765125274658203125 51.628086090087890625 51.411479949951171875 51.510646820068359375 51.37890625 nan 51.064510345458984375 nan 51.2950286865234375 nan 51.076938629150390625 nan 50.597393035888671875 50.536128997802734375 50.936798095703125 51.379680633544921875 51.630039215087890625 51.86534881591796875 51.889896392822265625 51.75783538818359375 51.506366729736328125 nan 51.39530181884765625 nan 52.612575531005859375 nan 53.645069122314453125 53.962299346923828125 54.017169952392578125 53.881717681884765625 54.149112701416015625 54.788074493408203125 55.27338409423828125 55.293102264404296875 54.946987152099609375 54.8088836669921875 54.420074462890625 53.805728912353515625 53.408222198486328125 53.302455902099609375 53.29094696044921875 53.005252838134765625 52.9198150634765625 52.7951507568359375 52.6019439697265625 52.418537139892578125 52.264797210693359375 52.097316741943359375 52.04659271240234375 52.0155029296875 51.771068572998046875 51.1793365478515625 51.2355804443359375 52.10666656494140625
nan nan nan nan nan nan nan 51.196887969970703125 52.42767333984375 52.598178863525390625 52.245334625244140625 nan 51.284698486328125 nan 51.058258056640625 nan 51.649570465087890625 51.588443756103515625 51.5746612548828125 51.8167877197265625 51.816112518310546875 51.34283447265625 51.75844573974609375 52.4177703857421875 51.11081695556640625 50.5635986328125 50.738262176513671875 51.295680999755859375 51.82466888427734375 52.251773834228515625 52.2317047119140625 nan nan 51.1865692138671875 51.489757537841796875 nan 51.69084930419921875 52.551357269287109375 53.342243194580078125 54.353641510009765625 54.358303070068359375 54.67124176025390625 55.199954986572265625 55.541553497314453125 55.535125732421875 55.540355682373046875 55.17321014404296875 54.704437255859375 54.0824737548828125 53.8691864013671875 54.422939300537109375 54.284130096435546875 53.873691558837890625 53.39455413818359375 52.7257080078125 52.65346527099609375 52.5736236572265625 52.48491668701171875 52.2899169921875 52.04177093505859375 51.973178863525390625 51.758457183837890625 51.577259063720703125 51.110813140869140625 51.422115325927734375 51.225307464599609375
nan nan nan nan nan nan nan 51.016998291015625 51.489208221435546875 52.26239776611328125 nan 52.066314697265625 51.704814910888671875 51.66657257080078125 51.57030487060546875 nan nan nan 52.5894012451171875 52.57994842529296875 52.49929046630859375 nan 52.864501953125 53.021915435791015625 52.030628204345703125 51.55864715576171875 50.866550445556640625 50.870899200439453125 51.52613067626953125 52.176471710205078125 nan 52.2444305419921875 51.9100341796875 nan nan nan 51.783748626708984375 51.965579986572265625 52.465728759765625 53.838802337646484375 54.759754180908203125 55.184871673583984375 55.624073028564453125 55.470226287841796875 55.431850433349609375 55.5398712158203125 55.26450347900390625 54.721187591552734375 54.11151123046875 54.021495819091796875 53.39609527587890625 53.376102447509765625 53.71848297119140625 53.75885772705078125 53.8771820068359375 53.800327301025390625 53.47576141357421875 52.984256744384765625 52.316356658935546875 52.11019134521484375 52.297252655029296875 51.56951141357421875 51.4736328125 51.05841064453125 51.166797637939453125 51.244182586669921875
nan nan nan nan nan nan nan 53.12149810791015625 52.996063232421875 53.870182037353515625 53.613880157470703125 nan 53.32037353515625 52.5013275146484375 52.51992034912109375 53.0162200927734375 nan 52.83892822265625 52.86328887939453125 53.0983734130859375 nan 53.21196746826171875 53.389537811279296875 53.845874786376953125 nan nan nan nan 51.529468536376953125 51.921916961669921875 52.2313995361328125 52.385700225830078125 52.412261962890625 52.89894866943359375 53.382312774658203125 nan nan 52.614933013916015625 52.91949462890625 53.815387725830078125 54.443012237548828125 nan 54.8272552490234375 55.2017364501953125 55.71056365966796875 55.84412384033203125 55.394641876220703125 54.652812957763671875 54.57668304443359375 54.161212921142578125 53.370258331298828125 53.2130126953125 52.89055633544921875 53.59999847412109375 53.474437713623046875 53.1634674072265625 53.859851837158203125 nan 53.303497314453125 52.879791259765625 52.357494354248046875 51.354763031005859375 51.2975311279296875 51.0367889404296875 51.269054412841796875 51.19034576416015625
