rasters/edaphic_/phh2o.asc
ncols        720
nrows        300
xllcorner    -180.000000000000
yllcorner    -60.000000000000
cellsize     0.500000000000
NODATA_value  nan
[rows 29 to 57 of 300, columns 330 to 395 of 720]
nan nan nan nan nan nan nan nan nan nan nan nan nan nan nan nan nan nan nan nan nan nan nan nan nan nan nan nan nan nan nan nan nan nan nan nan nan nan nan nan nan nan nan nan nan nan nan nan nan nan nan nan nan nan nan nan nan nan nan nan nan nan nan nan nan nan
nan nan nan nan nan nan nan nan nan nan nan nan nan nan nan nan nan nan nan nan nan nan nan nan nan nan nan nan nan nan nan nan nan nan nan nan nan nan nan nan nan nan nan nan nan nan nan nan nan nan nan nan nan nan nan nan nan nan nan nan nan nan nan nan nan nan
nan nan nan nan nan nan nan nan nan nan nan nan nan nan nan nan nan nan nan nan nan nan nan nan nan nan nan nan nan nan nan nan nan nan nan nan nan nan nan nan nan nan nan nan nan nan nan nan nan nan nan nan nan nan nan nan nan nan nan nan nan nan nan nan nan nan
nan nan nan nan nan nan nan nan nan nan nan nan nan nan nan nan nan nan nan nan nan nan nan nan nan nan nan nan nan nan nan nan nan nan nan nan nan nan nan nan nan nan nan nan nan nan nan nan nan nan nan nan nan nan nan nan nan nan nan nan nan nan nan nan nan nan
nan nan nan nan nan nan nan nan nan nan nan nan nan nan nan nan nan nan nan nan nan nan nan nan nan nan nan nan nan nan nan nan nan nan nan nan nan nan nan nan nan nan nan nan nan nan nan nan nan nan nan nan nan nan nan nan nan nan nan nan nan nan nan nan nan nan
nan nan nan nan nan nan nan nan nan nan nan nan nan nan nan nan nan nan nan nan nan nan nan nan nan nan nan nan nan nan nan nan nan nan nan nan nan nan nan nan nan nan nan nan nan nan nan nan nan nan nan nan nan nan nan nan nan nan nan nan nan nan nan nan nan nan
nan nan nan nan nan nan nan nan nan nan nan nan nan nan nan nan nan nan nan nan nan nan nan nan nan nan nan nan nan nan nan nan nan nan nan nan nan nan nan nan nan nan nan nan nan nan nan nan nan nan nan nan nan nan nan nan nan nan nan nan nan nan nan nan nan nan
nan nan nan nan nan nan nan nan nan nan nan nan nan nan nan nan nan nan nan nan nan nan nan nan nan nan nan nan nan nan nan nan nan nan nan nan nan nan nan nan nan nan nan nan nan nan nan nan nan nan nan nan nan nan nan nan nan nan nan nan nan nan nan nan nan nan
nan nan nan nan nan nan nan nan nan nan nan nan nan nan nan nan nan nan nan nan nan nan nan nan nan nan nan nan nan nan nan nan nan nan nan nan nan nan nan nan nan nan nan nan nan nan nan nan nan nan nan nan nan nan nan nan nan nan nan nan nan nan nan nan nan nan
nan nan nan nan nan nan nan nan nan nan nan nan nan nan nan nan nan nan nan nan nan nan nan nan nan nan nan nan nan nan nan nan nan nan nan nan nan nan nan nan nan nan nan nan nan nan nan nan nan nan nan nan nan nan nan nan nan nan nan nan nan nan nan nan nan nan
nan nan nan nan nan nan nan nan nan nan nan nan nan nan nan nan nan nan nan nan nan nan nan nan nan nan nan nan nan nan nan nan nan nan nan nan nan nan nan nan nan nan nan nan nan nan nan nan nan nan nan nan nan nan nan nan nan nan nan nan nan nan nan nan nan nan
nan nan nan nan nan nan nan nan nan nan nan nan nan nan nan nan nan nan nan nan nan nan nan nan nan nan nan nan nan nan nan nan nan nan nan nan nan nan nan nan nan nan nan nan nan nan nan nan nan nan nan nan nan nan nan nan nan nan nan nan nan nan nan nan nan nan
nan nan nan nan nan nan nan nan nan nan nan nan nan nan nan nan nan nan nan nan nan nan nan nan nan nan nan nan nan nan nan nan nan nan nan nan nan nan nan nan nan nan nan nan nan nan nan nan nan nan nan nan nan nan nan nan nan nan nan nan nan nan nan nan 56.90010833740234375 55.89699554443359375
nan nan nan nan nan nan nan nan nan nan nan nan nan nan nan nan nan nan nan nan nan nan nan nan nan nan nan nan nan nan nan nan nan nan nan nan nan nan nan nan nan nan nan nan nan nan nan nan nan nan nan nan nan nan nan nan nan nan nan 54.63469696044921875 55.049900054931640625 55.137722015380859375 54.637847900390625 nan 55.493877410888671875 55.683628082275390625
nan nan nan nan nan nan nan nan nan nan nan nan nan nan nan nan nan nan nan nan nan nan nan nan nan nan nan nan nan nan nan nan nan nan nan nan nan nan nan nan nan nan nan nan nan nan nan nan nan nan nan nan nan nan nan nan nan 51.80377197265625 nan nan nan nan nan nan nan 57.2151947021484375
nan nan nan nan nan nan nan nan nan nan nan nan nan nan nan nan nan nan nan nan nan nan nan nan nan nan nan nan nan nan nan nan nan nan nan nan nan nan nan nan nan nan nan nan nan nan nan nan nan nan nan nan nan nan nan nan nan nan nan nan 55.303256988525390625 56.12624359130859375 57.593738555908203125 58.490886688232421875 nan 57.83286285400390625
nan nan nan nan nan nan nan nan nan nan nan nan nan nan nan nan nan nan nan nan nan nan nan nan nan nan nan nan nan nan nan nan nan nan nan nan nan nan nan nan nan nan nan nan nan nan nan nan nan nan nan nan nan nan nan nan nan nan nan 54.652729034423828125 54.9346771240234375 56.23432159423828125 58.752368927001953125 59.17545318603515625 58.10735321044921875 56.69895172119140625
nan nan nan nan nan nan nan nan nan nan nan nan nan nan nan nan nan nan nan nan nan nan nan nan nan nan nan nan nan nan nan nan nan nan nan nan nan nan nan nan nan nan nan nan nan nan nan nan nan nan nan nan nan nan nan nan nan nan 54.78185272216796875 56.611865997314453125 56.752727508544921875 57.3284759521484375 57.36151123046875 57.28466033935546875 55.826953887939453125 53.775669097900390625
nan nan nan nan nan nan nan nan nan nan nan nan nan nan nan nan nan nan nan nan nan nan nan nan nan nan nan nan nan nan nan nan nan nan nan nan nan nan nan nan nan nan nan nan nan nan nan nan nan nan nan nan nan nan nan 51.239238739013671875 51.2885284423828125 52.453426361083984375 54.3439483642578125 55.936885833740234375 56.85536956787109375 56.789371490478515625 55.32616424560546875 53.413818359375 52.49805450439453125 52.10791015625
nan nan nan nan nan nan nan nan nan nan nan nan nan nan nan nan nan nan nan nan nan nan nan nan nan nan nan nan nan nan nan nan nan nan nan nan nan nan nan nan nan nan nan nan nan nan nan nan nan nan nan nan nan nan nan nan 52.718288421630859375 54.366851806640625 nan 55.956638336181640625 54.931316375732421875 53.788082122802734375 52.926624298095703125 52.069400787353515625 51.7329254150390625 51.748928070068359375
58.604648590087890625 56.379634857177734375 53.86342620849609375 nan nan nan nan nan nan nan nan nan nan nan nan nan nan nan nan nan nan nan nan nan nan nan nan nan nan nan nan nan nan nan nan nan nan nan nan nan nan nan nan nan nan nan nan nan nan nan nan nan nan nan 51.69318389892578125 53.85419464111328125 55.3470001220703125 55.83684539794921875 56.006214141845703125 55.6878204345703125 54.008148193359375 52.37883758544921875 52.03034210205078125 nan 51.98720550537109375 51.98223114013671875
54.048015594482421875 54.031047821044921875 nan nan nan nan nan nan nan nan nan nan nan nan nan nan nan nan nan nan nan nan nan nan nan nan nan nan nan nan nan nan nan nan nan nan nan nan nan nan nan nan nan nan nan nan nan nan nan nan nan nan 53.1655731201171875 nan 52.42029571533203125 54.704967498779296875 55.443050384521484375 54.62726593017578125 nan 53.9594573974609375 52.525516510009765625 51.56351470947265625 nan 51.9901123046875 51.822208404541015625 51.94878387451171875
nan nan nan nan nan nan nan nan nan nan nan nan nan nan nan nan nan nan nan nan nan nan nan nan nan nan nan nan nan nan nan nan nan nan nan nan nan nan nan nan nan nan nan nan nan nan nan nan nan nan nan 51.3630828857421875 52.357940673828125 52.490947723388671875 53.53197479248046875 54.66535186767578125 55.347995758056640625 53.545894622802734375 52.874637603759765625 51.685131072998046875 51.139019012451171875 51.631206512451171875 51.7650146484375 51.846836090087890625 51.7747650146484375 nan
nan nan nan nan nan nan nan nan nan nan nan nan nan nan nan nan nan nan nan nan nan nan nan nan nan nan nan nan nan nan nan nan nan nan nan nan nan nan nan nan nan nan nan nan nan nan nan 55.673248291015625 nan 52.72617340087890625 51.31223297119140625 51.20798492431640625 nan 53.45052337646484375 54.378902435302734375 54.0771942138671875 53.240978240966796875 52.495082855224609375 51.50139617919921875 nan 52.246685028076171875 52.556079864501953125 52.05023193359375 51.81201934814453125 51.375087738037109375 51.22796630859375
nan nan nan nan nan nan nan nan nan nan nan nan nan nan nan nan nan nan nan nan nan nan nan nan nan nan nan nan nan nan nan nan nan nan nan nan nan nan nan nan nan nan nan nan nan nan nan nan 52.88126373291015625 52.405963897705078125 51.588653564453125 51.850818634033203125 53.425968170166015625 55.25321197509765625 54.923290252685546875 53.978923797607421875 53.0261688232421875 52.53778076171875 nan 53.259548187255859375 52.777313232421875 52.396343231201171875 51.80725860595703125 51.77111053466796875 51.404827117919921875 50.977809906005859375
nan nan nan nan nan nan nan nan nan nan nan nan nan nan nan nan nan nan nan nan nan nan nan nan nan nan nan nan nan nan nan nan nan nan nan nan nan nan nan nan nan nan nan nan 50.472934722900390625 52.05902099609375 53.94327545166015625 54.6868896484375 55.19359588623046875 54.1881561279296875 53.2601776123046875 53.315826416015625 53.866855621337890625 55.097171783447265625 55.7906494140625 54.6293487548828125 53.453826904296875 52.998668670654296875 52.747028350830078125 52.793323516845703125 52.357700347900390625 52.0902099609375 51.4693603515625 51.089649200439453125 50.74358367919921875 50.773197174072265625
nan nan nan nan nan nan nan nan nan nan nan nan nan nan nan nan nan 49.38619232177734375 nan nan nan nan nan nan nan nan nan nan nan nan nan nan nan nan nan nan nan nan nan nan nan nan 50.273044586181640625 50.919155120849609375 52.1763458251953125 54.385768890380859375 56.082530975341796875 56.47801971435546875 56.53144073486328125 56.123638153076171875 55.35671234130859375 54.7002410888671875 54.284698486328125 54.130352020263671875 54.337772369384765625 52.92455291748046875 52.3253936767578125 52.500110626220703125 52.547664642333984375 52.42504119873046875 52.36670684814453125 nan 51.4616546630859375 50.731048583984375 50.271755218505859375 nan
nan nan nan nan nan nan nan nan nan nan nan nan nan nan nan nan nan nan nan nan nan nan nan nan nan nan nan nan nan nan nan nan nan nan nan nan nan nan nan nan 50.18560791015625 50.3251800537109375 50.611110687255859375 nan nan 55.213375091552734375 56.5126800537109375 56.399593353271484375 55.643909454345703125 55.077335357666015625 54.55756378173828125 54.226043701171875 53.476360321044921875 52.9933929443359375 52.787311553955078125 52.518215179443359375 51.985469818115234375 51.643650054931640625 51.943561553955078125 51.7588958740234375 51.894657135009765625 nan 51.623386383056640625 50.669132232666015625 50.438983917236328125 nan
nan nan nan nan nan nan nan nan nan nan nan nan nan nan nan nan nan nan nan nan nan nan nan nan nan nan nan nan nan nan nan nan nan nan nan nan nan nan nan nan 49.61800384521484375 50.151477813720703125 51.450099945068359375 52.66320037841796875 54.17578887939453125 55.59500885009765625 nan 55.05230712890625 53.059139251708984375 51.721469879150390625 51.521213531494140625 51.789012908935546875 51.608203887939453125 51.410892486572265625 51.646297454833984375 51.886035919189453125 51.397434234619140625 51.399822235107421875 51.406658172607421875 51.340373992919921875 51.9322357177734375 51.939910888671875 51.73918914794921875 51.21340179443359375 nan nan
