rasters/edaphic_/phh2o.asc
ncols        720
nrows        300
xllcorner    -180.000000000000
yllcorner    -60.000000000000
cellsize     0.500000000000
NODATA_value  nan
[rows 87 to 115 of 300, columns 198 to 263 of 720]
59.011943817138671875 58.856380462646484375 nan 56.559108734130859375 55.788665771484375 56.271961212158203125 56.9549102783203125 57.067020416259765625 56.581501007080078125 56.7594451904296875 56.551715850830078125 55.0245361328125 54.56815338134765625 53.375530242919921875 53.82621002197265625 56.607196807861328125 58.7917633056640625 57.63619232177734375 55.218639373779296875 53.26496124267578125 52.26291656494140625 50.202671051025390625 50.049671173095703125 50.7518768310546875 nan 53.391330718994140625 54.68267822265625 52.451564788818359375 50.966339111328125 50.248111724853515625 49.961578369140625 49.5303497314453125 49.293994903564453125 nan nan 54.854610443115234375 53.923671722412109375 nan nan nan 51.7349395751953125 51.608570098876953125 nan nan nan nan nan nan nan nan nan nan nan nan nan nan nan nan nan nan nan nan nan nan nan nan
nan 58.52588653564453125 57.427204132080078125 56.504528045654296875 55.43853759765625 55.810520172119140625 56.8228759765625 58.79547119140625 60.157215118408203125 59.02004241943359375 57.4161834716796875 nan 57.224086761474609375 57.096691131591796875 59.00316619873046875 61.11974334716796875 59.640537261962890625 56.255523681640625 53.580333709716796875 50.779430389404296875 50.543243408203125 50.37688446044921875 nan 50.46209716796875 nan 52.65499114990234375 52.33927154541015625 51.54325103759765625 50.739166259765625 50.87894439697265625 51.06232452392578125 50.491764068603515625 49.9488983154296875 50.6946563720703125 50.410785675048828125 nan nan nan nan 51.638492584228515625 nan 51.001453399658203125 nan nan nan nan nan nan nan nan nan nan nan nan nan nan nan nan nan nan nan nan nan nan nan nan
nan nan 58.37137603759765625 57.59226226806640625 56.675994873046875 56.082454681396484375 56.46570587158203125 57.43018341064453125 59.239818572998046875 62.129848480224609375 62.933422088623046875 63.120586395263671875 62.17293548583984375 nan 60.622333526611328125 60.23209381103515625 56.162639617919921875 52.658992767333984375 52.48102569580078125 48.94190216064453125 47.830371856689453125 50.31079864501953125 51.691875457763671875 52.541332244873046875 52.7200775146484375 51.775897979736328125 50.916110992431640625 50.4537353515625 49.789546966552734375 50.014373779296875 nan nan nan nan 50.3393096923828125 50.257823944091796875 49.7603607177734375 49.769802093505859375 nan nan nan nan nan nan nan nan nan nan nan nan nan nan nan nan nan nan nan nan nan nan nan nan nan nan nan nan
nan nan 61.219020843505859375 60.731822967529296875 60.396038055419921875 59.033374786376953125 58.6333465576171875 58.860260009765625 60.473140716552734375 63.456638336181640625 64.745147705078125 64.21125030517578125 59.0885772705078125 54.354217529296875 55.763153076171875 59.185970306396484375 53.1069488525390625 50.81302642822265625 50.432277679443359375 49.964145660400390625 49.916454315185546875 51.536640167236328125 54.051265716552734375 54.117282867431640625 nan 51.05420684814453125 50.9594573974609375 50.78081512451171875 nan nan nan 50.609401702880859375 50.199016571044921875 nan 50.222599029541015625 50.273517608642578125 49.519214630126953125 nan nan nan nan nan nan nan nan nan nan nan nan nan nan nan nan nan nan nan nan nan nan nan nan nan nan nan nan nan
62.850612640380859375 63.830539703369140625 65.40048980712890625 66.16855621337890625 66.17279052734375 nan 64.6897430419921875 65.3077239990234375 64.82355499267578125 63.68389892578125 62.398677825927734375 58.33935546875 51.343379974365234375 49.230510711669921875 51.720428466796875 57.62160491943359375 51.853176116943359375 52.051807403564453125 51.3246917724609375 49.447948455810546875 51.1107940673828125 52.721721649169921875 53.444408416748046875 52.155719757080078125 nan nan nan nan nan nan 50.206813812255859375 50.414386749267578125 50.44699859619140625 50.291187286376953125 nan nan nan nan nan nan nan nan nan nan nan nan nan nan nan nan nan nan nan nan nan nan nan nan nan nan nan nan nan nan nan nan
68.488861083984375 67.0633697509765625 nan nan nan nan nan nan nan nan 57.121288299560546875 52.585544586181640625 47.613170623779296875 48.008026123046875 nan 57.576526641845703125 52.3089752197265625 53.222354888916015625 51.817111968994140625 51.3044586181640625 52.646678924560546875 53.773685455322265625 52.967777252197265625 nan nan nan nan nan nan nan 50.94828033447265625 50.8832550048828125 nan nan nan nan nan nan nan nan nan nan nan nan nan nan nan nan nan nan nan nan nan nan nan nan nan nan nan nan nan nan nan nan nan nan
71.78631591796875 70.00508880615234375 nan nan 66.997894287109375 65.473175048828125 64.9318389892578125 65.39945220947265625 63.353984832763671875 60.53476715087890625 57.386409759521484375 54.75392913818359375 51.08447265625 50.835987091064453125 54.83272552490234375 55.64766693115234375 51.096439361572265625 51.76207733154296875 51.866962432861328125 52.417697906494140625 52.7090301513671875 nan nan nan nan nan nan nan nan nan nan nan nan nan nan nan nan nan nan nan nan nan nan nan nan nan nan nan nan nan nan nan nan nan nan nan nan nan nan nan nan nan nan nan nan nan
72.00382232666015625 71.808868408203125 nan nan 62.655941009521484375 62.4445343017578125 63.05025482177734375 nan nan 58.509616851806640625 55.31838226318359375 55.3539886474609375 55.614711761474609375 56.222774505615234375 56.744609832763671875 52.96988677978515625 50.0383453369140625 51.01929473876953125 51.29946136474609375 52.212493896484375 nan nan nan nan nan nan nan nan nan nan nan nan nan nan nan nan nan nan nan nan nan nan nan nan nan nan nan nan nan nan nan nan nan nan nan nan nan nan nan nan nan nan nan nan nan nan
nan nan nan 55.49233245849609375 53.868518829345703125 54.78307342529296875 57.788364410400390625 59.00164794921875 58.665935516357421875 56.64764404296875 54.84371185302734375 52.712890625 51.11540985107421875 51.6556396484375 nan 52.695404052734375 50.863727569580078125 51.085140228271484375 51.3333282470703125 51.618499755859375 nan nan nan nan nan nan nan nan nan nan nan nan nan nan nan nan nan nan nan nan nan nan nan nan nan nan nan nan nan nan nan nan nan nan nan nan nan nan nan nan nan nan nan nan nan nan
58.5966644287109375 56.028453826904296875 53.071666717529296875 50.04926300048828125 48.087921142578125 49.619960784912109375 51.776485443115234375 55.40598297119140625 nan 54.6305084228515625 53.212924957275390625 50.88761138916015625 49.451732635498046875 51.415088653564453125 52.8231658935546875 51.585819244384765625 52.114227294921875 51.35638427734375 50.651805877685546875 50.711582183837890625 49.39250946044921875 nan nan nan nan nan nan nan nan nan nan nan nan nan nan nan nan nan nan nan nan nan nan nan nan nan nan nan nan nan nan nan nan nan nan nan nan nan nan nan nan nan nan nan nan nan
58.88848114013671875 56.25467681884765625 52.038372039794921875 49.565120697021484375 48.43785858154296875 47.857364654541015625 48.365055084228515625 50.716945648193359375 51.933223724365234375 51.4001007080078125 49.615207672119140625 48.756824493408203125 50.708271026611328125 52.2829437255859375 52.217403411865234375 51.98748779296875 52.63645172119140625 nan nan nan nan nan nan nan nan nan nan nan nan nan nan nan nan nan nan nan nan nan nan nan nan nan nan nan nan nan nan nan nan nan nan nan nan nan nan nan nan nan nan nan nan nan nan nan nan nan
57.56911468505859375 56.07369232177734375 54.24600982666015625 51.753528594970703125 49.180873870849609375 49.543521881103515625 51.544445037841796875 52.1667327880859375 53.454204559326171875 52.042385101318359375 52.87939453125 54.71376800537109375 53.695148468017578125 nan nan nan nan nan nan nan nan nan nan nan nan nan nan nan nan nan nan nan nan nan nan nan nan nan nan nan nan nan nan nan nan nan nan nan nan nan nan nan nan nan nan nan nan nan nan nan nan nan nan nan nan nan
56.245677947998046875 55.67552947998046875 54.5463104248046875 50.363391876220703125 49.65120697021484375 52.03661346435546875 53.748729705810546875 55.1311798095703125 nan 56.05267333984375 55.919834136962890625 nan nan nan nan nan nan nan nan nan nan nan nan nan nan nan nan nan nan nan nan nan nan nan nan nan nan nan nan nan nan nan nan nan nan nan nan nan nan nan nan nan nan nan nan nan nan nan nan nan nan nan nan nan nan nan
52.506290435791015625 52.161373138427734375 51.249584197998046875 48.887271881103515625 51.8459625244140625 53.59355926513671875 56.9210357666015625 57.647190093994140625 57.430438995361328125 57.60190582275390625 55.731689453125 51.67244720458984375 48.971408843994140625 48.954803466796875 nan nan nan nan nan nan nan nan nan nan nan nan nan nan nan nan nan nan nan nan nan nan nan nan nan nan nan nan nan nan nan nan nan nan nan nan nan nan nan nan nan nan nan nan nan nan nan nan nan nan nan nan
50.7285003662109375 51.472202301025390625 48.899257659912109375 49.725116729736328125 53.05886077880859375 55.36962890625 56.851474761962890625 56.224407196044921875 54.06044769287109375 nan 52.99669647216796875 nan 48.387218475341796875 nan nan nan nan nan nan nan nan nan nan nan nan nan nan nan nan nan nan nan nan nan nan nan nan nan nan nan nan nan nan nan nan nan nan nan nan nan nan nan nan nan nan nan nan nan nan nan nan nan nan nan nan nan
50.30645751953125 48.7492828369140625 47.239086151123046875 50.44061279296875 54.37701416015625 55.0877532958984375 55.795520782470703125 52.48696136474609375 49.333621978759765625 50.694583892822265625 51.41180419921875 50.666271209716796875 nan nan nan nan nan nan nan nan nan nan nan nan nan nan nan nan nan nan nan nan nan nan nan nan nan nan nan nan nan nan nan nan nan nan nan nan nan nan nan nan nan nan nan nan nan nan nan nan nan nan nan nan nan nan
48.23513031005859375 47.33747100830078125 48.949848175048828125 52.50231170654296875 55.094451904296875 55.7891082763671875 55.07717132568359375 50.720645904541015625 nan nan nan 48.600376129150390625 nan nan nan nan nan nan nan nan nan nan nan nan nan nan nan nan nan nan nan nan nan nan nan nan nan nan nan nan nan nan nan nan nan nan nan nan nan nan nan nan nan nan nan nan nan nan nan nan nan nan nan nan nan nan
50.16652679443359375 50.681285858154296875 52.51581573486328125 52.482982635498046875 53.105804443359375 54.83495330810546875 53.423610687255859375 50.750255584716796875 49.4607391357421875 nan nan nan nan nan nan nan nan nan nan nan nan nan nan nan nan nan nan nan nan nan nan nan nan nan nan nan nan nan nan nan nan nan nan nan nan nan nan nan nan nan nan nan nan nan nan nan nan nan nan nan nan nan nan nan nan nan
52.622272491455078125 52.601589202880859375 53.62261962890625 53.216907501220703125 53.037776947021484375 53.008777618408203125 52.312465667724609375 50.578975677490234375 49.50350189208984375 nan nan nan nan nan nan nan nan nan nan nan nan nan nan nan nan nan nan nan nan nan nan nan nan nan nan nan nan nan nan nan nan nan nan nan nan nan nan nan nan nan nan nan nan nan nan nan nan nan nan nan nan nan nan nan nan nan
52.87652587890625 52.429119110107421875 52.84441375732421875 53.253292083740234375 53.136371612548828125 52.7191925048828125 51.686946868896484375 50.595272064208984375 49.3858184814453125 nan nan nan nan nan nan nan nan nan nan nan nan nan nan nan nan nan nan nan nan nan nan nan nan nan nan nan nan nan nan nan nan nan nan nan nan nan nan nan nan nan nan nan nan nan nan nan nan nan nan nan nan nan nan nan nan nan
53.94805145263671875 53.9680023193359375 53.456478118896484375 52.926517486572265625 52.23065948486328125 52.03734588623046875 51.34983062744140625 49.99872589111328125 48.680797576904296875 48.73619842529296875 nan nan nan nan nan nan nan nan nan nan nan nan nan nan nan nan nan nan nan nan nan nan nan nan nan nan nan nan nan nan nan nan nan nan nan nan nan nan nan nan nan nan nan nan nan nan nan nan nan nan nan nan nan nan nan nan
54.501293182373046875 54.029499053955078125 52.555667877197265625 51.567729949951171875 nan 50.759799957275390625 50.222957611083984375 48.960296630859375 48.532428741455078125 48.61042022705078125 48.64774322509765625 nan nan nan nan nan nan nan nan nan nan nan nan nan nan nan nan nan nan nan nan nan nan nan nan nan nan nan nan nan nan nan nan nan nan nan nan nan nan nan nan nan nan nan nan nan nan nan nan nan nan nan nan nan nan nan
54.163295745849609375 53.23609161376953125 51.21010589599609375 50.40470123291015625 50.23691558837890625 49.935924530029296875 49.530712127685546875 48.5795440673828125 49.123699188232421875 nan nan nan nan nan nan nan nan nan nan nan nan nan nan nan nan nan nan nan nan nan nan nan nan nan nan nan nan nan nan nan nan nan nan nan nan nan nan nan nan nan nan nan nan nan nan nan nan nan nan nan nan nan nan nan nan nan
53.2198333740234375 52.66504669189453125 51.606716156005859375 50.5101470947265625 49.7811431884765625 50.04071044921875 49.938899993896484375 50.052761077880859375 50.596126556396484375 nan nan nan nan nan nan nan nan nan nan nan nan nan nan nan nan nan nan nan nan nan nan nan nan nan nan nan nan nan nan nan nan nan nan nan nan nan nan nan nan nan nan nan nan nan nan nan nan nan nan nan nan nan nan nan nan nan
51.940067291259765625 51.456317901611328125 50.72882843017578125 50.121185302734375 49.835193634033203125 50.334705352783203125 nan nan nan nan nan nan nan nan nan nan nan nan nan nan nan nan nan nan nan nan nan nan nan nan nan nan nan nan nan nan nan nan nan nan nan nan nan nan nan nan nan nan nan nan nan nan nan nan nan nan nan nan nan nan nan nan nan nan nan nan
51.442447662353515625 50.553127288818359375 49.99987030029296875 49.75350189208984375 49.7933197021484375 nan nan nan nan nan nan nan nan nan nan nan nan nan nan nan nan nan nan nan nan nan nan nan nan nan nan nan nan nan nan nan nan nan nan nan nan nan nan nan nan nan nan nan nan nan nan nan nan nan nan nan nan nan nan nan nan nan nan nan nan nan
50.037464141845703125 49.518035888671875 49.579463958740234375 50.137317657470703125 nan nan nan nan nan nan nan nan nan nan nan nan nan nan nan nan nan nan nan nan nan nan nan nan nan nan nan nan nan nan nan nan nan nan nan nan nan nan nan nan nan nan nan nan nan nan nan nan nan nan nan nan nan nan nan nan nan nan nan nan nan nan
50.067295074462890625 50.972194671630859375 nan nan nan nan nan nan nan nan nan nan nan nan nan nan nan nan nan nan nan nan nan nan nan nan nan nan nan nan nan nan nan nan nan nan nan nan nan nan nan nan nan nan nan nan nan nan nan nan nan nan nan nan nan nan nan nan nan nan nan nan nan nan nan nan
nan nan nan nan nan nan nan nan nan nan nan nan nan nan nan nan nan nan nan nan nan nan nan nan nan nan nan nan nan nan nan nan nan nan nan nan nan nan nan nan nan nan nan nan nan nan nan nan nan nan nan nan nan nan nan nan nan nan nan nan nan nan nan nan nan nan
