rasters/edaphic_/phh2o.asc
ncols        720
nrows        300
xllcorner    -180.000000000000
yllcorner    -60.000000000000
cellsize     0.500000000000
NODATA_value  nan
[rows 145 to 173 of 300, columns 528 to 593 of 720]
nan nan nan nan nan nan nan nan nan nan nan nan nan nan nan nan nan nan nan nan nan 60.001117706298828125 63.655170440673828125 63.2669677734375 61.64752960205078125 61.64104461669921875 58.7718353271484375 59.015705108642578125 57.5293731689453125 58.067607879638671875 59.27658843994140625 60.649417877197265625 59.681537628173828125 56.590118408203125 56.368938446044921875 56.592029571533203125 58.156688690185546875 58.181118011474609375 57.686176300048828125 nan nan 55.080936431884765625 55.356487274169921875 55.119953155517578125 55.298870086669921875 57.3846282958984375 nan nan nan nan nan nan nan nan nan nan nan nan nan nan nan nan nan nan nan nan
nan nan nan nan nan nan nan nan nan nan nan nan nan nan nan nan nan nan nan nan nan 62.3485565185546875 nan nan nan 62.6475830078125 nan 60.124607086181640625 58.554843902587890625 57.471263885498046875 58.826335906982421875 60.921611785888671875 61.713260650634765625 58.3000030517578125 57.939044952392578125 58.759250640869140625 59.997005462646484375 58.76287841796875 58.45812225341796875 58.09226226806640625 57.513397216796875 56.33257293701171875 56.575611114501953125 56.052524566650390625 55.401371002197265625 56.336971282958984375 57.365421295166015625 nan nan nan nan nan nan nan nan nan nan nan nan nan nan nan nan nan nan nan
nan nan nan nan nan nan nan nan nan nan nan nan nan nan nan nan nan nan nan nan 60.133167266845703125 62.646697998046875 63.848278045654296875 63.994510650634765625 nan nan nan 59.29528045654296875 57.994808197021484375 56.36739349365234375 58.147777557373046875 61.7351837158203125 62.04894256591796875 60.132511138916015625 59.040287017822265625 60.42476654052734375 61.11737823486328125 58.567348480224609375 58.43877410888671875 58.6562347412109375 58.293212890625 57.409732818603515625 57.23831939697265625 56.993320465087890625 56.117950439453125 55.136219024658203125 55.482967376708984375 57.4729461669921875 nan nan nan nan nan nan nan nan nan nan nan nan nan nan nan nan nan nan
nan nan nan nan nan nan nan nan nan nan nan nan nan nan nan nan nan nan nan nan nan nan nan nan nan nan nan 58.347126007080078125 57.43573760986328125 55.729656219482421875 57.070796966552734375 61.8276214599609375 62.028316497802734375 61.194690704345703125 59.764583587646484375 61.942790985107421875 64.14011383056640625 61.236133575439453125 59.5076446533203125 59.751178741455078125 59.048492431640625 58.23487091064453125 57.329013824462890625 57.07572174072265625 57.07398223876953125 55.36474609375 54.30898284912109375 57.085693359375 60.0272674560546875 nan nan nan nan nan nan nan nan nan nan nan nan nan nan nan nan nan
nan nan nan nan nan nan nan nan nan nan nan nan nan nan nan nan nan nan nan nan nan nan nan nan nan nan nan nan 56.12598419189453125 55.051197052001953125 56.064144134521484375 60.635982513427734375 61.401897430419921875 61.909938812255859375 60.6615447998046875 nan 63.236331939697265625 60.66901397705078125 60.530742645263671875 60.958454132080078125 60.226596832275390625 58.853397369384765625 57.038394927978515625 57.1178741455078125 55.43473052978515625 55.656307220458984375 54.793060302734375 55.077739715576171875 57.776531219482421875 60.401721954345703125 nan nan nan nan nan nan nan nan nan nan nan nan nan nan nan nan
nan nan nan nan nan nan nan nan nan nan nan nan nan nan nan nan nan nan nan nan nan nan nan nan nan nan nan nan 55.8273162841796875 55.3477325439453125 56.6846923828125 60.484912872314453125 60.8209228515625 61.42691802978515625 58.982555389404296875 58.78090667724609375 59.39328765869140625 59.645854949951171875 60.100433349609375 60.23633575439453125 60.13364410400390625 58.717014312744140625 56.872562408447265625 57.67914581298828125 56.977214813232421875 56.87754058837890625 56.37195587158203125 55.702175140380859375 55.708339691162109375 58.624126434326171875 nan nan nan nan nan nan nan nan nan nan nan nan nan nan nan nan
nan nan nan nan nan nan nan nan nan nan nan nan nan nan nan nan nan nan nan nan nan nan nan nan nan nan nan nan 55.682708740234375 55.218044281005859375 57.86479949951171875 62.025360107421875 61.461551666259765625 59.15795135498046875 56.75034332275390625 56.633575439453125 57.57569122314453125 60.174968719482421875 59.79125213623046875 59.249614715576171875 58.92382049560546875 58.728237152099609375 57.75331878662109375 57.812694549560546875 58.277374267578125 57.539936065673828125 56.903415679931640625 57.080322265625 56.719135284423828125 58.70970916748046875 nan nan nan nan nan nan nan nan nan nan nan nan nan nan nan nan
nan nan nan nan nan nan nan nan nan nan nan nan nan nan nan nan nan nan nan nan nan nan nan nan nan nan nan nan nan 54.97286224365234375 58.09931182861328125 62.898036956787109375 nan 57.611812591552734375 56.986907958984375 57.66591644287109375 58.794574737548828125 60.5180816650390625 58.428546905517578125 57.90520477294921875 58.771862030029296875 58.575557708740234375 58.190113067626953125 57.750545501708984375 58.4748992919921875 58.94995880126953125 59.097354888916015625 58.62699127197265625 58.69675445556640625 58.99169158935546875 nan nan nan nan nan nan nan nan nan nan nan nan nan nan nan nan
nan nan nan nan nan nan nan nan nan nan nan nan nan nan nan nan nan nan nan nan nan nan nan nan nan nan nan nan nan 56.083889007568359375 56.880558013916015625 62.778766632080078125 nan nan 59.652492523193359375 56.72869873046875 56.49207305908203125 58.232212066650390625 58.653530120849609375 nan 57.6505889892578125 57.790042877197265625 57.51111602783203125 57.233608245849609375 58.047088623046875 58.6069183349609375 59.00531005859375 59.114002227783203125 58.58872222900390625 59.39173126220703125 60.971927642822265625 nan nan nan nan nan nan nan nan nan nan nan nan nan nan nan
nan nan nan nan nan nan nan nan nan nan nan nan nan nan nan nan nan nan nan nan nan nan nan nan nan nan nan nan nan 55.666263580322265625 56.033344268798828125 62.208759307861328125 nan nan 58.163547515869140625 55.251674652099609375 53.7566070556640625 55.33705902099609375 58.202869415283203125 59.406757354736328125 59.00368499755859375 57.14959716796875 56.771656036376953125 56.94597625732421875 57.247135162353515625 56.7776947021484375 56.412479400634765625 57.19367218017578125 57.995388031005859375 59.43365478515625 60.20147705078125 nan nan nan nan nan nan nan nan nan nan nan nan nan nan nan
nan nan nan nan nan nan nan nan nan nan nan nan nan nan nan nan nan nan nan nan nan nan nan nan nan nan nan nan nan 54.6255035400390625 55.781604766845703125 60.62754058837890625 nan nan nan nan nan 52.283061981201171875 53.599971771240234375 56.073650360107421875 58.261470794677734375 58.278385162353515625 57.320301055908203125 56.480499267578125 56.127407073974609375 55.329769134521484375 53.869937896728515625 54.68160247802734375 55.407527923583984375 57.3043975830078125 nan nan nan nan nan nan nan nan nan nan nan nan nan nan nan nan
nan nan nan nan nan nan nan nan nan nan nan nan nan nan nan nan nan 53.590404510498046875 nan nan nan nan nan nan nan nan nan nan nan 54.051578521728515625 55.56868743896484375 59.645442962646484375 nan nan nan nan nan nan 52.15407562255859375 53.52385711669921875 57.80422210693359375 59.596435546875 57.415920257568359375 55.006298065185546875 53.65293121337890625 53.581783294677734375 53.328159332275390625 53.2042388916015625 54.84716796875 58.635860443115234375 nan nan nan nan nan nan nan nan nan nan nan nan nan nan nan nan
nan nan nan nan nan nan nan nan nan nan nan nan nan nan nan nan nan nan nan nan nan nan nan nan nan nan nan nan nan nan 54.81125640869140625 nan nan nan nan nan nan nan 53.01679229736328125 53.00250244140625 56.730010986328125 59.786006927490234375 57.122165679931640625 54.40779876708984375 54.8928680419921875 55.195178985595703125 54.9115753173828125 55.306713104248046875 59.06093597412109375 62.1517486572265625 nan nan nan nan nan nan nan nan nan nan nan nan nan nan nan nan
nan nan nan nan nan nan nan nan nan nan nan nan nan nan nan nan nan nan nan nan nan nan nan nan nan nan nan nan nan 53.388805389404296875 53.923099517822265625 nan nan nan nan nan nan nan 53.10816192626953125 52.767181396484375 54.38532257080078125 56.41971588134765625 56.820461273193359375 57.36167144775390625 59.3493499755859375 60.50624847412109375 58.315731048583984375 59.703807830810546875 nan nan nan nan nan nan nan nan nan nan nan nan nan nan nan nan nan nan
nan nan nan nan nan nan nan nan nan nan nan nan nan nan nan nan nan nan nan nan nan nan nan nan nan nan nan nan nan 53.209613800048828125 nan nan nan nan nan nan nan nan nan nan nan 56.2686614990234375 57.556156158447265625 60.793369293212890625 63.349365234375 63.631572723388671875 nan nan nan nan nan nan nan nan nan nan nan nan nan nan nan nan nan nan nan nan
nan nan nan nan nan nan nan nan nan nan nan nan nan nan nan nan nan nan nan nan nan nan nan nan nan nan nan nan nan 52.73474884033203125 nan nan nan nan nan nan nan nan nan nan nan nan 56.827564239501953125 59.605377197265625 62.100780487060546875 nan nan nan nan nan nan nan nan nan nan nan nan nan nan nan nan nan nan nan nan nan
nan nan nan nan nan nan nan nan nan nan nan nan nan nan nan nan nan nan nan nan nan nan nan nan nan nan nan nan nan 52.571033477783203125 nan 53.535633087158203125 nan nan nan nan nan nan nan nan nan nan nan 57.364013671875 nan nan nan nan nan nan nan nan nan nan nan nan nan nan nan nan nan nan nan nan nan nan
nan nan nan nan nan nan nan nan nan nan nan nan nan nan nan nan nan nan nan nan nan nan nan nan nan nan nan nan nan 53.251850128173828125 54.100811004638671875 53.33629608154296875 nan nan nan nan nan nan nan nan nan nan 55.620609283447265625 nan nan nan nan nan nan nan nan nan nan nan nan nan nan nan nan nan nan nan nan nan nan nan
nan nan nan nan nan nan nan nan nan nan nan nan nan nan nan nan nan nan nan nan nan nan nan nan nan nan nan nan nan nan 53.774112701416015625 53.303569793701171875 54.50362396240234375 nan nan nan nan nan nan nan nan nan nan nan nan nan nan nan nan nan nan nan nan nan nan nan nan nan nan nan nan nan nan nan nan nan
nan nan nan nan nan nan nan nan nan nan nan nan nan nan nan nan nan nan nan nan nan nan nan nan nan nan nan nan nan nan 53.1079254150390625 52.528072357177734375 54.120517730712890625 nan nan nan nan nan nan nan nan nan nan nan nan nan nan nan nan nan nan nan nan nan nan nan nan nan nan nan nan nan nan nan nan nan
nan nan nan nan nan nan nan nan nan nan nan nan nan nan nan nan nan nan nan nan nan nan nan nan nan nan nan nan nan nan nan 52.30657958984375 52.35919189453125 nan nan nan nan nan nan nan nan nan nan nan nan nan nan nan nan nan nan nan nan nan nan nan nan nan nan nan nan nan nan nan nan nan
nan nan nan nan nan nan nan nan nan nan nan nan nan nan nan nan nan nan nan nan nan nan nan nan nan nan nan nan nan nan nan nan 52.230377197265625 52.01233673095703125 52.210620880126953125 nan nan nan nan nan nan nan nan nan nan nan nan nan nan nan nan nan nan nan nan nan nan nan nan nan nan nan nan nan nan 52.4634857177734375
nan nan nan nan nan nan nan nan nan nan nan nan nan nan nan nan nan nan nan nan nan nan nan nan nan nan nan nan nan nan nan nan nan 52.268978118896484375 52.15421295166015625 51.79930877685546875 nan nan nan nan nan nan nan nan nan nan nan nan nan nan nan nan nan nan nan nan nan nan nan nan nan nan nan nan nan 52.802825927734375
nan nan nan nan nan nan nan nan nan nan nan nan nan nan nan nan nan nan nan nan nan nan nan nan nan nan nan nan nan nan nan nan nan 51.57806396484375 51.188358306884765625 52.048480987548828125 52.48909759521484375 nan nan nan nan nan nan nan nan nan nan nan nan nan nan nan nan nan nan nan nan nan nan nan nan nan nan nan 53.0702056884765625 52.938751220703125
nan nan nan nan nan nan nan nan nan nan nan nan nan nan nan nan nan nan nan nan nan nan nan 51.713619232177734375 nan nan nan nan nan nan nan nan nan 50.70638275146484375 50.4199371337890625 51.614715576171875 52.649776458740234375 52.406482696533203125 nan nan nan nan nan nan nan nan nan nan nan nan nan nan nan nan nan nan nan nan nan nan nan nan nan 52.39298248291015625 52.668781280517578125 52.449615478515625
nan nan nan nan nan nan nan nan nan nan nan nan nan nan nan nan nan nan nan nan nan nan nan 50.941181182861328125 50.731658935546875 52.34377288818359375 52.221286773681640625 52.194980621337890625 nan nan nan nan nan 49.848388671875 50.28121185302734375 50.60681915283203125 51.623783111572265625 51.638950347900390625 51.188823699951171875 nan nan nan nan nan nan nan nan nan nan nan nan nan nan nan nan nan nan nan nan nan nan 51.715534210205078125 52.04924774169921875 51.729686737060546875 51.739299774169921875 51.4379425048828125
nan nan nan nan nan nan nan nan nan nan nan nan nan nan nan nan nan nan nan nan nan nan nan nan 50.789112091064453125 50.958950042724609375 52.16869354248046875 51.8885040283203125 52.3332061767578125 nan nan nan nan 49.8458404541015625 50.07257080078125 49.326904296875 50.029178619384765625 50.738002777099609375 50.543609619140625 nan nan nan nan nan nan nan nan nan nan nan nan nan nan nan nan nan nan nan nan nan 50.404079437255859375 50.719806671142578125 51.201374053955078125 51.102642059326171875 50.8143310546875 50.611431121826171875
nan nan nan nan nan nan nan nan nan nan nan nan nan nan nan nan nan nan nan nan nan nan nan nan nan 50.39084625244140625 50.611602783203125 50.575817108154296875 51.0617523193359375 52.45534515380859375 nan nan nan nan 49.283702850341796875 49.0585479736328125 49.480377197265625 50.034152984619140625 49.72515869140625 nan nan nan nan nan nan nan nan nan nan nan nan nan nan nan nan nan nan nan nan 49.5251617431640625 49.505950927734375 50.340850830078125 50.952472686767578125 50.93370819091796875 50.676273345947265625 50.23458099365234375
nan nan nan nan nan nan nan nan nan nan nan nan nan nan nan nan nan nan nan nan nan nan nan nan nan nan 50.547031402587890625 50.369415283203125 50.642169952392578125 50.50492095947265625 51.360919952392578125 nan nan nan nan 48.9116668701171875 49.29656982421875 49.5470733642578125 48.892948150634765625 nan nan nan nan nan nan nan nan nan nan nan nan nan nan nan nan nan nan nan 49.300380706787109375 49.13739013671875 49.787616729736328125 50.208782196044921875 50.787075042724609375 50.953800201416015625 50.6849517822265625 49.769420623779296875
