rasters/edaphic_/sand.asc
ncols        720
nrows        300
xllcorner    -180.000000000000
yllcorner    -60.000000000000
cellsize     0.500000000000
NODATA_value  nan
[rows 60 to 89 of 300, columns 201 to 267 of 720]
nan nan nan nan 486.33892822265625 506.70965576171875 nan 499.423004150390625 nan nan nan 495.93707275390625 497.998016357421875 516.66998291015625 504.87823486328125 487.726806640625 479.07061767578125 495.01104736328125 513.0582275390625 nan nan nan nan nan nan nan nan nan 491.478546142578125 511.200927734375 518.60174560546875 nan nan nan nan nan nan nan nan nan nan nan nan nan nan nan nan nan nan nan nan nan nan nan nan nan nan nan nan nan nan nan nan nan nan nan nan
nan nan nan nan 471.8458251953125 nan 487.484100341796875 481.430206298828125 nan nan 497.47576904296875 nan nan 503.3829345703125 492.754852294921875 481.719757080078125 490.8018798828125 498.341888427734375 516.597900390625 528.81988525390625 520.4501953125 nan nan nan nan nan nan 475.095947265625 486.371307373046875 501.379791259765625 516.9801025390625 nan nan nan nan nan nan nan nan nan nan nan nan nan nan nan nan nan nan nan nan nan nan nan nan nan nan nan nan nan nan nan nan nan nan nan nan
nan nan 442.980194091796875 448.407684326171875 489.685028076171875 499.333343505859375 484.501800537109375 nan 498.493255615234375 510.318817138671875 514.90899658203125 504.628570556640625 501.49237060546875 506.259521484375 500.28009033203125 nan 503.57086181640625 505.604461669921875 511.202423095703125 nan nan 511.083831787109375 nan nan nan nan 486.338653564453125 nan 487.80157470703125 492.919342041015625 512.92376708984375 532.1820068359375 533.88006591796875 nan nan nan nan nan nan nan nan nan nan nan nan nan nan nan nan nan nan nan nan nan nan nan nan nan nan nan nan nan nan nan nan nan nan
nan nan nan 472.1268310546875 483.22711181640625 488.56524658203125 490.345703125 502.88970947265625 nan nan 512.37646484375 514.605712890625 511.469146728515625 510.26336669921875 511.750885009765625 514.1956787109375 519.0462646484375 516.095947265625 507.590057373046875 508.11248779296875 nan 511.657684326171875 nan 485.28662109375 499.95416259765625 498.272247314453125 489.52618408203125 492.23846435546875 nan 492.40313720703125 509.565887451171875 529.604736328125 538.648681640625 545.9195556640625 nan nan nan nan nan nan nan nan nan nan nan nan nan nan nan nan nan nan nan nan nan nan nan nan nan nan nan nan nan nan nan nan nan
nan nan nan nan nan 486.8388671875 485.1624755859375 494.303314208984375 500.236785888671875 506.926025390625 nan 510.823760986328125 508.730743408203125 514.9542236328125 526.28662109375 533.98260498046875 nan 535.873779296875 519.44635009765625 510.959808349609375 503.812469482421875 494.9168701171875 487.021240234375 488.9781494140625 489.542449951171875 nan 508.33343505859375 nan 496.1285400390625 nan 505.679718017578125 526.05780029296875 nan 536.26104736328125 533.21075439453125 526.6107177734375 nan nan nan nan nan nan nan nan nan nan nan nan nan nan nan nan nan nan nan nan nan nan nan nan nan nan nan nan nan nan nan
nan nan nan nan nan nan nan 484.64874267578125 490.903045654296875 nan 518.15087890625 nan 537.65118408203125 540.6131591796875 541.39044189453125 527.42401123046875 530.57672119140625 532.9532470703125 nan 532.90179443359375 515.154052734375 502.05364990234375 488.08184814453125 nan 504.413726806640625 513.3214111328125 523.635986328125 519.9749755859375 507.65020751953125 493.902069091796875 500.314727783203125 528.66046142578125 538.00067138671875 537.6917724609375 535.35223388671875 nan nan nan nan nan nan nan nan nan nan nan nan nan nan nan nan nan nan nan nan nan nan nan nan nan nan nan nan nan nan nan nan
nan nan nan nan nan nan 462.40234375 477.57159423828125 495.149078369140625 520.11090087890625 523.321533203125 nan 542.837646484375 564.139404296875 570.59088134765625 567.57208251953125 565.81134033203125 579.46343994140625 577.2138671875 nan 550.68426513671875 nan 519.1187744140625 nan 532.2747802734375 528.4722900390625 521.70184326171875 517.019775390625 509.073944091796875 504.876617431640625 509.5458984375 525.06365966796875 536.2659912109375 537.9842529296875 534.6776123046875 nan nan nan nan nan nan nan nan nan nan nan nan nan nan nan nan nan nan nan nan nan nan nan nan nan nan nan nan nan nan nan nan
407.25750732421875 399.466461181640625 nan nan nan nan nan 504.50970458984375 527.437744140625 541.10400390625 nan 604.0364990234375 619.95831298828125 631.42779541015625 641.7391357421875 647.9837646484375 638.9266357421875 639.86920166015625 633.92578125 608.89013671875 575.11602783203125 547.95416259765625 551.15362548828125 553.93597412109375 544.46038818359375 528.427734375 nan 517.0062255859375 519.58746337890625 521.19085693359375 nan 517.62017822265625 517.91259765625 520.52935791015625 nan nan nan nan nan nan nan nan nan nan nan nan nan nan nan nan nan nan nan nan nan nan nan nan nan nan nan nan nan nan nan nan nan
nan nan nan nan nan 461.109619140625 526.50665283203125 nan 606.7686767578125 657.82537841796875 699.2900390625 699.902099609375 709.9122314453125 713.16259765625 703.0865478515625 688.31390380859375 682.4683837890625 680.6827392578125 649.8323974609375 612.16693115234375 nan 569.7108154296875 573.46258544921875 574.709716796875 566.73895263671875 552.5107421875 528.30718994140625 524.866455078125 518.509521484375 514.954345703125 505.61175537109375 486.08392333984375 461.673736572265625 462.37109375 467.652618408203125 446.132843017578125 413.8206787109375 nan nan nan nan nan nan nan nan nan nan nan nan nan nan nan nan nan nan nan nan nan nan nan nan nan nan nan nan nan nan
nan nan nan 362.033782958984375 374.215911865234375 431.67724609375 552.6549072265625 690.37841796875 754.36102294921875 nan 778.9500732421875 758.67999267578125 770.17010498046875 757.25665283203125 716.6837158203125 706.90283203125 710.0106201171875 671.49365234375 644.72100830078125 620.27215576171875 594.43621826171875 nan 585.54913330078125 561.12261962890625 540.0635986328125 nan 521.86480712890625 506.530792236328125 488.821990966796875 476.887237548828125 476.25726318359375 455.96490478515625 432.04974365234375 437.588043212890625 nan 447.936981201171875 417.6256103515625 389.904144287109375 nan nan nan nan nan nan nan nan nan nan nan nan nan nan nan nan nan nan nan nan nan nan nan nan nan nan nan nan nan
347.372039794921875 389.712158203125 nan 369.319000244140625 384.018585205078125 452.838653564453125 nan 702.7379150390625 757.4564208984375 nan 753.7979736328125 760.144287109375 756.71649169921875 746.54888916015625 725.08831787109375 nan 695.54791259765625 nan 616.18963623046875 nan nan 555.62274169921875 536.070556640625 511.4698486328125 481.834014892578125 nan nan 476.392578125 nan 451.928436279296875 nan 411.462738037109375 408.4627685546875 435.869659423828125 454.261138916015625 459.881927490234375 442.236328125 425.1339111328125 nan 465.654327392578125 500.360015869140625 495.911712646484375 464.9710693359375 nan nan nan nan nan nan nan nan nan nan nan nan nan nan nan nan nan nan nan nan nan nan nan nan
nan 346.3404541015625 370.66436767578125 nan 407.742034912109375 462.109039306640625 nan 614.1180419921875 669.2379150390625 705.49603271484375 747.48931884765625 nan nan nan 704.76641845703125 681.21405029296875 656.58978271484375 632.308837890625 610.43212890625 nan 544.4969482421875 529.07171630859375 494.244384765625 455.775482177734375 426.7894287109375 427.65435791015625 nan nan nan 401.3238525390625 410.71337890625 398.832977294921875 412.413665771484375 445.88006591796875 nan 486.129913330078125 472.742340087890625 472.58660888671875 513.3961181640625 530.73883056640625 528.15325927734375 499.27581787109375 nan nan nan nan nan nan nan nan nan nan nan nan nan nan nan nan nan nan nan nan nan nan nan nan nan
nan 285.84637451171875 347.93603515625 nan nan nan 536.754150390625 nan nan nan 650.30340576171875 nan 651.382080078125 676.2620849609375 684.50628662109375 688.331787109375 nan 646.1131591796875 nan 520.39984130859375 nan 516.98846435546875 484.821563720703125 nan nan 400.376129150390625 403.955352783203125 374.47369384765625 377.26495361328125 397.356414794921875 445.39483642578125 nan 498.23504638671875 524.96783447265625 574.94207763671875 nan 520.22271728515625 496.08636474609375 499.799468994140625 nan nan 552.46160888671875 552.52655029296875 533.8448486328125 494.8814697265625 nan nan nan nan nan nan nan nan nan nan nan nan nan nan nan nan nan nan nan nan nan nan
nan 242.5175018310546875 343.083984375 436.864410400390625 494.108123779296875 523.24822998046875 nan 579.0361328125 556.3697509765625 520.0828857421875 542.23834228515625 566.371337890625 600.57061767578125 641.392333984375 nan nan 635.86322021484375 606.05853271484375 516.85186767578125 481.807525634765625 482.153839111328125 489.096954345703125 480.779693603515625 nan 434.19140625 425.105438232421875 425.7314453125 357.609771728515625 333.133148193359375 416.61199951171875 522.5313720703125 574.67987060546875 587.3721923828125 633.60809326171875 620.68603515625 582.03289794921875 577.7430419921875 567.794677734375 nan 584.57464599609375 602.09716796875 622.71429443359375 594.82830810546875 566.0272216796875 548.0888671875 nan 425.267059326171875 402.729248046875 nan nan nan nan nan nan nan nan nan nan nan nan nan nan nan nan nan nan nan
nan nan 334.502166748046875 436.735565185546875 527.33209228515625 577.93450927734375 nan 556.53021240234375 550.1129150390625 nan 517.84649658203125 517.9136962890625 527.662109375 557.02740478515625 566.884765625 531.28143310546875 539.31512451171875 nan 510.41864013671875 492.172119140625 nan nan 467.6729736328125 506.0679931640625 nan 487.574066162109375 nan 468.814727783203125 nan 510.509979248046875 590.151123046875 616.63824462890625 632.961181640625 624.87127685546875 616.0089111328125 622.6226806640625 642.15545654296875 657.97314453125 626.1649169921875 617.1875 584.55718994140625 nan 584.20343017578125 627.063720703125 619.35443115234375 546.22723388671875 478.266632080078125 nan nan nan nan nan nan nan nan nan nan nan nan nan nan nan nan nan nan nan nan
nan nan 362.7508544921875 452.21099853515625 558.48370361328125 574.12689208984375 547.11920166015625 542.35955810546875 nan 485.97247314453125 462.822357177734375 nan nan 568.15093994140625 559.358642578125 547.2950439453125 532.61822509765625 510.236785888671875 508.890869140625 501.98297119140625 505.2386474609375 515.156494140625 525.7940673828125 538.5228271484375 544.83673095703125 538.30328369140625 500.558441162109375 461.98980712890625 nan 550.56048583984375 598.92401123046875 603.73565673828125 603.41259765625 597.1768798828125 597.28631591796875 608.82708740234375 632.01885986328125 638.24639892578125 nan 615.234375 605.3182373046875 605.7318115234375 602.3887939453125 624.6365966796875 617.9007568359375 585.449951171875 528.91180419921875 nan nan nan nan nan nan nan nan nan nan nan nan nan nan nan nan nan nan nan nan
nan 349.498779296875 377.28277587890625 456.415924072265625 540.74652099609375 553.31219482421875 536.109375 536.01507568359375 515.27435302734375 476.89306640625 479.0023193359375 536.55029296875 584.35260009765625 558.84686279296875 527.89208984375 513.94329833984375 507.1265869140625 493.922332763671875 501.532806396484375 522.337158203125 541.65460205078125 555.39794921875 543.05474853515625 559.7940673828125 573.25543212890625 557.1346435546875 530.54937744140625 489.720458984375 526.37518310546875 557.0662841796875 565.35479736328125 569.9439697265625 574.193603515625 582.0810546875 599.95343017578125 614.2608642578125 628.47393798828125 619.96990966796875 599.1954345703125 594.99700927734375 589.619384765625 598.46527099609375 616.7333984375 623.92144775390625 615.47076416015625 593.4207763671875 565.47259521484375 nan nan nan nan nan nan nan nan nan nan nan nan nan nan nan nan nan nan nan nan
386.461517333984375 381.4383544921875 nan 467.779937744140625 552.5802001953125 562.6788330078125 nan 535.8631591796875 nan nan 485.369659423828125 nan nan nan 516.3858642578125 506.566497802734375 497.569671630859375 490.7242431640625 479.372161865234375 509.827392578125 544.81842041015625 552.7535400390625 nan 578.43695068359375 579.78961181640625 583.00750732421875 580.2969970703125 581.2908935546875 577.09356689453125 571.4305419921875 565.72467041015625 562.41949462890625 565.36541748046875 578.18963623046875 586.450439453125 595.3021240234375 594.6661376953125 592.46563720703125 579.29852294921875 567.783203125 559.18670654296875 574.49346923828125 600.22247314453125 nan nan 561.44757080078125 535.17633056640625 nan nan nan nan nan nan nan nan nan nan nan nan nan nan nan nan nan nan nan nan
386.8321533203125 407.976806640625 477.5703125 548.2193603515625 576.7911376953125 572.907958984375 543.50067138671875 534.97161865234375 520.78900146484375 510.412445068359375 524.0198974609375 514.7537841796875 542.3818359375 538.45037841796875 495.226287841796875 nan nan nan nan 509.076690673828125 nan 555.41973876953125 562.69708251953125 572.6021728515625 566.73431396484375 557.441162109375 542.41790771484375 550.218994140625 nan 569.75457763671875 559.3487548828125 550.022216796875 537.447021484375 nan 561.52301025390625 565.11767578125 567.636474609375 564.0482177734375 558.9317626953125 554.789794921875 553.94317626953125 nan nan nan nan 558.4775390625 547.0623779296875 nan nan nan nan nan nan nan nan nan nan nan nan nan nan nan nan nan nan nan nan
487.518341064453125 524.39508056640625 561.20465087890625 560.8638916015625 585.89862060546875 591.3797607421875 550.39105224609375 520.7408447265625 503.0987548828125 494.809661865234375 509.522308349609375 nan 524.73602294921875 506.70245361328125 459.43109130859375 443.844635009765625 nan 448.066619873046875 474.95379638671875 512.1666259765625 535.128662109375 541.25396728515625 551.932373046875 550.49957275390625 522.74871826171875 496.411163330078125 487.47393798828125 494.340850830078125 nan 516.3994140625 519.7584228515625 nan 472.503997802734375 nan 505.6787109375 502.390106201171875 537.28887939453125 nan 558.5201416015625 nan nan nan nan nan 541.1658935546875 578.9869384765625 nan nan nan nan nan nan nan nan nan nan nan nan nan nan nan nan nan nan nan nan nan
544.78399658203125 556.39617919921875 519.6964111328125 502.7618408203125 514.52398681640625 nan 534.62847900390625 516.9908447265625 509.629852294921875 493.48321533203125 nan 480.843536376953125 463.39605712890625 440.564666748046875 nan 437.776885986328125 442.727691650390625 456.334197998046875 483.089385986328125 509.26678466796875 504.81573486328125 505.876678466796875 501.26727294921875 487.22412109375 480.25347900390625 nan nan nan nan nan nan 442.1790771484375 451.950286865234375 nan nan nan nan nan nan nan nan nan nan nan 554.8818359375 nan 573.1610107421875 nan nan nan nan nan nan nan nan nan nan nan nan nan nan nan nan nan nan nan nan
523.82080078125 525.6441650390625 507.53204345703125 489.719818115234375 nan 412.907135009765625 411.42559814453125 432.636444091796875 441.68548583984375 435.192169189453125 439.831146240234375 nan 420.94915771484375 377.48651123046875 353.394989013671875 409.429931640625 456.723358154296875 472.791961669921875 471.626678466796875 473.41552734375 471.431121826171875 480.778167724609375 487.843231201171875 nan nan nan nan nan nan nan nan nan 436.89013671875 459.1326904296875 459.636322021484375 nan nan nan nan nan nan nan nan 525.3431396484375 585.88836669921875 581.0447998046875 553.45953369140625 546.8648681640625 530.4105224609375 492.204315185546875 465.378814697265625 473.50079345703125 nan nan nan nan nan nan nan nan nan nan nan nan nan nan nan
455.7723388671875 475.140594482421875 480.0924072265625 467.460723876953125 449.137603759765625 396.723175048828125 nan 417.828887939453125 420.278594970703125 424.3348388671875 429.006744384765625 425.591217041015625 411.419189453125 335.912933349609375 299.339202880859375 370.567169189453125 447.82666015625 508.846954345703125 499.293182373046875 471.07049560546875 464.447113037109375 nan nan 394.85296630859375 413.811431884765625 441.198272705078125 438.639190673828125 449.295745849609375 462.7921142578125 451.27001953125 nan nan nan nan nan nan nan nan nan nan nan nan 453.216949462890625 nan 563.937255859375 nan 546.41497802734375 542.58935546875 532.143798828125 516.7484130859375 484.699981689453125 nan nan nan nan nan nan nan nan nan nan nan nan nan nan nan nan
390.743988037109375 416.61627197265625 nan 446.1593017578125 nan 423.302581787109375 409.47137451171875 414.34320068359375 428.322601318359375 427.516937255859375 437.694122314453125 nan 436.727813720703125 424.3914794921875 429.945556640625 476.19549560546875 512.64300537109375 522.4344482421875 497.50927734375 453.79071044921875 nan 430.042510986328125 415.693695068359375 400.54296875 393.26629638671875 433.35430908203125 431.64947509765625 427.204559326171875 446.2386474609375 442.694488525390625 nan nan nan nan nan nan nan nan nan nan nan 464.59185791015625 472.205352783203125 494.5872802734375 529.52471923828125 545.319580078125 546.845947265625 532.53729248046875 509.383636474609375 498.582611083984375 481.244232177734375 472.22235107421875 nan nan nan nan nan nan nan nan nan nan nan nan nan nan nan
342.09539794921875 nan 438.918975830078125 461.01300048828125 439.91046142578125 435.75823974609375 nan nan nan 463.138336181640625 475.112396240234375 473.526458740234375 450.30694580078125 451.00592041015625 529.22821044921875 631.76947021484375 613.4541015625 559.2562255859375 462.484039306640625 nan 421.282806396484375 413.689178466796875 397.9761962890625 387.841522216796875 376.733917236328125 406.700714111328125 443.547271728515625 433.037872314453125 406.497955322265625 nan nan nan nan nan nan nan nan nan nan nan 480.734375 501.729949951171875 509.239349365234375 nan 512.36370849609375 514.57659912109375 511.23382568359375 501.479949951171875 497.976959228515625 474.287078857421875 460.10321044921875 nan 440.5867919921875 nan nan nan nan nan nan nan nan nan nan nan nan nan nan
365.380340576171875 416.259429931640625 nan 436.868865966796875 428.12811279296875 430.334320068359375 438.45361328125 458.22076416015625 479.63836669921875 475.474609375 469.814697265625 467.910247802734375 nan 481.27459716796875 579.349853515625 616.1259765625 604.07623291015625 555.0780029296875 nan 456.1649169921875 440.004241943359375 406.294403076171875 371.99273681640625 367.035919189453125 376.113006591796875 425.72686767578125 467.7481689453125 460.072357177734375 431.19134521484375 nan nan nan nan nan nan nan nan nan nan nan nan nan nan nan nan nan nan nan 462.83087158203125 nan nan 452.05511474609375 484.893890380859375 nan nan nan nan nan nan nan nan nan nan nan nan nan nan
429.916534423828125 428.76947021484375 434.924346923828125 413.656951904296875 396.47314453125 384.1383056640625 373.163421630859375 nan 433.45147705078125 466.396148681640625 471.901275634765625 476.106353759765625 490.913909912109375 491.55389404296875 543.009033203125 541.32586669921875 nan 471.42083740234375 469.040496826171875 470.540069580078125 448.19158935546875 393.754486083984375 368.227142333984375 384.34710693359375 434.990325927734375 497.178192138671875 519.5604248046875 519.8907470703125 519.058349609375 nan 540.33184814453125 nan nan nan nan nan nan 448.652740478515625 nan nan nan nan nan nan nan nan nan nan nan nan nan nan 479.73370361328125 nan nan nan nan nan nan nan nan nan nan nan nan nan nan
441.528594970703125 432.5262451171875 396.092529296875 367.276641845703125 353.846527099609375 343.850677490234375 343.83819580078125 364.5152587890625 412.78497314453125 457.334564208984375 484.912933349609375 474.281951904296875 414.934295654296875 379.02471923828125 433.75 437.79296875 438.907867431640625 453.20770263671875 448.573577880859375 422.6046142578125 397.732330322265625 nan 386.188934326171875 387.78448486328125 453.136444091796875 522.94366455078125 530.693603515625 488.37115478515625 493.650177001953125 487.894195556640625 nan nan 538.36822509765625 565.34332275390625 nan nan nan 423.5972900390625 424.880157470703125 nan nan nan nan nan nan nan nan nan nan nan nan nan nan nan nan nan nan nan nan nan nan nan nan nan nan nan nan
430.757904052734375 416.27093505859375 370.17498779296875 343.01837158203125 320.594512939453125 326.760162353515625 345.811737060546875 396.082916259765625 nan 472.740631103515625 442.79833984375 403.38385009765625 297.976654052734375 326.44439697265625 422.29437255859375 427.311981201171875 460.1622314453125 460.9613037109375 448.782623291015625 nan 451.3486328125 nan 434.793182373046875 421.0487060546875 470.850189208984375 502.118927001953125 482.30047607421875 433.626068115234375 449.960296630859375 449.259613037109375 456.657806396484375 468.015838623046875 nan nan nan nan 392.302001953125 nan 424.560760498046875 nan nan nan nan nan nan nan nan nan nan nan nan nan nan nan nan nan nan nan nan nan nan nan nan nan nan nan nan
407.1466064453125 399.57086181640625 361.046356201171875 326.083282470703125 306.485687255859375 329.947418212890625 373.81439208984375 348.15545654296875 402.526458740234375 406.0408935546875 nan 315.54840087890625 304.895355224609375 412.17633056640625 443.36846923828125 425.934417724609375 471.282989501953125 509.041107177734375 501.715179443359375 484.795318603515625 451.064544677734375 443.071746826171875 438.589996337890625 446.14031982421875 477.237213134765625 502.978607177734375 476.426300048828125 nan nan nan nan 396.5537109375 383.193450927734375 408.40423583984375 432.080169677734375 nan nan nan nan nan nan nan nan nan nan nan nan nan nan nan nan nan nan nan nan nan nan nan nan nan nan nan nan nan nan nan nan
