rasters/edaphic_/sand.asc
ncols        720
nrows        300
xllcorner    -180.000000000000
yllcorner    -60.000000000000
cellsize     0.500000000000
NODATA_value  nan
[rows 180 to 209 of 300, columns 335 to 401 of 720]
nan nan nan nan nan nan nan nan nan nan nan nan nan nan nan nan nan nan nan nan nan nan nan nan nan nan nan nan nan nan nan nan nan nan nan nan nan nan nan nan nan nan nan nan 460.101165771484375 486.685821533203125 480.642059326171875 490.92962646484375 495.6231689453125 442.962615966796875 391.802215576171875 376.225067138671875 387.043914794921875 413.411407470703125 457.02545166015625 564.865478515625 617.87841796875 546.5751953125 491.94561767578125 493.972930908203125 518.5672607421875 542.35955810546875 572.07977294921875 601.07830810546875 607.5460205078125 613.54058837890625 589.4156494140625
nan nan nan nan nan nan nan nan nan nan nan nan nan nan nan nan nan nan nan nan nan nan nan nan nan nan nan nan nan nan nan nan nan nan nan nan nan nan nan nan nan nan nan 444.756011962890625 460.411865234375 493.549041748046875 492.623443603515625 480.090118408203125 474.877899169921875 449.8758544921875 390.85955810546875 350.786773681640625 371.19183349609375 464.86968994140625 512.04034423828125 536.0931396484375 532.06011962890625 474.3929443359375 440.8431396484375 455.95965576171875 469.8358154296875 505.75848388671875 546.121826171875 558.159912109375 564.31414794921875 563.97625732421875 545.80792236328125
nan nan nan nan nan nan nan nan nan nan nan nan nan nan nan nan nan nan nan nan nan nan nan nan nan nan nan nan nan nan nan nan nan nan nan nan nan nan nan nan nan nan nan 444.679290771484375 468.291961669921875 486.347503662109375 489.693450927734375 468.26885986328125 448.219635009765625 428.04656982421875 398.4022216796875 323.569976806640625 378.931304931640625 577.74365234375 571.06243896484375 490.214263916015625 440.62255859375 412.182373046875 399.95111083984375 407.325408935546875 442.321533203125 470.14593505859375 497.621002197265625 518.222412109375 540.14532470703125 540.14483642578125 516.0565185546875
nan nan nan nan nan nan nan nan nan nan nan nan nan nan nan nan nan nan nan nan nan nan nan nan nan nan nan nan nan nan nan nan nan nan nan nan nan nan nan nan nan nan nan nan 472.171722412109375 481.78802490234375 502.50250244140625 492.42034912109375 461.21875 432.255523681640625 418.298126220703125 368.163177490234375 392.660736083984375 603.57940673828125 583.8831787109375 498.9820556640625 469.26055908203125 405.88671875 387.524871826171875 387.067474365234375 397.465118408203125 nan 462.236236572265625 492.29058837890625 526.23663330078125 517.97015380859375 493.394561767578125
nan nan nan nan nan nan nan nan nan nan nan nan nan nan nan nan nan nan nan nan nan nan nan nan nan nan nan nan nan nan nan nan nan nan nan nan nan nan nan nan nan nan nan nan 447.099151611328125 453.816162109375 471.884124755859375 487.15093994140625 480.136627197265625 444.1824951171875 424.1051025390625 416.610107421875 422.294830322265625 527.25982666015625 549.16351318359375 478.849365234375 451.567901611328125 nan 370.70391845703125 391.713623046875 384.301116943359375 383.946990966796875 424.98004150390625 465.23370361328125 496.757293701171875 493.39703369140625 477.855224609375
nan nan nan nan nan nan nan nan nan nan nan nan nan nan nan nan nan nan nan nan nan nan nan nan nan nan nan nan nan nan nan nan nan nan nan nan nan nan nan nan nan nan nan nan nan 434.566253662109375 421.305450439453125 411.872589111328125 417.49835205078125 399.443450927734375 379.93603515625 399.12432861328125 425.648773193359375 466.40350341796875 524.47515869140625 510.247467041015625 472.29248046875 445.255584716796875 390.202667236328125 377.97039794921875 387.013427734375 379.254638671875 384.76324462890625 434.7489013671875 473.88995361328125 476.311004638671875 466.2015380859375
nan nan nan nan nan nan nan nan nan nan nan nan nan nan nan nan nan nan nan nan nan nan nan nan nan nan nan nan nan nan nan nan nan nan nan nan nan nan nan nan nan nan nan nan nan nan 439.931304931640625 413.85589599609375 389.92877197265625 362.871734619140625 331.84637451171875 354.232025146484375 392.945648193359375 432.37908935546875 492.683380126953125 513.032470703125 480.012359619140625 485.302734375 485.45928955078125 446.150604248046875 409.024810791015625 382.608428955078125 372.56744384765625 404.304290771484375 449.3355712890625 461.14190673828125 459.454071044921875
nan nan nan nan nan nan nan nan nan nan nan nan nan nan nan nan nan nan nan nan nan nan nan nan nan nan nan nan nan nan nan nan nan nan nan nan nan nan nan nan nan nan nan nan nan nan nan 507.081787109375 471.264068603515625 382.58026123046875 305.460052490234375 300.794189453125 314.750457763671875 361.842620849609375 467.017181396484375 567.6514892578125 550.63226318359375 511.61883544921875 528.671142578125 533.807861328125 519.3028564453125 478.461517333984375 464.3209228515625 446.55377197265625 441.929229736328125 434.0318603515625 426.0675048828125
nan nan nan nan nan nan nan nan nan nan nan nan nan nan nan nan nan nan nan nan nan nan nan nan nan nan nan nan nan nan nan nan nan nan nan nan nan nan nan nan nan nan nan nan nan nan nan nan 625.7608642578125 481.7576904296875 324.01177978515625 245.240997314453125 236.1756591796875 284.298553466796875 434.34088134765625 576.31817626953125 nan 542.14068603515625 530.8695068359375 547.74884033203125 593.32623291015625 595.59124755859375 560.2235107421875 498.019775390625 486.79632568359375 455.848541259765625 426.49652099609375
nan nan nan nan nan nan nan nan nan nan nan nan nan nan nan nan nan nan nan nan nan nan nan nan nan nan nan nan nan nan nan nan nan nan nan nan nan nan nan nan nan nan nan nan nan nan nan nan nan 685.95355224609375 449.3179931640625 260.55133056640625 234.773956298828125 277.6328125 369.384185791015625 521.611572265625 582.44635009765625 545.9923095703125 533.4229736328125 554.318115234375 600.76739501953125 677.0458984375 638.720458984375 550.36102294921875 519.43048095703125 501.24237060546875 497.93023681640625
nan nan nan nan nan nan nan nan nan nan nan nan nan nan nan nan nan nan nan nan nan nan nan nan nan nan nan nan nan nan nan nan nan nan nan nan nan nan nan nan nan nan nan nan nan nan nan nan nan 738.58612060546875 557.4833984375 301.631195068359375 258.302459716796875 218.2366180419921875 278.485748291015625 487.52099609375 536.7894287109375 516.26287841796875 525.54510498046875 573.00347900390625 635.7412109375 699.103271484375 679.884765625 672.94183349609375 623.612548828125 567.38067626953125 566.39984130859375
nan nan nan nan nan nan nan nan nan nan nan nan nan nan nan nan nan nan nan nan nan nan nan nan nan nan nan nan nan nan nan nan nan nan nan nan nan nan nan nan nan nan nan nan nan nan nan nan nan 742.3780517578125 617.70208740234375 392.870574951171875 289.865936279296875 223.6258087158203125 275.7449951171875 535.2257080078125 607.05108642578125 622.830810546875 586.6629638671875 629.51531982421875 691.54736328125 700.55096435546875 659.9710693359375 708.921875 693.88299560546875 633.31781005859375 604.5869140625
nan nan nan nan nan nan nan nan nan nan nan nan nan nan nan nan nan nan nan nan nan nan nan nan nan nan nan nan nan nan nan nan nan nan nan nan nan nan nan nan nan nan nan nan nan nan nan nan nan nan 722.72930908203125 534.9920654296875 366.3323974609375 295.61590576171875 417.218170166015625 668.86474609375 749.87786865234375 791.29193115234375 707.43060302734375 663.0096435546875 704.812744140625 724.933837890625 709.5421142578125 705.6268310546875 686.976318359375 648.6280517578125 580.4776611328125
nan nan nan nan nan nan nan nan nan nan nan nan nan nan nan nan nan nan nan nan nan nan nan nan nan nan nan nan nan nan nan nan nan nan nan nan nan nan nan nan nan nan nan nan nan nan nan nan nan nan 718.30548095703125 527.425048828125 376.8841552734375 365.26043701171875 417.5089111328125 625.0487060546875 780.64007568359375 834.17645263671875 764.73834228515625 659.57635498046875 667.6231689453125 716.25567626953125 714.09930419921875 696.0284423828125 650.71380615234375 610.602783203125 559.29718017578125
nan nan nan nan nan nan nan nan nan nan nan nan nan nan nan nan nan nan nan nan nan nan nan nan nan nan nan nan nan nan nan nan nan nan nan nan nan nan nan nan nan nan nan nan nan nan nan nan nan nan nan 604.6414794921875 478.06036376953125 392.545745849609375 356.887298583984375 536.43011474609375 756.73773193359375 829.70648193359375 833.09698486328125 732.10260009765625 633.4755859375 664.5860595703125 690.39434814453125 644.49658203125 594.77294921875 548.76708984375 517.697021484375
nan nan nan nan nan nan nan nan nan nan nan nan nan nan nan nan nan nan nan nan nan nan nan nan nan nan nan nan nan nan nan nan nan nan nan nan nan nan nan nan nan nan nan nan nan nan nan nan nan nan nan 651.1195068359375 564.9932861328125 455.699798583984375 353.151519775390625 488.10345458984375 741.244873046875 807.1170654296875 820.61138916015625 766.1964111328125 654.96319580078125 589.80078125 596.76116943359375 587.6123046875 572.614990234375 525.206787109375 504.643524169921875
nan nan nan nan nan nan nan nan nan nan nan nan nan nan nan nan nan nan nan nan nan nan nan nan nan nan nan nan nan nan nan nan nan nan nan nan nan nan nan nan nan nan nan nan nan nan nan nan nan nan nan nan 576.768798828125 455.338958740234375 369.555938720703125 468.444915771484375 674.471435546875 753.0377197265625 755.6519775390625 755.25921630859375 675.984375 574.19097900390625 556.8897705078125 565.92510986328125 573.6695556640625 550.4979248046875 525.4991455078125
nan nan nan nan nan nan nan nan nan nan nan nan nan nan nan nan nan nan nan nan nan nan nan nan nan nan nan nan nan nan nan nan nan nan nan nan nan nan nan nan nan nan nan nan nan nan nan nan nan nan nan nan 565.440673828125 492.913818359375 427.151092529296875 480.822296142578125 627.49908447265625 717.88641357421875 678.22625732421875 635.51458740234375 654.90960693359375 620.76251220703125 587.20916748046875 585.90057373046875 607.549560546875 608.6329345703125 593.4844970703125
nan nan nan nan nan nan nan nan nan nan nan nan nan nan nan nan nan nan nan nan nan nan nan nan nan nan nan nan nan nan nan nan nan nan nan nan nan nan nan nan nan nan nan nan nan nan nan nan nan nan nan 488.32440185546875 544.37213134765625 529.3837890625 472.937835693359375 505.16259765625 643.044677734375 705.9989013671875 690.6929931640625 572.13189697265625 563.491943359375 657.4365234375 664.90966796875 644.10626220703125 653.95489501953125 648.52374267578125 630.46673583984375
nan nan nan nan nan nan nan nan nan nan nan nan nan nan nan nan nan nan nan nan nan nan nan nan nan nan nan nan nan nan nan nan nan nan nan nan nan nan nan nan nan nan nan nan nan nan nan nan nan nan nan 480.717864990234375 528.39422607421875 560.3602294921875 514.37451171875 573.55487060546875 698.724853515625 742.8717041015625 696.43426513671875 637.39501953125 609.21380615234375 677.00775146484375 684.73492431640625 678.7650146484375 679.8525390625 678.237548828125 670.8218994140625
nan nan nan nan nan nan nan nan nan nan nan nan nan nan nan nan nan nan nan nan nan nan nan nan nan nan nan nan nan nan nan nan nan nan nan nan nan nan nan nan nan nan nan nan nan nan nan nan nan nan nan nan 461.701873779296875 549.10687255859375 565.13885498046875 662.6539306640625 715.4693603515625 747.57470703125 723.03875732421875 715.52435302734375 704.78497314453125 696.23651123046875 693.69769287109375 679.370361328125 678.20147705078125 687.0074462890625 684.92938232421875
nan nan nan nan nan nan nan nan nan nan nan nan nan nan nan nan nan nan nan nan nan nan nan nan nan nan nan nan nan nan nan nan nan nan nan nan nan nan nan nan nan nan nan nan nan nan nan nan nan nan nan nan nan 539.49139404296875 584.09197998046875 626.94549560546875 674.44696044921875 722.233642578125 728.1746826171875 719.80352783203125 726.344970703125 721.197021484375 723.39910888671875 706.11767578125 696.9049072265625 695.0289306640625 689.38433837890625
nan nan nan nan nan nan nan nan nan nan nan nan nan nan nan nan nan nan nan nan nan nan nan nan nan nan nan nan nan nan nan nan nan nan nan nan nan nan nan nan nan nan nan nan nan nan nan nan nan nan nan nan nan 567.052490234375 581.63800048828125 578.18170166015625 680.573486328125 690.81048583984375 621.44464111328125 652.37762451171875 706.83892822265625 729.10699462890625 732.26763916015625 714.80609130859375 715.17816162109375 712.39044189453125 706.66339111328125
nan nan nan nan nan nan nan nan nan nan nan nan nan nan nan nan nan nan nan nan nan nan nan nan nan nan nan nan nan nan nan nan nan nan nan nan nan nan nan nan nan nan nan nan nan nan nan nan nan nan nan nan nan 586.40692138671875 576.8367919921875 568.33831787109375 608.9464111328125 594.97406005859375 601.10247802734375 646.23016357421875 707.1087646484375 730.0301513671875 750.904052734375 734.76104736328125 734.64630126953125 750.37677001953125 728.32952880859375
nan nan nan nan nan nan nan nan nan nan nan nan nan nan nan nan nan nan nan nan nan nan nan nan nan nan nan nan nan nan nan nan nan nan nan nan nan nan nan nan nan nan nan nan nan nan nan nan nan nan nan nan 643.4371337890625 620.29571533203125 579.3914794921875 567.41021728515625 606.53729248046875 623.03082275390625 678.65386962890625 680.370361328125 747.05487060546875 766.03851318359375 763.4742431640625 748.30126953125 739.79742431640625 742.3968505859375 700.3470458984375
nan nan nan nan nan nan nan nan nan nan nan nan nan nan nan nan nan nan nan nan nan nan nan nan nan nan nan nan nan nan nan nan nan nan nan nan nan nan nan nan nan nan nan nan nan nan nan nan nan nan nan 695.41119384765625 698.98675537109375 661.78033447265625 603.8961181640625 574.99786376953125 nan 650.2763671875 690.1087646484375 728.83404541015625 770.32318115234375 762.22955322265625 737.385498046875 704.62176513671875 693.7069091796875 673.01068115234375 632.225830078125
nan nan nan nan nan nan nan nan nan nan nan nan nan nan nan nan nan nan nan nan nan nan nan nan nan nan nan nan nan nan nan nan nan nan nan nan nan nan nan nan nan nan nan nan nan nan nan nan nan nan 764.5137939453125 739.90301513671875 749.61712646484375 683.38043212890625 589.0640869140625 587.30718994140625 612.64471435546875 660.6011962890625 717.9599609375 756.45062255859375 766.60931396484375 736.870849609375 711.7357177734375 695.33416748046875 674.031982421875 661.5577392578125 635.6075439453125
nan nan nan nan nan nan nan nan nan nan nan nan nan nan nan nan nan nan nan nan nan nan nan nan nan nan nan nan nan nan nan nan nan nan nan nan nan nan nan nan nan nan nan nan nan nan nan nan nan nan 760.27069091796875 732.8994140625 746.772216796875 614.89495849609375 578.521484375 630.4630126953125 665.7236328125 704.3570556640625 716.7061767578125 719.62628173828125 718.0159912109375 703.750732421875 704.57421875 710.64263916015625 684.576416015625 690.7296142578125 702.09393310546875
nan nan nan nan nan nan nan nan nan nan nan nan nan nan nan nan nan nan nan nan nan nan nan nan nan nan nan nan nan nan nan nan nan nan nan nan nan nan nan nan nan nan nan nan nan nan nan nan nan nan 758.12445068359375 736.998046875 732.4278564453125 663.45269775390625 665.4669189453125 687.52203369140625 692.79498291015625 720.9798583984375 707.206787109375 709.6021728515625 704.73944091796875 705.41009521484375 719.53656005859375 718.04608154296875 697.50079345703125 709.645751953125 729.1112060546875
nan nan nan nan nan nan nan nan nan nan nan nan nan nan nan nan nan nan nan nan nan nan nan nan nan nan nan nan nan nan nan nan nan nan nan nan nan nan nan nan nan nan nan nan nan nan nan nan nan nan 752.75927734375 687.97760009765625 638.45416259765625 590.24468994140625 619.7552490234375 677.11212158203125 738.41387939453125 778.62841796875 745.03619384765625 718.20220947265625 710.1610107421875 736.9832763671875 743.07373046875 728.6961669921875 715.9730224609375 698.00762939453125 703.81805419921875
