rasters/edaphic_/sand.asc
ncols        720
nrows        300
xllcorner    -180.000000000000
yllcorner    -60.000000000000
cellsize     0.500000000000
NODATA_value  nan
[rows 30 to 59 of 300, columns 201 to 267 of 720]
nan nan nan nan nan nan nan nan nan nan nan nan nan nan nan nan nan nan nan nan nan nan nan nan nan nan nan nan nan nan nan nan nan nan nan nan nan nan nan nan nan nan nan nan nan nan nan nan nan nan nan nan nan nan nan nan nan nan nan nan nan nan nan nan nan nan nan
nan nan nan nan nan nan nan nan nan nan nan nan nan nan nan nan nan nan nan nan nan nan nan nan nan nan nan nan nan nan nan nan nan nan nan nan nan nan nan nan nan nan nan nan nan nan 375.544036865234375 nan nan nan nan nan nan nan nan nan nan nan nan nan nan nan nan nan nan nan nan
nan nan nan nan nan nan nan nan nan nan nan nan nan nan nan nan nan nan nan nan nan nan nan nan nan nan nan nan nan nan nan nan nan nan nan nan nan nan nan nan nan nan nan nan nan nan nan 394.323150634765625 nan nan nan nan nan nan nan nan nan nan nan nan nan nan nan nan nan nan nan
nan nan 420.078033447265625 nan 409.11334228515625 410.986846923828125 nan nan nan nan nan nan nan nan nan nan nan nan nan nan nan nan nan nan nan nan nan nan nan nan nan nan nan nan nan nan nan nan nan nan nan nan nan nan nan nan nan nan 392.34820556640625 nan nan nan nan nan nan nan nan nan nan nan nan nan nan nan nan nan nan
376.903106689453125 nan nan nan nan nan nan nan nan nan nan nan nan nan nan nan nan nan nan nan nan nan nan nan nan nan nan nan nan nan nan nan nan nan nan nan nan nan nan nan nan nan nan nan nan nan nan nan 404.94207763671875 387.29071044921875 nan nan nan nan nan nan nan nan nan nan nan nan nan nan nan nan nan
437.18621826171875 449.979949951171875 450.499420166015625 466.547454833984375 nan nan nan nan nan nan nan nan nan nan nan nan nan nan nan nan nan nan nan nan nan nan nan nan nan nan nan nan nan nan nan nan nan nan nan nan nan nan nan nan nan nan nan nan 417.1771240234375 402.0882568359375 377.09515380859375 379.147796630859375 nan nan nan nan nan nan nan nan nan nan nan nan nan nan nan
458.975433349609375 464.63177490234375 465.2303466796875 nan 475.055419921875 468.288604736328125 nan nan nan nan nan nan nan nan nan nan nan nan nan nan nan nan nan nan nan nan nan nan nan nan nan nan nan nan nan nan nan nan nan nan nan nan nan nan nan nan nan nan 416.818450927734375 426.192962646484375 421.390777587890625 422.353973388671875 nan 415.3548583984375 nan 403.52459716796875 nan nan nan nan nan nan nan nan nan nan nan
435.9456787109375 441.5667724609375 438.303375244140625 452.668914794921875 456.597259521484375 463.709716796875 466.656768798828125 460.066497802734375 453.58642578125 444.0438232421875 444.130950927734375 452.044921875 452.80841064453125 449.45709228515625 446.1942138671875 435.26898193359375 424.839569091796875 nan nan nan nan nan nan nan nan nan nan nan nan nan nan nan nan nan nan nan nan nan nan nan nan nan nan nan nan nan nan nan nan nan nan 417.365142822265625 nan nan nan nan nan nan nan nan nan nan nan nan nan nan nan
386.71820068359375 406.335418701171875 429.03363037109375 432.60430908203125 432.717559814453125 447.318756103515625 452.55426025390625 446.20294189453125 442.6883544921875 440.1463623046875 444.41217041015625 457.920440673828125 463.3607177734375 nan nan nan nan nan nan nan 430.550872802734375 nan nan nan nan nan nan nan nan nan nan nan nan nan nan nan nan nan nan nan nan nan nan nan nan nan nan nan nan nan 428.2890625 425.038116455078125 nan nan nan nan nan 413.152374267578125 nan nan nan nan nan nan nan nan nan
393.47607421875 nan 395.158966064453125 406.3841552734375 425.659027099609375 423.57867431640625 420.04205322265625 418.776458740234375 426.8165283203125 nan nan nan nan 449.7745361328125 463.57275390625 463.85406494140625 456.16656494140625 nan 439.014373779296875 nan 444.718994140625 nan nan nan nan nan nan nan nan nan nan nan nan nan nan nan nan nan nan nan nan nan nan nan nan nan nan nan nan nan 430.4410400390625 nan nan 433.011260986328125 432.140380859375 428.61444091796875 419.05645751953125 418.96502685546875 nan nan nan nan nan nan nan nan nan
nan nan nan nan nan 416.476593017578125 409.98004150390625 402.095184326171875 407.642669677734375 421.5782470703125 428.852264404296875 438.052215576171875 nan nan nan 444.021759033203125 451.35919189453125 445.64227294921875 nan nan 445.458709716796875 nan 444.636322021484375 426.03265380859375 412.247222900390625 nan nan nan nan nan nan nan nan nan nan nan nan nan nan nan nan nan nan nan nan nan nan nan nan 429.50054931640625 432.112762451171875 nan nan nan nan nan nan nan nan nan nan nan nan nan nan nan nan
nan nan 401.30126953125 nan 408.83953857421875 402.39141845703125 nan nan 430.244964599609375 427.01629638671875 nan 444.58001708984375 447.234405517578125 439.195465087890625 429.144744873046875 422.955291748046875 429.1099853515625 426.8834228515625 430.62310791015625 434.9871826171875 nan 436.77349853515625 nan 423.299224853515625 412.852569580078125 410.573577880859375 nan nan nan nan nan nan nan nan nan nan nan nan nan nan nan nan nan nan nan nan nan nan nan nan nan 436.081329345703125 nan nan nan nan nan 391.30706787109375 nan nan nan nan nan nan nan nan nan
nan nan nan nan nan nan nan nan nan 407.3394775390625 403.889068603515625 431.595703125 454.837615966796875 461.484649658203125 447.620391845703125 429.095001220703125 425.076202392578125 429.5797119140625 435.70928955078125 nan 441.454071044921875 nan nan nan nan nan nan nan nan nan nan nan nan nan nan nan nan nan nan nan nan nan nan nan nan nan nan nan nan nan nan nan nan nan nan nan nan 406.461151123046875 nan nan nan nan nan nan nan nan nan
nan nan nan nan nan nan 444.294708251953125 nan 440.65777587890625 nan nan nan nan 461.610748291015625 465.270904541015625 460.60089111328125 457.003448486328125 459.937225341796875 461.782318115234375 461.672027587890625 455.086578369140625 443.173858642578125 432.608978271484375 433.80865478515625 434.209625244140625 436.5614013671875 nan nan nan nan nan nan nan nan nan nan nan nan nan nan nan nan nan nan nan nan nan nan nan nan nan nan nan nan 421.114959716796875 nan nan 381.80242919921875 nan nan nan nan nan nan nan nan nan
nan nan nan nan 483.60662841796875 481.666473388671875 468.889190673828125 448.580810546875 444.5087890625 nan nan nan nan nan 451.1031494140625 450.707427978515625 449.92816162109375 448.551513671875 449.594482421875 453.294281005859375 454.647735595703125 449.11505126953125 430.036407470703125 417.8162841796875 426.446441650390625 436.215179443359375 438.834228515625 437.0635986328125 449.2247314453125 445.29864501953125 nan nan nan nan nan nan nan nan nan nan nan nan nan nan nan nan nan nan nan nan nan nan 433.6920166015625 nan nan nan nan 342.683929443359375 nan nan nan nan nan nan nan nan nan
nan nan nan nan nan nan nan nan nan nan nan nan nan nan nan 442.636962890625 428.539215087890625 419.50250244140625 425.57855224609375 430.37335205078125 426.547943115234375 427.906158447265625 411.94195556640625 397.129608154296875 nan nan nan nan nan nan nan nan 447.681976318359375 nan nan nan nan nan nan nan nan nan nan nan nan nan nan nan nan nan nan 419.787628173828125 nan 431.83990478515625 424.633209228515625 413.68585205078125 375.77386474609375 nan 345.352264404296875 nan nan nan nan nan nan nan nan
nan nan nan nan nan nan nan nan nan nan nan nan nan 455.88470458984375 450.60919189453125 445.536712646484375 nan nan 426.3245849609375 412.72882080078125 415.902679443359375 426.158935546875 424.843658447265625 413.960174560546875 405.516845703125 408.476898193359375 419.08447265625 nan nan 436.040924072265625 441.618072509765625 439.869598388671875 435.305511474609375 nan 457.914642333984375 451.286285400390625 nan nan nan nan nan nan nan nan nan nan nan nan nan nan nan nan 432.009490966796875 439.304046630859375 433.9168701171875 417.963531494140625 396.398040771484375 391.372314453125 nan nan nan nan nan nan nan nan nan
nan nan nan nan nan nan nan nan nan nan nan 484.76678466796875 462.3924560546875 452.5126953125 445.749908447265625 441.572235107421875 440.40093994140625 nan nan nan 451.153411865234375 448.98577880859375 441.68267822265625 437.595245361328125 nan nan 431.88299560546875 424.934356689453125 418.278472900390625 419.02191162109375 424.982147216796875 428.9638671875 nan 425.92510986328125 nan nan nan nan nan nan nan nan nan nan nan nan nan nan nan nan nan nan nan nan nan nan 422.603607177734375 426.151153564453125 423.16888427734375 nan nan nan nan nan nan nan nan
nan nan nan nan nan nan nan nan nan nan nan 458.875701904296875 459.53265380859375 470.810882568359375 465.14935302734375 467.21295166015625 481.0428466796875 471.97198486328125 465.3212890625 nan 469.047637939453125 nan 471.109222412109375 nan nan nan nan nan 423.069488525390625 419.96630859375 424.83782958984375 433.877288818359375 437.80987548828125 nan nan nan nan nan nan nan nan nan nan nan nan nan nan nan nan nan nan nan nan nan nan 455.786224365234375 nan 456.77691650390625 nan nan nan nan nan nan nan nan nan
nan nan nan nan 484.885040283203125 nan 491.618255615234375 477.89947509765625 nan 470.67236328125 466.259674072265625 472.71435546875 471.878448486328125 467.419189453125 466.40753173828125 464.387908935546875 455.630157470703125 458.166656494140625 458.449981689453125 460.01617431640625 nan 466.502197265625 470.49224853515625 471.658538818359375 473.679534912109375 nan nan nan nan 437.834564208984375 444.2196044921875 443.51007080078125 447.0645751953125 nan nan nan nan nan nan nan nan nan nan nan nan nan nan nan nan nan nan nan nan nan 461.10302734375 nan 463.634307861328125 nan 470.462554931640625 nan nan nan nan nan nan nan nan
nan nan nan 482.4227294921875 491.3853759765625 504.15460205078125 501.3466796875 495.353546142578125 487.26336669921875 480.003631591796875 476.785736083984375 nan 477.97369384765625 474.98748779296875 468.443328857421875 nan nan nan 454.13214111328125 449.609405517578125 446.750396728515625 449.254486083984375 440.16510009765625 433.842376708984375 445.190032958984375 454.7037353515625 453.322113037109375 nan nan nan nan nan nan nan nan nan nan nan nan nan nan nan nan nan nan nan nan nan nan nan nan nan nan nan nan 474.94964599609375 470.194061279296875 485.5633544921875 nan nan nan nan nan nan nan nan nan
nan nan nan nan nan 514.866943359375 504.040771484375 nan nan nan nan 477.325897216796875 nan 469.406036376953125 467.652191162109375 469.580352783203125 470.198272705078125 464.756500244140625 461.383087158203125 459.37493896484375 451.559173583984375 450.6248779296875 448.964569091796875 437.02203369140625 433.36151123046875 nan 446.361419677734375 454.6622314453125 470.43310546875 nan nan nan nan nan nan nan nan nan nan nan nan nan nan nan nan nan nan nan nan nan nan nan nan nan nan 497.556488037109375 nan 513.83343505859375 511.009124755859375 513.65521240234375 nan nan nan nan nan nan nan
nan nan nan nan nan nan nan nan nan nan nan nan nan nan 459.80462646484375 454.4232177734375 453.29180908203125 460.63299560546875 473.0047607421875 478.86322021484375 474.6400146484375 461.84332275390625 453.02203369140625 446.01116943359375 447.4521484375 448.30487060546875 448.12249755859375 453.45233154296875 nan 461.12103271484375 441.061370849609375 nan nan nan nan nan nan nan nan nan nan nan nan nan nan nan nan nan nan nan nan nan nan nan nan nan 523.186767578125 513.96514892578125 510.21148681640625 nan nan nan nan nan nan nan nan
nan nan nan 496.689239501953125 nan nan nan nan nan nan nan nan nan nan nan nan 455.023529052734375 453.54656982421875 457.820404052734375 459.331085205078125 471.6817626953125 485.10015869140625 485.50048828125 nan nan 453.382904052734375 453.72686767578125 464.1295166015625 471.555389404296875 467.374969482421875 nan nan nan nan nan nan nan nan nan nan nan nan nan nan nan nan nan nan nan nan nan nan nan nan nan nan nan 507.85406494140625 512.08758544921875 509.916229248046875 nan nan nan nan nan nan nan
nan nan nan nan nan nan nan nan nan nan nan nan nan nan nan nan nan 458.8055419921875 nan nan 457.91754150390625 467.567596435546875 473.310089111328125 479.044708251953125 471.542022705078125 nan nan nan nan nan nan nan nan nan nan nan nan nan nan nan nan nan nan nan nan nan nan nan nan nan nan nan nan nan nan nan nan nan nan 506.799407958984375 nan nan nan nan nan nan nan
nan nan nan 508.35418701171875 529.640869140625 nan 525.43634033203125 520.695556640625 nan nan 515.84075927734375 504.035675048828125 512.82763671875 nan nan nan nan nan nan nan nan nan 463.322845458984375 nan 464.5618896484375 469.7357177734375 478.56494140625 nan nan nan nan nan nan nan nan nan nan nan nan nan nan nan nan nan nan nan nan nan nan nan nan nan nan nan nan nan nan nan nan 507.033935546875 511.97174072265625 nan nan nan nan nan nan
nan nan nan 496.165924072265625 510.333282470703125 526.60821533203125 533.79974365234375 nan 532.44317626953125 525.67718505859375 522.3326416015625 506.1177978515625 505.7723388671875 520.762451171875 525.0936279296875 nan nan nan nan nan nan nan nan nan nan nan nan nan nan nan nan nan nan nan nan nan nan nan nan nan nan nan nan nan nan nan nan nan nan nan nan nan nan nan nan nan nan nan nan nan 513.15484619140625 515.56402587890625 nan nan nan nan nan
nan nan nan nan 521.04852294921875 527.80084228515625 526.311279296875 526.72210693359375 523.57025146484375 522.00701904296875 nan 495.209136962890625 492.42840576171875 510.8709716796875 522.9813232421875 524.03912353515625 nan nan nan nan nan nan nan nan nan nan nan nan nan nan nan nan nan nan nan nan nan nan nan nan nan nan nan nan nan nan nan nan nan nan nan nan nan nan nan nan nan nan nan nan nan 510.00482177734375 511.783172607421875 519.6866455078125 nan nan nan
nan nan 502.375823974609375 499.039093017578125 496.016815185546875 512.08013916015625 nan 514.09002685546875 514.31097412109375 514.61236572265625 498.61859130859375 489.337799072265625 493.630615234375 501.431640625 511.684417724609375 519.845703125 nan 518.40704345703125 515.3121337890625 521.39605712890625 nan nan nan nan nan nan nan nan nan nan nan nan nan nan nan nan nan nan nan nan nan nan nan nan nan nan nan nan nan nan nan nan nan nan nan nan nan nan nan nan nan nan 499.81353759765625 nan nan nan nan
nan nan nan nan nan 501.067840576171875 509.304107666015625 nan 513.4859619140625 522.709228515625 510.4307861328125 nan 505.84735107421875 513.96624755859375 516.705322265625 521.4825439453125 521.07867431640625 520.73211669921875 nan 522.326416015625 nan nan 483.873626708984375 nan nan nan nan nan nan 494.016326904296875 nan nan nan nan nan nan nan nan nan nan nan nan nan nan nan nan nan nan nan nan nan nan nan nan nan nan nan nan nan nan nan nan nan nan nan nan nan
