rasters/edaphic_/sand.asc
ncols        720
nrows        300
xllcorner    -180.000000000000
yllcorner    -60.000000000000
cellsize     0.500000000000
NODATA_value  nan
[rows 90 to 119 of 300, columns 67 to 133 of 720]
nan nan nan nan nan nan nan nan nan nan nan nan nan nan nan nan nan nan nan nan nan nan nan nan nan nan nan nan nan nan nan nan nan nan nan nan nan nan nan nan nan nan nan nan nan 321.023956298828125 190.4794769287109375 236.7970733642578125 384.820770263671875 484.57672119140625 420.07861328125 334.060699462890625 317.96685791015625 316.673095703125 322.116119384765625 355.6324462890625 410.526947021484375 355.7855224609375 378.06646728515625 378.137054443359375 414.051361083984375 476.450531005859375 438.998687744140625 411.337310791015625 418.7158203125 406.14727783203125 424.90899658203125
nan nan nan nan nan nan nan nan nan nan nan nan nan nan nan nan nan nan nan nan nan nan nan nan nan nan nan nan nan nan nan nan nan nan nan nan nan nan nan nan nan nan nan nan nan 329.079345703125 229.4207916259765625 284.1219482421875 447.397247314453125 545.66546630859375 492.486785888671875 409.223876953125 384.102935791015625 374.0389404296875 369.51727294921875 381.927703857421875 393.18548583984375 356.813385009765625 337.417999267578125 354.597015380859375 409.4229736328125 481.965850830078125 488.5545654296875 466.204132080078125 413.908599853515625 403.580169677734375 415.333343505859375
nan nan nan nan nan nan nan nan nan nan nan nan nan nan nan nan nan nan nan nan nan nan nan nan nan nan nan nan nan nan nan nan nan nan nan nan nan nan nan nan nan nan nan nan nan 299.16015625 261.5189208984375 353.41693115234375 492.061279296875 571.34844970703125 519.7509765625 447.606048583984375 409.868011474609375 400.4786376953125 392.072113037109375 375.15380859375 341.3577880859375 343.5665283203125 322.579315185546875 332.750762939453125 397.087646484375 476.18829345703125 509.31878662109375 496.948150634765625 439.947906494140625 394.2791748046875 377.15478515625
nan nan nan nan nan nan nan nan nan nan nan nan nan nan nan nan nan nan nan nan nan nan nan nan nan nan nan nan nan nan nan nan nan nan nan nan nan nan nan nan nan nan nan nan 325.0750732421875 272.23443603515625 294.554840087890625 406.521636962890625 554.5472412109375 577.66650390625 512.07403564453125 501.959442138671875 437.365020751953125 397.635009765625 368.30987548828125 nan 339.105743408203125 349.017120361328125 338.827423095703125 372.588104248046875 382.43359375 389.428680419921875 420.553955078125 377.55133056640625 343.49951171875 346.094970703125 349.46673583984375
nan nan nan nan nan nan nan nan nan nan nan nan nan nan nan nan nan nan nan nan nan nan nan nan nan nan nan nan nan nan nan nan nan nan nan nan nan nan nan nan nan nan nan nan 315.171112060546875 313.545684814453125 332.927337646484375 374.662109375 523.50115966796875 539.06298828125 474.414642333984375 nan 408.903533935546875 373.962646484375 355.8309326171875 365.181884765625 394.40252685546875 390.21856689453125 350.52655029296875 370.8997802734375 402.45330810546875 418.953125 397.45782470703125 402.068145751953125 329.529541015625 305.843597412109375 300.614593505859375
nan nan nan nan nan nan nan nan nan nan nan nan nan nan nan nan nan nan nan nan nan nan nan nan nan nan nan nan nan nan nan nan nan nan nan nan nan nan nan nan nan nan nan nan 319.635955810546875 339.518341064453125 351.3946533203125 384.883087158203125 487.20831298828125 470.43463134765625 447.179229736328125 465.101806640625 424.87286376953125 393.117706298828125 397.67901611328125 405.934967041015625 411.68267822265625 402.645294189453125 357.634124755859375 339.236907958984375 316.3092041015625 347.311767578125 349.487396240234375 365.245819091796875 355.632904052734375 335.293853759765625 293.286376953125
nan nan nan nan nan nan nan nan nan nan nan nan nan nan nan nan nan nan nan nan nan nan nan nan nan nan nan nan nan nan nan nan nan nan nan nan nan nan nan nan nan nan nan nan nan 354.131591796875 411.81500244140625 466.354583740234375 492.186431884765625 471.204437255859375 404.927276611328125 400.7530517578125 408.877227783203125 385.063812255859375 418.6031494140625 418.025848388671875 408.73687744140625 404.84857177734375 361.55279541015625 342.361236572265625 328.960540771484375 377.571929931640625 398.597930908203125 429.3988037109375 442.4381103515625 421.52655029296875 381.12884521484375
nan nan nan nan nan nan nan nan nan nan nan nan nan nan nan nan nan nan nan nan nan nan nan nan nan nan nan nan nan nan nan nan nan nan nan nan nan nan nan nan nan nan nan nan nan 326.902099609375 424.555419921875 491.66595458984375 497.65582275390625 489.736572265625 395.785064697265625 372.9097900390625 379.087188720703125 375.8746337890625 407.620574951171875 402.49700927734375 400.526397705078125 415.536773681640625 399.752044677734375 381.318572998046875 363.210723876953125 385.22381591796875 403.42486572265625 428.1370849609375 449.052459716796875 387.158905029296875 348.57049560546875
nan nan nan nan nan nan nan nan nan nan nan nan nan nan nan nan nan nan nan nan nan nan nan nan nan nan nan nan nan nan nan nan nan nan nan nan nan nan nan nan nan nan nan nan nan 337.28009033203125 425.0594482421875 477.307220458984375 399.65289306640625 438.507354736328125 489.912200927734375 415.8712158203125 315.915496826171875 357.876922607421875 410.464080810546875 431.246673583984375 430.12091064453125 423.97705078125 404.443603515625 403.21099853515625 399.89837646484375 396.028045654296875 405.570465087890625 423.95458984375 423.421905517578125 314.7447509765625 291.231658935546875
nan nan nan nan nan nan nan nan nan nan nan nan nan nan nan nan nan nan nan nan nan nan nan nan nan nan nan nan nan nan nan nan nan nan nan nan nan nan nan nan nan nan nan nan 323.639129638671875 344.825225830078125 422.41326904296875 408.213623046875 379.642547607421875 454.6209716796875 532.01068115234375 468.092254638671875 nan 404.299713134765625 476.09442138671875 462.3753662109375 412.55279541015625 410.65899658203125 399.83380126953125 412.611175537109375 405.783477783203125 389.52093505859375 402.0704345703125 429.89923095703125 444.295806884765625 352.759979248046875 295.77947998046875
nan nan nan nan nan nan nan nan nan nan nan nan nan nan nan nan nan nan nan nan nan nan nan nan nan nan nan nan nan nan nan nan nan nan nan nan nan nan nan nan nan nan nan nan nan 343.159637451171875 392.124298095703125 416.61566162109375 310.93768310546875 340.29412841796875 409.412322998046875 482.207000732421875 512.79656982421875 504.878997802734375 546.99249267578125 407.13995361328125 358.15576171875 421.496490478515625 436.3892822265625 437.0487060546875 431.81195068359375 426.802032470703125 421.265289306640625 443.344207763671875 459.434967041015625 436.6373291015625 394.937652587890625
nan nan nan nan nan nan nan nan nan nan nan nan nan nan nan nan nan nan nan nan nan nan nan nan nan nan nan nan nan nan nan nan nan nan nan nan nan nan nan nan nan nan nan nan nan 387.187835693359375 377.503570556640625 393.531524658203125 261.08563232421875 254.5311431884765625 358.242645263671875 429.458282470703125 565.88726806640625 582.39178466796875 620.28887939453125 530.3797607421875 536.933349609375 510.744293212890625 483.95257568359375 478.74896240234375 470.444671630859375 479.911529541015625 424.54901123046875 424.4390869140625 447.645538330078125 465.665008544921875 445.020294189453125
nan nan nan nan nan nan nan nan nan nan nan nan nan nan nan nan nan nan nan nan nan nan nan nan nan nan nan nan nan nan nan nan nan nan nan nan nan nan nan nan nan nan nan nan nan nan 387.649627685546875 369.5352783203125 282.157958984375 204.87030029296875 nan 425.580810546875 582.08721923828125 641.24371337890625 619.3856201171875 616.7059326171875 601.521484375 582.802001953125 543.38909912109375 522.5255126953125 526.85107421875 512.5247802734375 461.51165771484375 421.820068359375 439.34130859375 468.106842041015625 461.59625244140625
nan nan nan nan nan nan nan nan nan nan nan nan nan nan nan nan nan nan nan nan nan nan nan nan nan nan nan nan nan nan nan nan nan nan nan nan nan nan nan nan nan nan nan nan nan nan nan 376.840789794921875 nan 211.6866607666015625 326.6639404296875 nan 516.97802734375 661.3841552734375 603.0433349609375 604.37493896484375 614.55645751953125 610.877685546875 618.04827880859375 599.607666015625 599.29669189453125 548.78594970703125 476.1551513671875 467.194091796875 459.105072021484375 452.440216064453125 428.429779052734375
nan nan nan nan nan nan nan nan nan nan nan nan nan nan nan nan nan nan nan nan nan nan nan nan nan nan nan nan nan nan nan nan nan nan nan nan nan nan nan nan nan nan nan nan nan nan nan nan nan 254.2463836669921875 313.871246337890625 366.67169189453125 420.75018310546875 nan 685.26837158203125 632.04205322265625 603.4254150390625 599.47174072265625 612.9769287109375 607.7960205078125 594.46514892578125 564.66217041015625 520.578369140625 527.57244873046875 518.45855712890625 462.510833740234375 435.976654052734375
nan nan nan nan nan nan nan nan nan nan nan nan nan nan nan nan nan nan nan nan nan nan nan nan nan nan nan nan nan nan nan nan nan nan nan nan nan nan nan nan nan nan nan nan nan nan nan nan 402.76202392578125 nan 332.664398193359375 294.34027099609375 349.080963134765625 515.38555908203125 676.44183349609375 684.16534423828125 615.690673828125 587.92449951171875 600.0982666015625 603.097900390625 590.16064453125 579.38739013671875 557.0478515625 545.50634765625 566.17401123046875 556.54888916015625 520.3009033203125
nan nan nan nan nan nan nan nan nan nan nan nan nan nan nan nan nan nan nan nan nan nan nan nan nan nan nan nan nan nan nan nan nan nan nan nan nan nan nan nan nan nan nan nan nan nan nan nan nan 388.932159423828125 374.557952880859375 279.11199951171875 299.64178466796875 nan 550.3892822265625 654.61785888671875 648.800537109375 581.5958251953125 554.06756591796875 561.2890625 592.61029052734375 597.49920654296875 567.29168701171875 563.1328125 568.910400390625 564.76568603515625 550.17169189453125
nan nan nan nan nan nan nan nan nan nan nan nan nan nan nan nan nan nan nan nan nan nan nan nan nan nan nan nan nan nan nan nan nan nan nan nan nan nan nan nan nan nan nan nan nan nan nan nan nan 452.410614013671875 396.3043212890625 315.97418212890625 305.613494873046875 379.476959228515625 464.24090576171875 562.8321533203125 672.4317626953125 626.53131103515625 560.53033447265625 528.78472900390625 564.59393310546875 567.599365234375 587.9273681640625 578.41961669921875 576.167236328125 525.5780029296875 460.459228515625
nan nan nan nan nan nan nan nan nan nan nan nan nan nan nan nan nan nan nan nan nan nan nan nan nan nan nan nan nan nan nan nan nan nan nan nan nan nan nan nan nan nan nan nan nan nan nan nan nan nan 352.3909912109375 311.011627197265625 259.980865478515625 297.19354248046875 419.1627197265625 521.56732177734375 645.7723388671875 625.9979248046875 582.686767578125 591.53814697265625 595.04388427734375 611.52716064453125 615.55572509765625 587.586669921875 586.6697998046875 539.65802001953125 476.595733642578125
nan nan nan nan nan nan nan nan nan nan nan nan nan nan nan nan nan nan nan nan nan nan nan nan nan nan nan nan nan nan nan nan nan nan nan nan nan nan nan nan nan nan nan nan nan nan nan nan nan nan nan 322.936309814453125 308.197418212890625 343.921722412109375 403.22113037109375 504.45574951171875 622.184326171875 633.64886474609375 643.48388671875 677.7862548828125 646.15325927734375 637.6533203125 630.48504638671875 590.25042724609375 574.053466796875 537.484130859375 467.820220947265625
nan nan nan nan nan nan nan nan nan nan nan nan nan nan nan nan nan nan nan nan nan nan nan nan nan nan nan nan nan nan nan nan nan nan nan nan nan nan nan nan nan nan nan nan nan nan nan nan nan nan nan nan 389.2017822265625 324.303436279296875 350.8751220703125 390.56036376953125 511.534149169921875 595.82843017578125 605.167236328125 627.66351318359375 632.6680908203125 627.45928955078125 634.14068603515625 523.57318115234375 511.59844970703125 548.463134765625 475.303619384765625
nan nan nan nan nan nan nan nan nan nan nan nan nan nan nan nan nan nan nan nan nan nan nan nan nan nan nan nan nan nan nan nan nan nan nan nan nan nan nan nan nan nan nan nan nan nan nan nan nan nan nan nan nan nan nan nan 425.298370361328125 547.61968994140625 576.48681640625 608.85968017578125 642.49420166015625 626.96600341796875 626.69488525390625 552.61212158203125 497.23431396484375 549.6295166015625 517.0072021484375
nan nan nan nan nan nan nan nan nan nan nan nan nan nan nan nan nan nan nan nan nan nan nan nan nan nan nan nan nan nan nan nan nan nan nan nan nan nan nan nan nan nan nan nan nan nan nan nan nan nan nan nan nan nan nan nan nan nan 536.2896728515625 619.53350830078125 568.41693115234375 579.90087890625 595.0396728515625 508.188079833984375 492.37078857421875 547.49078369140625 528.19989013671875
nan nan nan nan nan nan nan nan nan nan nan nan nan nan nan nan nan nan nan nan nan nan nan nan nan nan nan nan nan nan nan nan nan nan nan nan nan nan nan nan nan nan nan nan nan nan nan nan nan nan nan nan nan nan nan nan nan nan 540.6544189453125 607.093505859375 572.39910888671875 nan 524.4814453125 535.9251708984375 542.640380859375 557.74700927734375 540.3651123046875
nan nan nan nan nan nan nan nan nan nan nan nan nan nan nan nan nan nan nan nan nan nan nan nan nan nan nan nan nan nan nan nan nan nan nan nan nan nan nan nan nan nan nan nan nan nan nan nan nan nan nan nan nan nan nan nan nan nan nan 568.64056396484375 637.72161865234375 488.981170654296875 468.201904296875 585.23291015625 586.07464599609375 587.003662109375 570.3475341796875
nan nan nan nan nan nan nan nan nan nan nan nan nan nan nan nan nan nan nan nan nan nan nan nan nan nan nan nan nan nan nan nan nan nan nan nan nan nan nan nan nan nan nan nan nan nan nan nan nan nan nan nan nan nan nan nan nan nan nan 554.66485595703125 664.65118408203125 593.0828857421875 453.573089599609375 572.06365966796875 695.92266845703125 680.0240478515625 641.4822998046875
nan nan nan nan nan nan nan nan nan nan nan nan nan nan nan nan nan nan nan nan nan nan nan nan nan nan nan nan nan nan nan nan nan nan nan nan nan nan nan nan nan nan nan nan nan nan nan nan nan nan nan nan nan nan nan nan nan nan nan nan 626.92828369140625 636.1488037109375 545.2196044921875 498.72930908203125 626.0465087890625 673.83367919921875 695.73919677734375
nan nan nan nan nan nan nan nan nan nan nan nan nan nan nan nan nan nan nan nan nan nan nan nan nan nan nan nan nan nan nan nan nan nan nan nan nan nan nan nan nan nan nan nan nan nan nan nan nan nan nan nan nan nan nan nan nan nan nan nan 582.79986572265625 621.1500244140625 659.97833251953125 nan nan nan 672.31854248046875
nan nan nan nan nan nan nan nan nan nan nan nan nan nan nan nan nan nan nan nan nan nan nan nan nan nan nan nan nan nan nan nan nan nan nan nan nan nan nan nan nan nan nan nan nan nan nan nan nan nan nan nan nan nan nan nan nan nan nan nan nan 589.01806640625 662.31396484375 715.4202880859375 nan nan nan
nan nan nan nan nan nan nan nan nan nan nan nan nan nan nan nan nan nan nan nan nan nan nan nan nan nan nan nan nan nan nan nan nan nan nan nan nan nan nan nan nan nan nan nan nan nan nan nan nan nan nan nan nan nan nan nan nan nan nan nan nan 542.187255859375 556.26904296875 622.85430908203125 nan nan nan
