rasters/edaphic_/silt.asc
ncols        720
nrows        300
xllcorner    -180.000000000000
yllcorner    -60.000000000000
cellsize     0.500000000000
NODATA_value  nan
[rows 145 to 173 of 300, columns 134 to 200 of 720]
nan nan nan nan nan nan nan nan nan nan nan nan nan nan nan nan nan nan nan nan nan nan nan nan 250.151641845703125 254.4376068115234375 250.750457763671875 248.586639404296875 251.0868072509765625 251.1594085693359375 246.54754638671875 238.0279541015625 252.45123291015625 267.99468994140625 252.7178497314453125 247.5191802978515625 255.9641571044921875 243.1333465576171875 249.1194610595703125 261.434844970703125 262.1077880859375 251.171173095703125 240.48236083984375 240.862762451171875 229.5272064208984375 264.48211669921875 270.208251953125 268.19549560546875 295.117889404296875 nan nan nan nan nan nan nan nan nan nan nan nan nan nan nan nan nan nan
nan nan nan nan nan nan nan nan nan nan nan nan nan nan nan nan nan nan nan nan nan nan nan nan nan nan nan 225.941009521484375 250.5585174560546875 256.75958251953125 267.42822265625 256.4012451171875 245.135772705078125 245.486785888671875 251.9758148193359375 249.7684783935546875 260.011474609375 259.691314697265625 248.662078857421875 247.7130889892578125 244.1826019287109375 231.9111480712890625 242.2985076904296875 234.21136474609375 230.6984405517578125 263.886810302734375 301.608245849609375 302.1474609375 308.394561767578125 nan nan nan nan nan nan nan nan nan nan nan nan nan nan nan nan nan nan
nan nan nan nan nan nan nan nan nan nan nan nan nan nan nan nan nan nan nan nan nan nan nan nan nan nan nan nan nan 219.348419189453125 232.0749969482421875 250.1507720947265625 248.17315673828125 244.9680938720703125 244.0924530029296875 239.24993896484375 nan 252.4838104248046875 252.7314300537109375 255.30181884765625 nan 245.9211273193359375 245.5074920654296875 260.506622314453125 253.917999267578125 261.321868896484375 278.634674072265625 283.590087890625 291.510040283203125 nan nan nan nan nan nan nan nan nan nan nan nan nan nan nan nan nan nan
nan nan nan nan nan nan nan nan nan nan nan nan nan nan nan nan nan nan nan nan nan nan nan nan nan nan nan nan nan nan nan nan 238.4183349609375 247.6317596435546875 nan nan nan nan nan 299.298431396484375 299.108673095703125 285.3056640625 292.6024169921875 290.762664794921875 280.906494140625 284.247772216796875 285.648651123046875 288.272857666015625 310.870697021484375 nan 327.50640869140625 322.429718017578125 302.26300048828125 290.820281982421875 295.46380615234375 313.48736572265625 320.448516845703125 330.2078857421875 nan nan nan nan nan nan nan nan nan
nan nan nan nan nan nan nan nan nan nan nan nan nan nan nan nan nan nan nan nan nan nan nan nan nan nan nan nan nan nan nan nan nan nan nan nan nan nan nan nan 334.0003662109375 312.50665283203125 316.367401123046875 313.901397705078125 300.15008544921875 297.345733642578125 305.583251953125 301.70703125 307.3974609375 309.7833251953125 303.440399169921875 298.52386474609375 296.994354248046875 295.717803955078125 295.72576904296875 310.4207763671875 312.005096435546875 308.212371826171875 314.976531982421875 nan nan nan nan nan nan nan nan
nan nan nan nan nan nan nan nan nan nan nan nan nan nan nan nan nan nan nan nan nan nan nan nan nan nan nan nan nan nan nan nan nan nan nan nan nan nan nan nan nan 303.946197509765625 308.74017333984375 319.9453125 311.84222412109375 309.0484619140625 305.63629150390625 308.655364990234375 319.73193359375 335.08294677734375 330.334747314453125 309.703460693359375 299.719757080078125 293.0411376953125 294.770263671875 306.5916748046875 nan 300.716522216796875 306.064666748046875 nan nan nan nan nan nan nan nan
nan nan nan nan nan nan nan nan nan nan nan nan nan nan nan nan nan nan nan nan nan nan nan nan nan nan nan nan nan nan nan nan nan nan nan nan nan nan nan nan nan nan 320.3115234375 352.835540771484375 338.650299072265625 320.869171142578125 311.76544189453125 321.838043212890625 326.512115478515625 338.20361328125 337.618255615234375 313.95733642578125 292.447601318359375 287.155059814453125 299.1636962890625 311.635284423828125 314.2027587890625 308.079803466796875 312.954864501953125 331.366607666015625 nan nan nan nan nan nan nan
nan nan nan nan nan nan nan nan nan nan nan nan nan nan nan nan nan nan nan nan nan nan nan nan nan nan nan nan nan nan nan nan nan nan nan nan nan nan nan nan nan nan nan nan nan nan 325.169464111328125 324.0081787109375 324.0538330078125 340.208038330078125 350.004058837890625 340.24169921875 313.04718017578125 309.469573974609375 310.286041259765625 310.427337646484375 311.1612548828125 317.36993408203125 338.5625 nan nan nan nan nan nan nan nan
nan nan nan nan nan nan nan nan nan nan nan nan nan nan nan nan nan nan nan nan nan nan nan nan nan nan nan nan nan nan nan nan nan nan nan nan nan nan nan nan nan nan nan nan nan nan nan nan 336.426666259765625 351.563201904296875 370.089141845703125 365.230865478515625 342.647735595703125 324.452056884765625 308.597076416015625 299.936279296875 308.892364501953125 321.0040283203125 351.253631591796875 nan nan nan nan nan nan nan nan
nan nan nan nan nan nan nan nan nan nan nan nan nan nan nan nan nan nan nan nan nan nan nan nan nan nan nan nan nan nan nan nan nan nan nan nan nan nan nan nan nan nan nan nan nan nan nan nan nan nan nan 366.621124267578125 364.12847900390625 348.892852783203125 321.2158203125 296.8114013671875 299.061981201171875 312.9306640625 346.11114501953125 nan nan nan nan nan nan nan nan
nan nan nan nan nan nan nan nan nan nan nan nan nan nan nan nan nan nan nan nan nan nan nan nan nan nan nan nan nan nan nan nan nan nan nan nan nan nan nan nan nan nan nan nan nan nan nan nan nan nan nan nan 367.736907958984375 nan 342.484344482421875 309.52606201171875 292.8052978515625 312.319305419921875 345.3983154296875 nan nan nan nan nan nan nan nan
nan nan nan nan nan nan nan nan nan nan nan nan nan nan nan nan nan nan nan nan nan nan nan nan nan nan nan nan nan nan nan nan nan nan nan nan nan nan nan nan nan nan nan nan nan nan nan nan nan nan nan nan nan 338.585479736328125 nan nan 310.5748291015625 308.380950927734375 329.789764404296875 nan nan nan nan nan nan nan nan
nan nan nan nan nan nan nan nan nan nan nan nan nan nan nan nan nan nan nan nan nan nan nan nan nan nan nan nan nan nan nan nan nan nan nan nan nan nan nan nan nan nan nan nan nan nan nan nan nan nan nan nan nan nan 304.059539794921875 nan 304.637786865234375 300.442138671875 nan nan nan nan nan nan nan nan nan
nan nan nan nan nan nan nan nan nan nan nan nan nan nan nan nan nan nan nan nan nan nan nan nan nan nan nan nan nan nan nan nan nan nan nan nan nan nan nan nan nan nan nan nan nan nan nan nan nan nan nan nan nan nan nan 306.192657470703125 292.438934326171875 293.873992919921875 307.59075927734375 nan nan nan nan nan nan nan nan
nan nan nan nan nan nan nan nan nan nan nan nan nan nan nan nan nan nan nan nan nan nan nan nan nan nan nan nan nan nan nan nan nan nan nan nan nan nan nan nan nan nan nan nan nan nan nan nan nan nan nan nan nan nan 310.707305908203125 317.582489013671875 303.12237548828125 299.85943603515625 291.647003173828125 nan nan nan nan nan nan nan nan
nan nan nan nan nan nan nan nan nan nan nan nan nan nan nan nan nan nan nan nan nan nan nan nan nan nan nan nan nan nan nan nan nan nan nan nan nan nan nan nan nan nan nan nan nan nan nan nan nan nan nan nan nan nan nan 321.7203369140625 nan 307.956329345703125 320.316009521484375 307.490234375 nan nan nan nan nan nan nan
nan nan nan nan nan nan nan nan nan nan nan nan nan nan nan nan nan nan nan nan nan nan nan nan nan nan nan nan nan nan nan nan nan nan nan nan nan nan nan nan nan nan nan nan nan nan nan nan nan nan nan nan nan nan nan nan nan nan 317.682464599609375 316.5303955078125 310.449798583984375 306.064239501953125 nan nan nan nan nan
nan nan nan nan nan nan nan nan nan nan nan nan nan nan nan nan nan nan nan nan nan nan nan nan nan nan nan nan nan nan nan nan nan nan nan nan nan nan nan nan nan nan nan nan nan nan nan nan nan nan nan nan nan nan nan nan nan nan nan 323.86297607421875 324.150665283203125 320.15838623046875 319.0147705078125 301.240814208984375 294.21160888671875 306.535430908203125 321.0518798828125
nan nan nan nan nan nan nan nan nan nan nan nan nan nan nan nan nan nan nan nan nan nan nan nan nan nan nan nan nan nan nan nan nan nan nan nan nan nan nan nan nan nan nan nan nan nan nan nan nan nan nan nan nan nan nan nan nan nan nan nan nan nan 337.32891845703125 334.78094482421875 339.069183349609375 nan nan
nan nan nan nan nan nan nan nan nan nan nan nan nan nan nan nan nan nan nan nan nan nan nan nan nan nan nan nan nan nan nan nan nan nan nan nan nan nan nan nan nan nan nan nan nan nan nan nan nan nan nan nan nan nan nan nan nan nan nan nan nan nan nan 350.7587890625 353.469146728515625 342.09039306640625 nan
nan nan nan nan nan nan nan nan nan nan nan nan nan nan nan nan nan nan nan nan nan nan nan nan nan nan nan nan nan nan nan nan nan nan nan nan nan nan nan nan nan nan nan nan nan nan nan nan nan nan nan nan nan nan nan nan nan nan nan nan nan nan nan nan 336.9835205078125 nan nan
nan nan nan nan nan nan nan nan nan nan nan nan nan nan nan nan nan nan nan nan nan nan nan nan nan nan nan nan nan nan nan nan nan nan nan nan nan nan nan nan nan nan nan nan nan nan nan nan nan nan nan nan nan nan nan nan nan nan nan nan nan nan nan nan nan nan nan
nan nan nan nan nan nan nan nan nan nan nan nan nan nan nan nan nan nan nan nan nan nan nan nan nan nan nan nan nan nan nan nan nan nan nan nan nan nan nan nan nan nan nan nan nan nan nan nan nan nan nan nan nan nan nan nan nan nan nan nan nan nan nan nan nan nan nan
nan nan nan nan nan nan nan nan nan nan nan nan nan nan nan nan nan nan nan nan nan nan nan nan nan nan nan nan nan nan nan nan nan nan nan nan nan nan nan nan nan nan nan nan nan nan nan nan nan nan nan nan nan nan nan nan nan nan nan nan nan nan nan nan nan nan nan
nan nan nan nan nan nan nan nan nan nan nan nan nan nan nan nan nan nan nan nan nan nan nan nan nan nan nan nan nan nan nan nan nan nan nan nan nan nan nan nan nan nan nan nan nan nan nan nan nan nan nan nan nan nan nan nan nan nan nan nan nan nan nan nan nan nan nan
nan nan nan nan nan nan nan nan nan nan nan nan nan nan nan nan nan nan nan nan nan nan nan nan nan nan nan nan nan nan nan nan nan nan nan nan nan nan nan nan nan nan nan nan nan nan nan nan nan nan nan nan nan nan nan nan nan nan nan nan nan nan nan nan nan nan nan
nan nan nan nan nan nan nan nan nan nan nan nan nan nan nan nan nan nan nan nan nan nan nan nan nan nan nan nan nan nan nan nan nan nan nan nan nan nan nan nan nan nan nan nan nan nan nan nan nan nan nan nan nan nan nan nan nan nan nan nan nan nan nan nan nan nan nan
nan nan nan nan nan nan nan nan nan nan nan nan nan nan nan nan nan nan nan nan nan nan nan nan nan nan nan nan nan nan nan nan nan nan nan nan nan nan nan nan nan nan nan nan nan nan nan nan nan nan nan nan nan nan nan nan nan nan nan nan nan nan nan nan nan nan nan
nan nan nan nan nan nan nan nan nan nan nan nan nan nan nan nan nan nan nan nan nan nan nan nan nan nan nan nan nan nan nan nan nan nan nan nan nan nan nan nan nan nan nan nan nan nan nan nan nan nan nan nan nan nan nan nan nan nan nan nan nan nan nan nan nan nan nan
