rasters/edaphic_/silt.asc
ncols        720
nrows        300
xllcorner    -180.000000000000
yllcorner    -60.000000000000
cellsize     0.500000000000
NODATA_value  nan
[rows 87 to 115 of 300, columns 603 to 669 of 720]
346.69146728515625 323.33636474609375 294.80548095703125 243.8402252197265625 235.81390380859375 257.87060546875 287.507568359375 320.899993896484375 383.709869384765625 418.519989013671875 434.761077880859375 447.075836181640625 447.7333984375 428.78448486328125 422.70318603515625 404.313812255859375 403.362213134765625 418.898223876953125 422.4117431640625 407.645172119140625 406.357513427734375 401.228851318359375 414.48486328125 430.984619140625 435.94061279296875 437.701202392578125 426.981201171875 398.581817626953125 383.349212646484375 377.2213134765625 378.306549072265625 373.89642333984375 364.94049072265625 nan nan nan nan nan nan nan nan 290.82684326171875 nan nan nan nan nan nan nan nan nan nan nan nan nan nan nan nan nan nan nan nan nan nan nan nan nan
292.858123779296875 266.413818359375 247.507568359375 226.4525146484375 245.94561767578125 294.56732177734375 315.303314208984375 315.425384521484375 351.763458251953125 397.8740234375 nan 449.82208251953125 439.95904541015625 419.00927734375 399.6104736328125 413.223358154296875 420.733306884765625 423.760711669921875 420.8660888671875 408.89019775390625 400.655120849609375 394.43548583984375 433.0623779296875 452.406219482421875 436.95947265625 428.06842041015625 411.103729248046875 389.654083251953125 385.09075927734375 375.515350341796875 373.26416015625 370.939453125 nan nan nan nan nan nan nan nan nan nan nan nan nan nan nan nan nan nan nan nan nan nan nan nan 351.5635986328125 nan nan nan nan nan nan nan nan nan nan
280.16729736328125 238.735198974609375 227.791900634765625 243.2292938232421875 271.813018798828125 nan 328.4935302734375 331.1641845703125 346.98956298828125 415.00750732421875 465.536834716796875 452.351776123046875 438.90771484375 437.132171630859375 431.902374267578125 428.365570068359375 nan 415.822265625 407.009246826171875 408.903656005859375 399.4549560546875 nan nan 445.03814697265625 437.613677978515625 423.543365478515625 395.734832763671875 383.645233154296875 383.42193603515625 374.4898681640625 369.004150390625 nan nan nan nan nan nan nan nan nan 339.58612060546875 329.223602294921875 nan nan nan nan nan nan nan nan nan nan nan 349.587371826171875 nan nan nan nan nan nan nan nan nan nan nan nan nan
278.42681884765625 247.612701416015625 226.3119049072265625 253.3560791015625 295.843353271484375 318.98992919921875 314.47613525390625 360.075042724609375 429.810546875 466.620025634765625 480.176055908203125 457.87261962890625 448.070465087890625 437.079833984375 428.184967041015625 424.783905029296875 412.607879638671875 398.3358154296875 401.929443359375 409.40533447265625 402.99139404296875 nan 422.97332763671875 424.1661376953125 418.55108642578125 402.99560546875 386.030029296875 376.5677490234375 377.12091064453125 370.8753662109375 nan nan nan nan nan nan nan nan nan nan 331.2974853515625 323.042633056640625 nan nan nan nan nan nan nan nan nan 350.5987548828125 nan nan nan nan nan nan nan nan nan nan nan nan nan nan nan
304.699188232421875 284.5018310546875 277.973236083984375 315.011199951171875 344.686767578125 339.473785400390625 344.397674560546875 398.6773681640625 474.311798095703125 481.685455322265625 484.441497802734375 471.747039794921875 442.240325927734375 427.496063232421875 428.500274658203125 425.988494873046875 411.592681884765625 411.184722900390625 417.12152099609375 422.739898681640625 414.357879638671875 417.693939208984375 429.32000732421875 430.68890380859375 410.79217529296875 380.330810546875 374.908203125 367.1973876953125 359.612701416015625 nan nan nan nan nan nan nan nan nan nan nan 323.258758544921875 329.40447998046875 328.66607666015625 326.921478271484375 nan nan nan nan nan 348.8072509765625 nan nan nan nan nan nan nan nan nan nan nan nan nan nan nan nan nan
nan 300.69512939453125 329.017852783203125 383.925994873046875 398.500396728515625 385.982421875 395.5306396484375 nan 457.305999755859375 446.23846435546875 453.634674072265625 444.61566162109375 428.123382568359375 433.693084716796875 430.825103759765625 418.1549072265625 415.984375 416.908233642578125 414.855987548828125 418.8233642578125 420.786285400390625 427.274200439453125 431.29510498046875 414.620513916015625 382.850494384765625 371.5972900390625 367.5753173828125 362.65570068359375 nan nan nan nan nan nan nan nan nan nan nan nan 336.522735595703125 349.852508544921875 347.59246826171875 336.777008056640625 321.686553955078125 327.482147216796875 352.65478515625 nan nan nan 346.78350830078125 nan nan nan nan nan nan nan nan nan nan nan nan nan nan nan nan
311.6986083984375 312.6744384765625 331.80755615234375 360.659912109375 392.74700927734375 394.983673095703125 409.787445068359375 424.872772216796875 416.15850830078125 427.50042724609375 430.91217041015625 433.216522216796875 430.058197021484375 431.034393310546875 426.764801025390625 421.871429443359375 431.2825927734375 426.7587890625 424.534088134765625 420.577056884765625 413.7091064453125 413.452301025390625 412.46258544921875 388.67205810546875 367.22601318359375 361.78045654296875 nan nan nan nan nan nan nan nan nan nan nan nan nan nan 335.9859619140625 339.686920166015625 344.795745849609375 333.904937744140625 322.103057861328125 335.87054443359375 372.022369384765625 378.214080810546875 nan nan nan nan nan nan nan nan nan nan nan nan nan nan nan nan nan nan nan
323.67095947265625 293.6263427734375 251.281494140625 293.5921630859375 343.666229248046875 358.992584228515625 379.354766845703125 420.90924072265625 464.6630859375 459.836700439453125 440.665191650390625 440.1302490234375 437.460968017578125 430.685272216796875 418.639495849609375 421.076171875 426.89044189453125 441.70684814453125 437.56890869140625 425.734039306640625 nan nan nan 385.958526611328125 nan nan nan nan nan nan nan nan nan nan nan nan nan nan 324.462554931640625 326.395538330078125 320.989593505859375 316.0657958984375 327.1700439453125 331.77508544921875 332.38970947265625 nan nan nan nan nan nan nan nan nan nan nan nan nan nan nan nan nan nan nan nan nan nan
301.582305908203125 292.676910400390625 294.5325927734375 340.5555419921875 372.1041259765625 377.846832275390625 398.457855224609375 439.23260498046875 nan 468.154510498046875 488.00103759765625 482.660125732421875 462.658233642578125 424.3411865234375 419.7191162109375 404.74078369140625 391.94091796875 396.985137939453125 nan nan nan nan nan nan nan nan nan nan nan nan nan nan nan nan nan nan nan 328.340789794921875 nan nan nan nan 325.935333251953125 330.694305419921875 nan nan nan nan nan nan nan nan nan nan nan nan nan nan nan nan nan nan nan nan nan nan nan
319.47467041015625 316.00177001953125 319.202911376953125 nan 360.4306640625 368.6826171875 394.040496826171875 412.80975341796875 442.061676025390625 475.996673583984375 489.86053466796875 490.634735107421875 448.270904541015625 402.334136962890625 379.711669921875 365.38153076171875 nan nan nan nan nan nan nan nan nan nan nan nan nan nan nan nan nan nan nan nan nan 329.213287353515625 nan nan nan nan nan nan nan nan nan nan nan nan nan nan nan nan nan nan nan nan nan nan nan nan nan nan nan nan nan
395.107513427734375 374.85394287109375 362.412689208984375 368.563079833984375 nan 392.926666259765625 436.440277099609375 447.593780517578125 459.6693115234375 471.9217529296875 472.889404296875 457.492767333984375 440.0806884765625 403.32977294921875 350.709686279296875 352.128326416015625 347.784393310546875 nan nan nan nan nan nan nan nan nan nan nan nan nan nan nan nan nan nan nan nan nan nan 335.44677734375 nan nan nan nan nan nan nan nan nan nan nan nan nan nan nan nan nan nan nan nan nan nan nan nan nan nan nan
nan 409.135040283203125 387.3218994140625 353.315093994140625 369.4412841796875 415.648712158203125 429.2115478515625 427.81671142578125 443.00628662109375 457.793701171875 450.82354736328125 431.483642578125 414.543609619140625 399.15325927734375 386.0787353515625 366.15582275390625 nan nan nan nan nan nan nan nan nan nan nan nan nan nan nan nan nan nan nan nan nan nan nan nan nan nan nan nan nan nan nan nan nan nan nan nan nan nan nan nan nan nan nan nan nan nan nan nan nan nan nan
nan nan 364.714691162109375 326.029815673828125 367.5257568359375 385.446868896484375 379.264190673828125 397.8104248046875 414.6181640625 428.81591796875 431.651153564453125 417.323760986328125 411.434539794921875 406.232452392578125 nan nan nan nan nan nan nan nan nan nan nan nan nan nan nan nan nan nan nan nan nan nan nan 354.961700439453125 342.389007568359375 331.312896728515625 330.859466552734375 nan nan nan nan nan nan nan nan nan nan nan nan nan nan nan nan nan nan nan nan nan nan nan nan nan nan
302.997589111328125 321.828765869140625 333.095855712890625 nan nan nan 377.901702880859375 381.65667724609375 394.14404296875 408.2960205078125 422.436126708984375 409.373809814453125 nan nan nan nan nan nan nan nan nan nan nan nan nan nan nan nan nan nan nan nan nan nan nan nan nan 360.723480224609375 343.2891845703125 339.342376708984375 340.66424560546875 nan nan nan nan nan nan nan nan nan nan nan nan nan nan nan nan nan nan nan nan nan nan nan nan nan nan
nan nan nan nan nan nan nan nan 389.47088623046875 398.696746826171875 410.704010009765625 396.318084716796875 nan nan nan nan nan nan nan nan nan nan nan nan nan nan nan nan nan nan nan nan nan nan nan nan nan 364.1983642578125 339.70587158203125 340.696868896484375 352.15032958984375 nan nan nan nan nan nan nan nan nan nan nan nan nan nan nan nan nan nan nan nan nan nan nan nan nan nan
nan nan nan nan nan nan nan nan 386.218536376953125 389.20635986328125 391.453094482421875 375.75634765625 355.480865478515625 nan nan nan nan nan nan nan nan nan nan nan nan nan nan nan nan nan nan nan nan nan nan nan 378.863525390625 354.418060302734375 335.718414306640625 341.541015625 nan nan nan nan nan nan nan nan nan nan nan nan nan nan nan nan nan nan nan nan nan nan nan nan nan nan nan
nan nan nan nan nan nan nan 351.71795654296875 373.189422607421875 380.039581298828125 371.850738525390625 362.035003662109375 346.475860595703125 337.0272216796875 nan nan nan nan nan nan nan nan nan nan nan nan nan nan nan nan nan nan nan nan nan nan 367.374420166015625 nan nan nan nan nan nan nan nan nan nan nan nan nan nan nan nan nan nan nan nan nan nan nan nan nan nan nan nan nan nan
nan nan nan nan nan nan nan nan nan 363.460113525390625 347.190887451171875 347.166015625 352.197540283203125 352.48126220703125 340.5736083984375 nan nan nan nan nan nan nan nan nan nan nan nan nan nan nan nan nan nan nan nan 371.26593017578125 348.79486083984375 339.988494873046875 345.129302978515625 nan nan nan nan nan nan nan nan nan nan nan nan nan nan nan nan nan nan nan nan nan nan nan nan nan nan nan nan
330.15850830078125 346.169830322265625 nan nan nan nan nan nan nan nan nan 337.199462890625 351.92169189453125 375.505889892578125 367.7315673828125 354.787994384765625 nan nan nan nan nan nan nan nan nan nan nan nan nan nan 397.106536865234375 nan nan nan 351.855987548828125 338.7379150390625 337.078399658203125 351.334930419921875 350.913116455078125 nan nan nan nan nan nan nan nan nan nan nan nan nan nan nan nan nan nan nan nan nan nan nan nan nan nan nan nan
nan nan nan nan nan nan nan nan nan 362.07415771484375 358.0216064453125 334.886627197265625 346.48388671875 365.8966064453125 372.432464599609375 374.0712890625 nan nan nan nan nan nan nan nan nan nan nan nan nan nan 396.00323486328125 nan 341.628143310546875 327.689697265625 337.21270751953125 341.534149169921875 nan 343.881439208984375 nan nan nan nan nan nan nan nan nan nan nan nan nan nan nan nan nan nan nan nan nan nan nan nan nan nan nan nan nan
nan nan nan nan nan nan nan nan nan nan 366.794708251953125 345.198028564453125 350.119140625 355.01202392578125 370.619140625 382.183013916015625 nan nan nan nan nan nan nan 366.91839599609375 nan nan nan nan nan 397.15667724609375 357.174468994140625 340.3148193359375 338.89019775390625 348.65252685546875 341.902679443359375 333.154205322265625 324.26531982421875 nan nan nan nan nan nan nan nan nan nan nan nan nan nan nan nan nan nan nan nan nan nan nan nan nan nan nan nan nan nan
nan nan nan nan nan nan nan nan nan nan 432.33123779296875 397.9224853515625 384.12237548828125 389.8846435546875 386.94671630859375 361.65167236328125 nan nan nan nan nan nan nan nan nan nan nan nan nan 360.422210693359375 331.119415283203125 311.851959228515625 330.253143310546875 349.270416259765625 347.673095703125 341.212371826171875 nan 321.105743408203125 341.754638671875 nan nan nan nan nan nan nan nan nan nan nan nan nan nan nan nan nan nan nan nan nan nan nan nan nan nan nan nan
nan nan nan nan nan nan nan nan nan nan 406.215423583984375 392.210906982421875 373.293121337890625 369.96099853515625 366.81988525390625 nan nan nan nan nan nan nan 370.25885009765625 366.70953369140625 361.64544677734375 358.741790771484375 364.829742431640625 358.08135986328125 347.424560546875 nan nan 291.28155517578125 308.47027587890625 323.463134765625 320.9468994140625 nan nan 317.73126220703125 nan nan nan nan nan nan nan nan nan nan nan nan nan nan nan nan nan nan nan nan nan nan nan nan nan nan nan nan nan
nan nan nan nan nan nan nan nan nan nan 397.85345458984375 388.67791748046875 nan nan nan nan nan nan nan nan nan 339.13726806640625 338.941558837890625 347.335968017578125 360.944061279296875 369.710601806640625 nan 353.71923828125 327.168121337890625 312.734527587890625 nan nan nan nan nan nan nan nan nan nan nan nan nan nan nan nan nan nan nan nan nan nan nan nan nan nan nan nan nan nan nan nan nan nan nan nan nan
nan nan nan nan nan nan nan nan nan nan nan nan nan nan nan 329.015838623046875 nan nan nan 331.0594482421875 322.8739013671875 nan 328.696502685546875 nan nan 324.691192626953125 350.64361572265625 331.124420166015625 306.573028564453125 306.04705810546875 nan nan nan nan nan nan nan nan nan nan nan nan nan nan nan nan nan nan nan nan nan nan nan nan nan nan nan nan nan nan nan nan nan nan nan nan nan
nan nan nan nan nan nan nan nan nan nan nan nan nan nan nan nan nan nan 337.6654052734375 nan nan nan nan 325.793060302734375 327.2650146484375 327.642822265625 nan 320.013427734375 304.076385498046875 nan nan nan nan nan nan nan nan nan nan nan nan nan nan nan nan nan nan nan nan nan nan nan nan nan nan nan nan nan nan nan nan nan nan nan nan nan nan
nan nan nan nan nan nan nan nan nan 360.47381591796875 nan nan nan nan nan nan 313.587493896484375 328.582122802734375 321.146636962890625 318.85479736328125 nan nan 320.192108154296875 nan nan nan nan nan nan nan nan nan nan nan nan nan nan nan nan nan nan nan nan nan nan nan nan nan nan nan nan nan nan nan nan nan nan nan nan nan nan nan nan nan nan nan nan
nan nan nan nan nan nan nan nan nan nan nan nan nan nan nan nan nan 321.65679931640625 nan 324.187164306640625 323.52264404296875 nan nan nan nan nan nan nan nan nan nan nan nan nan nan nan nan nan nan nan nan nan nan nan nan nan nan nan nan nan nan nan nan nan nan nan nan nan nan nan nan nan nan nan nan nan nan
nan nan nan nan nan nan nan nan nan nan nan nan nan nan nan nan nan nan 337.863006591796875 332.335723876953125 nan nan nan nan nan nan nan nan nan nan nan nan nan nan nan nan nan nan nan nan nan nan nan nan nan nan nan nan nan nan nan nan nan nan nan nan nan nan nan nan nan nan nan nan nan nan nan
