rasters/edaphic_/silt.asc
ncols        720
nrows        300
xllcorner    -180.000000000000
yllcorner    -60.000000000000
cellsize     0.500000000000
NODATA_value  nan
[rows 232 to 260 of 300, columns 536 to 602 of 720]
nan nan nan nan nan nan nan nan nan nan nan nan nan nan nan nan nan nan nan nan nan nan nan nan nan nan nan nan nan nan nan nan nan nan nan nan nan nan nan nan nan nan nan nan nan nan nan nan nan nan nan nan 138.69512939453125 133.96826171875 133.22998046875 132.174102783203125 121.75415802001953125 121.13236236572265625 118.742767333984375 114.938507080078125 109.38153076171875 105.744384765625 101.04135894775390625 104.65334320068359375 121.8348846435546875 134.4621734619140625 136.21429443359375
nan nan nan nan nan nan nan nan nan nan nan nan nan nan nan nan nan nan nan nan nan nan nan nan nan nan nan nan nan nan nan nan nan nan nan nan nan nan nan nan nan nan nan nan nan nan nan nan nan nan nan 121.10974884033203125 117.1278533935546875 116.989349365234375 121.421173095703125 122.94065093994140625 119.99627685546875 126.7541351318359375 120.395721435546875 123.78485107421875 120.95782470703125 110.876251220703125 112.0072174072265625 107.367218017578125 124.4171295166015625 139.2178192138671875 129.74029541015625
nan nan nan nan nan nan nan nan nan nan nan nan nan nan nan nan nan nan nan nan nan nan nan nan nan nan nan nan nan nan nan nan nan nan nan nan nan nan nan nan nan nan nan nan nan nan nan nan nan nan nan nan 99.58405303955078125 96.80937957763671875 111.8810882568359375 116.892333984375 121.51197052001953125 125.04140472412109375 119.63648223876953125 126.54105377197265625 129.967315673828125 123.5437774658203125 123.11005401611328125 99.91547393798828125 104.2751922607421875 123.45947265625 119.60724639892578125
nan nan nan nan nan nan nan nan nan nan nan nan nan nan nan nan nan nan nan nan nan nan nan nan nan nan nan nan nan nan nan nan nan nan nan nan nan nan nan nan nan nan nan nan nan nan nan nan nan nan nan nan 71.18744659423828125 75.5408782958984375 93.568359375 109.29154205322265625 119.84597015380859375 126.4158172607421875 126.09540557861328125 123.43372344970703125 118.4161529541015625 114.7373809814453125 111.35533905029296875 94.27655792236328125 94.00135040283203125 102.84328460693359375 nan
nan nan nan nan nan nan nan nan nan nan nan nan nan nan nan nan nan nan nan nan nan nan nan nan nan nan nan nan nan nan nan nan nan nan nan nan nan nan nan nan nan nan nan nan nan nan nan nan nan nan nan nan nan 53.38623809814453125 59.796539306640625 76.5724334716796875 100.50069427490234375 117.90462493896484375 125.123260498046875 122.98162841796875 119.64186859130859375 119.8544769287109375 111.6321868896484375 107.446685791015625 113.3310089111328125 114.63214874267578125 127.40930938720703125
nan nan nan nan nan nan nan nan nan nan nan nan nan nan nan nan nan nan nan nan nan nan nan nan nan nan nan nan nan nan nan nan nan nan nan nan nan nan nan nan nan nan nan nan nan nan nan nan nan nan nan nan nan 56.634487152099609375 54.14947509765625 57.197048187255859375 76.261322021484375 93.5509185791015625 108.356536865234375 111.99120330810546875 107.7016754150390625 106.14229583740234375 110.48400115966796875 112.7709197998046875 118.4617462158203125 128.6260223388671875 127.2521820068359375
nan nan nan nan nan nan nan nan nan nan nan nan nan nan nan nan nan nan nan nan nan nan nan nan nan nan nan nan nan nan nan nan nan nan nan nan nan nan nan nan nan nan nan nan nan nan nan nan nan nan nan nan nan nan 52.852130889892578125 72.64688873291015625 69.43930816650390625 73.6689453125 nan 96.39849090576171875 99.8071746826171875 99.22861480712890625 101.9549560546875 105.998779296875 111.99605560302734375 123.8321075439453125 120.56108856201171875
nan nan nan nan nan nan nan nan nan nan nan nan nan nan nan nan nan nan nan nan nan nan nan nan nan nan nan nan nan nan nan nan nan nan nan nan nan nan nan nan nan nan nan nan nan nan nan nan nan nan nan nan nan nan 43.904926300048828125 nan 66.3357086181640625 69.07256317138671875 75.0290679931640625 85.98455047607421875 92.62575531005859375 102.40404510498046875 103.89464569091796875 99.18170928955078125 98.5145111083984375 100.963165283203125 105.0018463134765625
nan nan nan nan nan nan nan nan nan nan nan nan nan nan nan nan nan nan nan nan nan nan nan nan nan nan nan nan nan nan nan nan nan nan nan nan nan nan nan nan nan nan nan nan nan nan nan nan nan nan nan nan nan nan 59.31453704833984375 49.751117706298828125 69.926300048828125 78.68627166748046875 72.71697998046875 77.16654205322265625 82.21947479248046875 89.5110321044921875 104.54296875 105.5628814697265625 102.528289794921875 103.703948974609375 107.30358123779296875
nan nan nan nan nan nan nan nan nan nan nan nan nan nan nan nan nan nan nan nan nan nan nan nan nan nan nan nan nan nan nan nan nan nan nan nan nan nan nan nan nan nan nan nan nan nan nan nan nan nan nan nan nan nan 59.23535919189453125 60.1282501220703125 78.67113494873046875 83.28296661376953125 79.8409881591796875 86.495880126953125 96.05743408203125 94.01009368896484375 nan 103.87830352783203125 113.154510498046875 111.7954864501953125 106.47843170166015625
nan nan nan nan nan nan nan nan nan nan nan nan nan nan nan nan nan nan nan nan nan nan nan nan nan nan nan nan nan nan nan nan nan nan nan nan nan nan nan nan nan nan nan nan nan nan nan nan nan nan nan nan nan nan nan 73.6195068359375 86.24024200439453125 94.56354522705078125 88.42147064208984375 85.5946502685546875 92.50180816650390625 92.7688140869140625 96.15038299560546875 100.90038299560546875 112.600189208984375 117.929229736328125 113.51441192626953125
nan nan nan nan nan nan nan nan nan nan nan nan nan nan nan nan nan nan nan nan nan nan nan nan nan nan nan nan nan nan nan nan nan nan nan nan nan nan nan nan nan nan nan nan nan nan nan nan nan nan nan nan nan nan nan nan 97.32059478759765625 89.80057525634765625 79.25350189208984375 83.87563323974609375 81.62894439697265625 77.93306732177734375 84.74260711669921875 90.23580169677734375 101.0914306640625 110.85626983642578125 110.93090057373046875
nan nan nan nan nan nan nan nan nan nan nan nan nan nan nan nan nan nan nan nan nan nan nan nan nan nan nan nan nan nan nan nan nan nan nan nan nan nan nan nan nan nan nan nan nan nan nan nan nan nan nan nan nan nan nan nan 101.61782073974609375 86.417816162109375 nan 81.5672607421875 93.567901611328125 78.7702789306640625 82.35909271240234375 86.747528076171875 91.8827972412109375 103.7137908935546875 107.9507598876953125
nan nan nan nan nan nan nan nan nan nan nan nan nan nan nan nan nan nan nan nan nan nan nan nan nan nan nan nan nan nan nan nan nan nan nan nan nan nan nan nan nan nan nan nan nan nan nan nan nan nan nan nan nan nan nan nan 98.209228515625 89.29931640625 80.24971771240234375 77.05519866943359375 87.95079803466796875 78.943878173828125 77.03351593017578125 81.841033935546875 87.007110595703125 95.071136474609375 110.05200958251953125
nan nan nan nan nan nan nan nan nan nan nan nan nan nan nan nan nan nan nan nan nan nan nan nan nan nan nan nan nan nan nan nan nan nan nan nan nan nan nan nan nan nan nan nan nan nan nan nan nan nan nan nan nan nan nan 92.03372955322265625 91.76847076416015625 82.706573486328125 82.12601470947265625 82.37436676025390625 80.471405029296875 75.56348419189453125 72.06414794921875 76.9703521728515625 84.234130859375 86.86517333984375 78.28448486328125
nan nan nan nan nan nan nan nan nan nan nan nan nan nan nan nan nan nan nan nan nan nan nan nan nan nan nan nan nan nan nan nan nan nan nan nan nan nan nan nan nan nan nan nan nan nan nan nan nan nan nan nan nan nan 72.06610870361328125 91.8477325439453125 95.27490997314453125 84.489776611328125 82.63425445556640625 77.42327117919921875 72.9610595703125 71.5829315185546875 73.83917999267578125 74.445465087890625 79.69693756103515625 61.78302001953125 52.006160736083984375
nan nan nan nan nan nan nan nan nan nan nan nan nan nan nan nan nan nan nan nan nan nan nan nan nan nan nan nan nan nan nan nan nan nan nan nan nan nan nan nan nan nan nan nan nan nan nan nan nan nan nan nan nan nan 69.8133544921875 95.57718658447265625 106.10768890380859375 90.9748077392578125 85.988525390625 72.441741943359375 70.972198486328125 67.34807586669921875 63.65338134765625 nan nan nan nan
nan nan nan nan nan nan nan nan nan nan nan nan nan nan nan nan nan nan nan nan nan nan nan nan nan nan nan nan nan nan nan nan nan nan nan nan nan nan nan nan nan nan nan nan nan nan nan nan nan nan nan nan nan nan nan nan 107.946441650390625 103.374725341796875 90.84613800048828125 69.57884979248046875 60.306427001953125 nan nan nan nan nan nan
nan nan nan nan nan nan nan nan nan nan nan nan nan nan nan nan nan nan nan nan nan nan nan nan nan nan nan nan nan nan nan nan nan nan nan nan nan nan nan nan nan nan nan nan nan nan nan nan nan nan nan nan nan nan nan nan nan nan nan nan nan nan nan nan nan nan nan
nan nan nan nan nan nan nan nan nan nan nan nan nan nan nan nan nan nan nan nan nan nan nan nan nan nan nan nan nan nan nan nan nan nan nan nan nan nan nan nan nan nan nan nan nan nan nan nan nan nan nan nan nan nan nan nan nan nan nan nan nan nan nan nan nan nan nan
nan nan nan nan nan nan nan nan nan nan nan nan nan nan nan nan nan nan nan nan nan nan nan nan nan nan nan nan nan nan nan nan nan nan nan nan nan nan nan nan nan nan nan nan nan nan nan nan nan nan nan nan nan nan nan nan nan nan nan nan nan nan nan nan nan nan nan
nan nan nan nan nan nan nan nan nan nan nan nan nan nan nan nan nan nan nan nan nan nan nan nan nan nan nan nan nan nan nan nan nan nan nan nan nan nan nan nan nan nan nan nan nan nan nan nan nan nan nan nan nan nan nan nan nan nan nan nan nan nan nan nan nan nan nan
nan nan nan nan nan nan nan nan nan nan nan nan nan nan nan nan nan nan nan nan nan nan nan nan nan nan nan nan nan nan nan nan nan nan nan nan nan nan nan nan nan nan nan nan nan nan nan nan nan nan nan nan nan nan nan nan nan nan nan nan nan nan nan nan nan nan nan
nan nan nan nan nan nan nan nan nan nan nan nan nan nan nan nan nan nan nan nan nan nan nan nan nan nan nan nan nan nan nan nan nan nan nan nan nan nan nan nan nan nan nan nan nan nan nan nan nan nan nan nan nan nan nan nan nan nan nan nan nan nan nan nan nan nan nan
nan nan nan nan nan nan nan nan nan nan nan nan nan nan nan nan nan nan nan nan nan nan nan nan nan nan nan nan nan nan nan nan nan nan nan nan nan nan nan nan nan nan nan nan nan nan nan nan nan nan nan nan nan nan nan nan nan nan nan nan nan nan nan nan nan nan nan
nan nan nan nan nan nan nan nan nan nan nan nan nan nan nan nan nan nan nan nan nan nan nan nan nan nan nan nan nan nan nan nan nan nan nan nan nan nan nan nan nan nan nan nan nan nan nan nan nan nan nan nan nan nan nan nan nan nan nan nan nan nan nan nan nan nan nan
nan nan nan nan nan nan nan nan nan nan nan nan nan nan nan nan nan nan nan nan nan nan nan nan nan nan nan nan nan nan nan nan nan nan nan nan nan nan nan nan nan nan nan nan nan nan nan nan nan nan nan nan nan nan nan nan nan nan nan nan nan nan nan nan nan nan nan
nan nan nan nan nan nan nan nan nan nan nan nan nan nan nan nan nan nan nan nan nan nan nan nan nan nan nan nan nan nan nan nan nan nan nan nan nan nan nan nan nan nan nan nan nan nan nan nan nan nan nan nan nan nan nan nan nan nan nan nan nan nan nan nan nan nan nan
nan nan nan nan nan nan nan nan nan nan nan nan nan nan nan nan nan nan nan nan nan nan nan nan nan nan nan nan nan nan nan nan nan nan nan nan nan nan nan nan nan nan nan nan nan nan nan nan nan nan nan nan nan nan nan nan nan nan nan nan nan nan nan nan nan nan nan
