rasters/edaphic_/silt.asc
ncols        720
nrows        300
xllcorner    -180.000000000000
yllcorner    -60.000000000000
cellsize     0.500000000000
NODATA_value  nan
[rows 145 to 173 of 300, columns 201 to 267 of 720]
nan nan nan nan nan nan nan nan nan nan nan nan nan nan nan nan nan nan nan nan nan nan nan nan nan nan nan nan nan nan nan nan nan nan nan nan nan nan nan nan nan nan nan nan nan nan nan nan nan nan nan nan nan nan nan nan nan nan nan nan nan nan nan nan nan nan nan
nan nan nan nan nan nan nan nan nan nan nan nan nan nan nan nan nan nan nan nan nan nan nan nan nan nan nan nan nan nan nan nan nan nan nan nan nan nan nan nan nan nan nan nan nan nan nan nan nan nan nan nan nan nan nan nan nan nan nan nan nan nan nan nan nan nan nan
nan nan nan nan nan nan nan nan nan nan nan nan nan nan nan nan nan nan nan nan nan nan nan nan nan nan nan nan nan nan nan nan nan nan nan 305.281402587890625 316.802154541015625 nan nan nan nan nan nan nan nan nan nan nan nan nan nan nan nan nan nan nan nan nan nan nan nan nan nan nan nan nan nan
nan nan nan nan nan nan nan nan nan nan nan nan nan nan nan nan nan nan nan nan nan nan nan nan nan nan nan nan nan nan nan nan nan nan nan nan nan nan nan nan nan nan nan nan nan nan nan nan nan nan nan nan nan nan nan nan nan nan nan nan nan nan nan nan nan nan nan
nan nan nan nan nan nan nan nan nan nan nan nan nan nan nan nan nan nan nan nan nan nan nan nan nan nan nan nan nan nan nan nan nan nan nan nan 333.978271484375 nan nan nan nan nan nan nan nan nan nan nan nan nan nan nan nan nan nan nan nan nan nan nan nan nan nan nan nan nan nan
nan nan nan nan nan nan nan nan nan nan nan nan nan nan nan nan nan nan nan nan nan nan nan nan nan nan nan nan nan nan nan nan nan nan nan nan nan nan nan nan nan nan nan nan nan nan nan nan nan nan nan nan nan nan nan nan nan nan nan nan nan nan nan nan nan nan nan
nan nan nan nan nan nan nan nan nan nan nan nan nan nan nan nan nan nan nan nan nan nan nan nan nan nan nan nan nan nan nan nan nan nan nan nan nan nan nan nan nan nan nan nan nan nan nan nan nan nan nan nan nan nan nan nan nan nan nan nan nan nan nan nan nan nan nan
nan nan nan nan nan nan nan nan nan nan nan nan nan nan nan nan nan nan nan nan nan nan nan nan nan nan nan nan nan nan nan nan nan nan nan nan nan nan nan nan nan nan nan nan nan nan nan nan nan nan nan nan nan nan nan nan nan nan nan nan nan nan nan nan nan nan nan
nan nan nan nan nan nan nan nan nan nan nan nan nan nan nan nan nan nan nan nan nan nan nan nan nan nan nan nan nan nan nan nan nan nan nan nan 324.566009521484375 nan nan nan nan nan nan nan nan nan nan nan nan nan nan nan nan nan nan nan nan nan nan nan nan nan nan nan nan nan nan
nan nan nan nan nan nan nan nan nan nan nan nan nan nan nan nan nan nan nan nan nan nan nan nan nan nan nan nan nan nan nan nan nan nan nan nan nan nan nan nan nan nan nan nan nan nan nan nan nan nan nan nan nan nan nan nan nan nan nan nan nan nan nan nan nan nan nan
nan nan nan nan nan nan nan nan nan nan nan nan nan nan nan 259.871063232421875 263.740692138671875 nan nan nan nan nan nan nan nan nan nan nan nan nan nan nan nan nan nan nan nan nan nan nan nan nan nan nan nan nan nan nan nan nan nan nan nan nan nan nan nan nan nan nan nan nan nan nan nan nan nan
nan nan nan nan nan nan nan nan nan nan nan nan nan nan 276.872802734375 266.224212646484375 nan nan nan nan nan nan nan nan nan nan nan nan nan nan nan nan nan nan nan nan nan nan nan nan nan nan nan nan nan nan nan nan nan nan nan nan nan nan nan nan nan nan nan nan nan nan nan nan nan nan nan
nan nan nan nan nan nan nan nan nan nan nan nan 309.53887939453125 300.176361083984375 289.28173828125 nan nan nan 302.56689453125 298.81365966796875 307.527923583984375 314.744171142578125 nan nan nan nan nan nan nan nan nan nan nan nan nan nan nan nan nan nan nan nan nan nan nan nan nan nan nan nan nan nan nan nan nan nan nan nan nan nan nan nan nan nan nan nan nan
nan nan nan nan nan nan nan nan nan 313.453857421875 332.499176025390625 302.298980712890625 310.243804931640625 308.944915771484375 289.444366455078125 274.91650390625 275.2818603515625 302.692596435546875 322.74267578125 319.80712890625 320.93133544921875 320.206695556640625 nan nan nan nan nan nan nan nan nan nan nan nan nan nan 300.72955322265625 nan nan nan nan nan nan nan nan nan nan nan nan nan nan nan nan nan nan nan nan nan nan nan nan nan nan nan nan nan nan
nan nan nan nan nan nan nan nan 308.013946533203125 318.71673583984375 316.16998291015625 313.621734619140625 316.129486083984375 303.01788330078125 292.0511474609375 nan 293.293243408203125 310.253387451171875 318.920013427734375 315.16217041015625 306.8502197265625 326.0035400390625 328.9501953125 323.34210205078125 317.81787109375 314.38067626953125 318.751708984375 nan nan nan 277.496002197265625 281.349822998046875 312.44769287109375 371.87689208984375 nan nan 301.615386962890625 nan nan nan nan nan nan nan nan nan nan nan nan nan nan nan nan nan nan nan nan nan nan nan nan nan nan nan nan nan nan
nan nan nan nan nan nan nan nan 311.30181884765625 303.041778564453125 310.29156494140625 331.55584716796875 316.823211669921875 306.681671142578125 nan nan nan 331.636749267578125 318.951202392578125 318.120697021484375 319.928863525390625 329.71392822265625 322.341705322265625 316.7703857421875 325.91925048828125 346.95294189453125 329.563934326171875 304.578857421875 271.758209228515625 276.912933349609375 285.166107177734375 277.9984130859375 290.851226806640625 396.094390869140625 387.995452880859375 347.35211181640625 nan nan nan nan nan nan nan nan nan nan nan nan nan nan nan nan nan nan nan nan nan nan nan nan nan nan nan nan nan nan nan
319.30364990234375 311.77728271484375 307.2706298828125 nan nan nan nan 339.0142822265625 305.237762451171875 nan 336.2003173828125 nan 308.853485107421875 318.26629638671875 371.542755126953125 nan nan 324.9317626953125 331.776885986328125 351.8489990234375 354.9761962890625 357.528289794921875 342.715545654296875 350.314971923828125 355.7874755859375 361.60302734375 351.501495361328125 306.636962890625 271.05987548828125 261.49169921875 242.19879150390625 237.4039154052734375 260.496368408203125 330.876251220703125 378.240631103515625 366.019073486328125 363.752105712890625 nan nan nan nan nan nan nan nan nan nan nan nan nan nan nan nan nan nan nan nan nan nan nan nan nan nan nan nan nan nan
nan nan 323.486846923828125 317.7364501953125 nan nan 310.05328369140625 327.003692626953125 326.2056884765625 369.22943115234375 353.463592529296875 334.8995361328125 302.768646240234375 322.140838623046875 358.0628662109375 349.9364013671875 328.451812744140625 326.882110595703125 357.810211181640625 404.72259521484375 410.57452392578125 399.137725830078125 376.19171142578125 401.5787353515625 359.574310302734375 305.964874267578125 315.842010498046875 294.4608154296875 270.50775146484375 243.1339569091796875 194.702117919921875 206.65362548828125 258.0975341796875 266.164276123046875 331.999603271484375 374.52593994140625 367.271484375 368.348663330078125 nan nan nan nan nan nan nan nan nan nan nan nan nan nan nan nan nan nan nan nan nan nan nan nan nan nan nan nan nan
nan nan 327.28912353515625 330.266204833984375 325.508880615234375 nan 322.3209228515625 326.448028564453125 350.806640625 353.465667724609375 323.8035888671875 324.774566650390625 301.22772216796875 306.85467529296875 320.8118896484375 328.665252685546875 338.053375244140625 344.032562255859375 381.565765380859375 421.81146240234375 456.446533203125 465.767974853515625 443.7401123046875 434.653350830078125 385.30609130859375 308.04412841796875 257.181488037109375 233.4027099609375 225.1281890869140625 221.6243133544921875 210.8459930419921875 210.5134124755859375 nan 261.527191162109375 293.3070068359375 314.30584716796875 325.4459228515625 346.46343994140625 342.27423095703125 nan nan nan nan nan nan nan nan nan nan nan nan nan nan nan nan nan nan nan nan nan nan nan nan nan nan nan nan
nan nan 314.010467529296875 321.20672607421875 344.937286376953125 351.149810791015625 317.868011474609375 321.1319580078125 338.066436767578125 324.300048828125 310.666290283203125 336.35357666015625 316.082183837890625 315.783599853515625 326.763671875 331.139892578125 362.581756591796875 370.10479736328125 381.73193359375 419.36639404296875 440.63311767578125 460.92657470703125 478.096343994140625 465.77667236328125 414.0068359375 375.32568359375 317.760223388671875 280.633575439453125 254.6539764404296875 252.369873046875 241.7766571044921875 224.3522796630859375 226.9778900146484375 261.699127197265625 265.3663330078125 287.248687744140625 309.01739501953125 324.398590087890625 310.005340576171875 296.825103759765625 nan nan nan nan nan nan nan nan nan nan nan nan nan nan nan nan nan nan nan nan nan nan nan nan nan nan nan
nan nan nan 321.03802490234375 340.1788330078125 338.863250732421875 323.41497802734375 323.709014892578125 317.687347412109375 317.912384033203125 321.975799560546875 336.031829833984375 322.388763427734375 339.514190673828125 325.0423583984375 319.989349365234375 381.188140869140625 362.64404296875 355.509307861328125 369.4949951171875 413.2989501953125 430.77294921875 429.104278564453125 416.12298583984375 406.418548583984375 398.316802978515625 330.650787353515625 308.499114990234375 273.030792236328125 286.145263671875 282.5986328125 293.909820556640625 279.833160400390625 nan 297.549774169921875 297.810943603515625 304.93951416015625 311.581329345703125 311.798583984375 284.026885986328125 253.2808380126953125 274.40814208984375 nan nan nan nan nan nan nan nan nan nan nan nan nan nan nan nan nan nan nan nan nan nan nan nan nan
nan nan nan nan 324.128143310546875 333.035125732421875 324.32208251953125 330.457733154296875 320.2091064453125 322.195770263671875 333.791351318359375 328.875640869140625 319.434661865234375 332.02423095703125 316.607177734375 306.85693359375 378.119232177734375 356.37506103515625 334.60931396484375 316.71697998046875 327.40447998046875 337.359527587890625 345.87896728515625 320.444122314453125 342.976959228515625 342.2744140625 308.696136474609375 328.62451171875 292.64959716796875 291.813720703125 304.4195556640625 305.345733642578125 301.591461181640625 297.706329345703125 296.86346435546875 294.325958251953125 284.724578857421875 281.252532958984375 286.07769775390625 278.757110595703125 252.77874755859375 253.310791015625 352.34698486328125 nan nan nan nan nan nan nan nan nan nan nan nan nan nan nan nan nan nan nan nan nan nan nan nan
nan nan nan nan 335.19720458984375 335.36663818359375 332.076324462890625 322.777313232421875 322.845458984375 322.961578369140625 321.15594482421875 311.01202392578125 317.21221923828125 327.193695068359375 309.50030517578125 290.51446533203125 341.5904541015625 334.82952880859375 315.41485595703125 274.51153564453125 232.9488067626953125 230.9029083251953125 274.783203125 295.09210205078125 303.184783935546875 298.44927978515625 309.349395751953125 307.208038330078125 289.969482421875 274.298248291015625 299.225494384765625 308.20355224609375 318.902191162109375 314.531402587890625 289.269134521484375 274.944976806640625 266.08453369140625 263.250091552734375 266.159423828125 270.79266357421875 256.035858154296875 249.2931365966796875 306.3359375 371.248046875 nan nan nan nan nan nan nan nan nan nan nan nan nan nan nan nan nan nan nan nan nan nan nan
nan nan nan nan nan 326.17498779296875 331.774505615234375 320.01373291015625 322.017669677734375 319.595123291015625 307.33660888671875 311.26470947265625 325.6868896484375 326.158111572265625 291.514984130859375 302.91156005859375 329.50469970703125 310.11492919921875 299.392181396484375 275.4107666015625 240.176544189453125 245.5030670166015625 298.332305908203125 298.456878662109375 271.475982666015625 279.9013671875 294.219207763671875 297.39776611328125 290.9813232421875 290.32489013671875 298.044097900390625 309.45556640625 323.6689453125 322.378631591796875 304.38848876953125 306.561279296875 291.27978515625 259.80572509765625 264.186614990234375 263.00262451171875 249.9243316650390625 242.9843902587890625 246.6736602783203125 272.786651611328125 318.124298095703125 332.014862060546875 330.994598388671875 303.586212158203125 302.16619873046875 293.50994873046875 292.10174560546875 nan nan nan nan nan nan nan nan nan nan nan nan nan nan nan nan
nan nan nan nan 316.893585205078125 315.018768310546875 326.37603759765625 324.7415771484375 320.72222900390625 315.364013671875 313.365966796875 322.356109619140625 317.83770751953125 294.635833740234375 284.775299072265625 310.653564453125 324.604522705078125 326.968963623046875 320.5321044921875 305.510772705078125 262.72552490234375 250.2209930419921875 272.13604736328125 271.8072509765625 256.173797607421875 257.715606689453125 256.137725830078125 264.8798828125 283.594207763671875 294.48577880859375 299.399383544921875 308.214202880859375 317.76812744140625 344.714202880859375 335.725006103515625 346.59112548828125 346.487518310546875 304.082366943359375 279.845184326171875 271.163482666015625 255.2401275634765625 241.6090850830078125 216.838897705078125 185.2822418212890625 nan 215.4080657958984375 222.5415496826171875 208.77288818359375 219.3689727783203125 220.3955078125 238.3719635009765625 239.818206787109375 278.891937255859375 nan nan nan nan nan nan nan nan nan nan nan nan nan nan
nan nan nan nan 294.110595703125 311.208648681640625 321.51812744140625 326.467926025390625 316.422454833984375 312.7769775390625 330.7451171875 319.8248291015625 294.305938720703125 283.122802734375 298.015533447265625 310.25640869140625 317.553497314453125 305.1898193359375 292.6492919921875 279.645660400390625 237.8621826171875 212.45050048828125 210.3452606201171875 214.833404541015625 227.4663848876953125 247.666595458984375 208.1144561767578125 217.7577667236328125 272.62591552734375 291.484588623046875 296.15447998046875 294.628143310546875 294.756866455078125 327.210052490234375 363.810150146484375 369.293548583984375 361.017791748046875 348.630767822265625 318.454498291015625 279.673736572265625 259.781097412109375 237.94769287109375 210.131744384765625 193.30157470703125 198.470733642578125 206.096038818359375 184.5226287841796875 185.8341064453125 192.3031463623046875 213.4982757568359375 221.9467620849609375 201.8509063720703125 237.8312530517578125 284.4730224609375 348.344390869140625 nan nan nan nan nan nan nan nan nan nan nan nan
nan nan nan nan 265.348297119140625 314.511749267578125 326.102813720703125 327.12384033203125 314.4127197265625 310.54315185546875 314.7828369140625 301.889862060546875 289.771514892578125 299.9169921875 306.02484130859375 319.373931884765625 322.9857177734375 307.52252197265625 287.449615478515625 240.280242919921875 208.5267791748046875 188.2308349609375 180.507965087890625 196.5370330810546875 211.3763580322265625 220.6237030029296875 202.7370452880859375 233.919097900390625 269.04290771484375 280.697265625 275.47991943359375 277.18798828125 288.64959716796875 304.926422119140625 338.9720458984375 367.638519287109375 352.562896728515625 313.873260498046875 305.98272705078125 279.9417724609375 259.23797607421875 241.2947845458984375 229.303497314453125 211.711578369140625 215.177001953125 211.9262847900390625 203.695404052734375 191.52032470703125 167.757781982421875 193.12030029296875 192.6108551025390625 205.7125701904296875 239.602081298828125 254.485504150390625 285.8394775390625 346.827850341796875 nan nan nan nan nan nan nan nan nan nan nan
nan nan nan nan nan 311.51318359375 328.14227294921875 316.771514892578125 321.541595458984375 319.415924072265625 307.449554443359375 290.222564697265625 284.621612548828125 313.27392578125 327.441436767578125 320.52813720703125 314.583465576171875 302.762451171875 283.85369873046875 229.5597076416015625 nan 181.5271453857421875 171.998687744140625 200.1865386962890625 208.6849822998046875 199.4531707763671875 203.9312286376953125 239.25994873046875 262.596221923828125 271.281951904296875 270.97601318359375 271.569671630859375 273.49676513671875 282.599945068359375 299.73272705078125 314.833251953125 240.1407928466796875 264.2178955078125 284.049407958984375 276.51416015625 249.5916595458984375 224.0533599853515625 239.1687774658203125 217.768218994140625 217.2102508544921875 222.806488037109375 224.584930419921875 191.3485870361328125 180.00225830078125 186.790496826171875 204.9240875244140625 237.522979736328125 247.6880340576171875 256.443939208984375 266.000762939453125 318.7286376953125 398.145233154296875 nan nan nan nan nan nan nan nan nan nan
nan nan nan nan 292.240081787109375 315.752960205078125 330.15289306640625 303.9151611328125 290.91888427734375 295.545562744140625 282.043243408203125 279.693023681640625 297.000885009765625 321.395721435546875 331.795745849609375 329.928802490234375 319.449554443359375 305.422210693359375 260.372161865234375 218.7400360107421875 204.0726318359375 191.80389404296875 174.135650634765625 191.9293212890625 187.9749908447265625 179.1934814453125 198.4451446533203125 229.75885009765625 259.314239501953125 261.202606201171875 266.3582763671875 261.386932373046875 257.229644775390625 255.10455322265625 253.1293487548828125 225.3456268310546875 181.48492431640625 202.4391632080078125 231.8724822998046875 255.9605560302734375 238.51531982421875 210.9463653564453125 233.90093994140625 223.6486968994140625 199.2125091552734375 214.0503997802734375 225.76800537109375 191.12847900390625 178.6131591796875 204.0229949951171875 207.755889892578125 232.5727996826171875 252.8478851318359375 259.293731689453125 266.060546875 278.250213623046875 349.4708251953125 nan nan nan nan nan nan nan nan nan nan
