rasters/edaphic_/soc.asc
ncols        720
nrows        300
xllcorner    -180.000000000000
yllcorner    -60.000000000000
cellsize     0.500000000000
NODATA_value  nan
[rows 58 to 86 of 300, columns 650 to 714 of 720]
838.2159423828125 832.4178466796875 811.24774169921875 846.00048828125 898.4888916015625 920.65777587890625 919.8287353515625 905.31427001953125 905.1314697265625 869.0716552734375 809.04058837890625 755.19488525390625 709.4716796875 736.916015625 756.9423828125 774.18988037109375 728.6871337890625 640.0101318359375 588.85260009765625 586.47601318359375 569.29290771484375 576.694580078125 nan nan nan nan nan nan nan nan 528.48858642578125 nan nan nan nan nan nan 737.64288330078125 697.56378173828125 602.12640380859375 578.44549560546875 596.7674560546875 627.8304443359375 637.62567138671875 637.3428955078125 633.16357421875 633.30938720703125 614.17974853515625 594.5970458984375 595.09063720703125 627.1558837890625 648.650146484375 667.22003173828125 nan nan nan nan nan nan nan nan nan nan nan nan
848.43475341796875 811.35675048828125 839.81103515625 897.12799072265625 950.90057373046875 966.7252197265625 919.66558837890625 845.0130615234375 775.1748046875 704.419677734375 611.45233154296875 546.815673828125 523.39410400390625 539.67144775390625 549.19580078125 528.68768310546875 500.075439453125 500.62353515625 534.7169189453125 583.98876953125 nan nan nan nan nan nan nan nan nan nan nan nan nan nan 585.199462890625 647.3280029296875 657.6962890625 630.82843017578125 613.31695556640625 571.325439453125 557.23931884765625 nan nan 594.8453369140625 nan nan nan nan nan nan 603.79248046875 nan nan nan nan nan nan nan nan nan nan nan nan nan nan
790.66998291015625 859.49102783203125 937.333984375 958.8175048828125 974.7806396484375 977.7850341796875 864.21337890625 825.5101318359375 708.3638916015625 591.55078125 576.156494140625 531.16571044921875 538.9569091796875 557.651611328125 542.03985595703125 506.748626708984375 520.96136474609375 582.46588134765625 nan nan nan nan nan nan nan nan nan nan nan nan nan nan 459.371673583984375 501.72418212890625 555.08502197265625 562.934814453125 553.6815185546875 nan nan nan nan nan nan nan nan nan nan nan nan nan nan nan nan nan nan nan nan nan nan nan nan nan nan nan nan
nan nan 761.49908447265625 nan nan nan nan 579.48638916015625 nan nan nan nan nan nan 603.71929931640625 548.69305419921875 534.7960205078125 582.499267578125 566.39654541015625 520.14019775390625 nan nan nan nan nan nan nan nan nan nan 493.6644287109375 482.931976318359375 481.7952880859375 498.039215087890625 523.3768310546875 553.08001708984375 nan nan nan nan nan nan nan nan nan nan nan nan nan nan nan nan nan nan nan nan nan nan nan nan nan nan nan nan nan
nan nan nan nan nan nan nan nan nan nan nan nan nan nan nan nan nan nan nan nan nan nan nan nan nan nan nan nan nan 518.15545654296875 477.595794677734375 461.9205322265625 489.168426513671875 511.433013916015625 568.3243408203125 nan nan 598.39959716796875 nan nan nan nan nan nan nan nan nan nan nan nan nan nan nan nan nan nan nan nan nan nan nan nan nan nan nan
nan nan nan nan nan nan nan nan nan nan nan nan nan nan nan nan nan nan nan nan nan nan nan nan nan nan nan 567.7000732421875 567.40618896484375 523.6839599609375 452.0908203125 461.02459716796875 507.669189453125 583.54498291015625 nan nan nan nan nan nan nan nan nan nan nan nan nan nan nan nan nan nan nan nan nan nan nan nan nan nan nan nan nan nan nan
nan nan nan nan nan nan nan nan nan nan nan nan nan nan nan nan nan nan nan nan nan nan nan nan nan 509.698974609375 508.071868896484375 512.4136962890625 519.80517578125 481.946533203125 439.78424072265625 463.92529296875 515.6712646484375 596.7274169921875 601.01495361328125 575.03857421875 nan nan nan nan nan nan nan nan nan nan nan nan nan nan nan nan nan nan nan nan nan nan nan nan nan nan nan nan nan
nan nan nan nan nan nan nan nan nan nan nan nan nan nan nan nan nan nan nan nan nan nan nan nan 498.930877685546875 449.9454345703125 421.193817138671875 421.396881103515625 436.38946533203125 423.8028564453125 414.830108642578125 430.1693115234375 498.8990478515625 512.8834228515625 500.64508056640625 nan nan nan nan nan nan nan nan nan nan nan nan nan nan nan nan nan nan nan nan nan nan nan nan nan nan nan nan nan nan
nan nan nan nan nan nan nan nan nan nan nan nan nan nan nan nan nan nan nan nan nan nan 565.048095703125 498.534088134765625 456.439849853515625 433.164459228515625 407.1575927734375 381.7667236328125 380.93743896484375 398.237274169921875 426.59869384765625 486.841552734375 471.27239990234375 442.395477294921875 461.400482177734375 512.50067138671875 nan nan nan nan nan nan nan nan nan nan nan nan nan nan nan nan nan nan nan nan nan nan nan nan nan nan nan nan nan
nan nan nan nan nan nan nan nan nan nan nan nan nan nan nan nan nan nan nan nan nan nan 495.190399169921875 454.5804443359375 446.5478515625 434.85760498046875 385.611236572265625 362.955780029296875 370.028350830078125 421.0228271484375 478.36175537109375 529.8009033203125 558.7342529296875 510.745819091796875 583.108154296875 571.36871337890625 490.33135986328125 nan nan nan nan nan nan nan nan nan nan nan nan nan nan nan nan nan nan nan nan nan nan nan nan nan nan nan nan
nan nan nan nan nan nan nan nan nan nan nan nan nan nan nan nan nan nan nan nan nan 503.554046630859375 482.746337890625 475.200653076171875 462.75384521484375 423.800567626953125 391.692230224609375 359.26373291015625 387.86474609375 473.151702880859375 443.19427490234375 434.4320068359375 463.75244140625 471.80230712890625 nan nan nan nan nan nan nan nan nan nan nan nan nan nan nan nan nan nan nan nan nan nan nan nan nan nan nan nan nan nan nan
nan nan nan nan nan nan nan nan nan nan nan nan nan nan nan nan nan nan nan nan nan 540.9122314453125 516.56964111328125 485.429443359375 448.46832275390625 414.499359130859375 378.398834228515625 361.443084716796875 392.118194580078125 391.084747314453125 390.9937744140625 426.69140625 467.050384521484375 nan nan nan nan nan nan nan nan nan nan nan nan nan nan nan nan nan nan nan nan nan nan nan nan nan nan nan nan nan nan nan nan
nan nan nan nan nan nan nan nan nan nan nan nan nan nan nan nan nan nan nan nan nan 553.5755615234375 528.978515625 507.67291259765625 477.31488037109375 437.195159912109375 392.103729248046875 398.4742431640625 414.818389892578125 417.91583251953125 nan 461.144012451171875 464.230743408203125 nan nan nan nan nan nan nan nan nan nan nan nan nan nan nan nan nan nan nan nan nan nan nan nan nan nan nan nan nan nan nan nan
nan nan nan nan nan nan nan nan nan nan nan nan nan nan nan nan nan nan nan nan nan nan 539.3045654296875 496.236175537109375 475.482391357421875 445.67535400390625 426.037109375 449.659942626953125 453.325103759765625 459.70733642578125 nan nan nan nan nan nan nan nan nan nan nan nan nan nan nan nan nan nan nan nan nan nan nan nan nan nan nan nan nan nan nan nan nan nan nan
nan nan nan nan nan nan nan nan nan nan nan nan nan nan nan nan nan nan nan nan nan nan 504.271209716796875 485.940765380859375 484.30841064453125 449.1160888671875 456.5543212890625 488.85247802734375 517.2890625 536.98028564453125 nan nan nan nan nan nan nan nan nan nan nan nan nan nan nan nan nan nan nan nan nan nan nan nan nan nan nan nan nan nan nan nan nan nan nan
nan nan nan nan nan nan nan nan nan nan nan nan nan nan nan nan nan nan nan nan nan nan 467.444305419921875 468.58245849609375 467.178802490234375 453.90093994140625 437.0389404296875 nan 506.541961669921875 518.138427734375 nan nan nan nan nan nan nan nan nan nan nan nan nan nan nan nan nan nan nan nan nan nan nan nan nan nan nan nan nan nan nan nan nan nan nan
nan nan nan nan nan nan nan nan nan nan nan nan nan nan nan nan nan nan nan nan nan nan 499.6536865234375 465.346038818359375 446.132049560546875 458.87066650390625 457.91229248046875 nan nan nan nan nan nan nan nan nan nan nan nan nan nan nan nan nan nan nan nan nan nan nan nan nan nan nan nan nan nan nan nan nan nan nan nan nan nan
nan nan nan nan nan nan nan nan nan nan nan nan nan nan nan nan nan nan nan nan nan nan nan 479.355804443359375 429.62164306640625 433.29669189453125 456.50567626953125 nan nan nan nan nan nan nan nan nan nan nan nan nan nan nan nan nan nan nan nan nan nan nan nan nan nan nan nan nan nan nan nan nan nan nan nan nan nan
nan nan nan nan nan nan nan nan nan nan nan nan nan nan nan nan nan nan nan nan nan nan nan 446.273284912109375 427.284454345703125 431.953155517578125 nan nan nan nan nan nan nan nan nan nan nan nan nan nan nan nan nan nan nan nan nan nan nan nan nan nan nan nan nan nan nan nan nan nan nan nan nan nan nan
nan nan nan nan nan nan nan nan nan nan nan nan nan nan nan nan nan nan nan nan nan nan nan 446.46539306640625 442.269439697265625 nan nan nan nan nan nan nan nan nan nan nan nan nan nan nan nan nan nan nan nan nan nan nan nan nan nan nan nan nan nan nan nan nan nan nan nan nan nan nan nan
nan nan nan nan nan nan nan nan nan nan nan nan nan nan nan nan nan nan nan nan nan nan 480.042877197265625 nan nan nan nan nan nan nan nan nan nan nan nan nan nan nan nan nan nan nan nan nan nan nan nan nan nan nan nan nan nan nan nan nan nan nan nan nan nan nan nan nan nan
nan nan nan nan nan nan nan nan nan nan nan nan nan nan nan nan nan nan nan nan 577.23291015625 558.8365478515625 nan nan nan nan nan nan nan nan nan nan nan nan nan nan nan nan nan nan nan nan nan nan nan nan nan nan nan nan nan nan nan nan nan nan nan nan nan nan nan nan nan nan nan
nan nan nan nan nan nan nan nan nan nan nan nan nan nan nan nan nan nan nan nan nan nan nan nan nan nan nan nan nan nan nan nan nan nan nan nan nan nan nan nan nan nan nan nan nan nan nan nan nan nan nan nan nan nan nan nan nan nan nan nan nan nan nan nan nan
nan nan nan nan nan nan nan nan nan nan nan nan nan nan nan nan nan nan nan nan nan nan nan nan nan nan nan nan nan nan nan nan nan nan nan nan nan nan nan nan nan nan nan nan nan nan nan nan nan nan nan nan nan nan nan nan nan nan nan nan nan nan nan nan nan
nan nan nan nan nan nan nan nan nan nan nan nan nan nan nan nan nan nan nan nan nan nan nan nan nan nan nan nan nan nan nan nan nan nan nan nan nan nan nan nan nan nan nan nan nan nan nan nan nan nan nan nan nan nan nan nan nan nan nan nan nan nan nan nan nan
nan nan nan nan nan nan nan nan nan nan nan nan nan nan nan nan nan nan nan nan nan nan nan nan nan nan nan nan nan nan nan nan nan nan nan nan nan nan nan nan nan nan nan nan nan nan nan nan nan nan nan nan nan nan nan nan nan nan nan nan nan nan nan nan nan
nan nan nan nan nan nan nan nan nan nan nan nan nan nan nan nan nan nan nan nan nan nan nan nan nan nan nan nan nan nan nan nan nan nan nan nan nan nan nan nan nan nan nan nan nan nan nan nan nan nan nan nan nan nan nan nan nan nan nan nan nan nan nan nan nan
nan nan nan nan nan nan nan nan nan nan nan nan nan nan nan nan nan nan nan nan nan nan nan nan nan nan nan nan nan nan nan nan nan nan nan nan nan nan nan nan nan nan nan nan nan nan nan nan nan nan nan nan nan nan nan nan nan nan nan nan nan nan nan nan nan
nan nan nan nan nan nan nan nan nan nan nan nan nan 583.8282470703125 nan nan nan nan nan nan nan nan nan nan nan nan nan nan nan nan nan nan nan nan nan nan nan nan nan nan nan nan nan nan nan nan nan nan nan nan nan nan nan nan nan nan nan nan nan nan nan nan nan nan nan
