rasters/edaphic_/soc.asc
ncols        720
nrows        300
xllcorner    -180.000000000000
yllcorner    -60.000000000000
cellsize     0.500000000000
NODATA_value  nan
[rows 29 to 57 of 300, columns 455 to 519 of 720]
nan nan nan nan nan nan nan nan nan nan nan nan nan nan nan nan nan nan nan nan 1207.14599609375 nan nan nan nan nan nan 1356.1392822265625 nan nan nan nan nan nan nan nan nan nan nan nan nan nan nan nan nan nan nan nan nan nan nan nan nan nan nan nan nan nan nan nan nan nan nan nan nan
nan nan nan nan nan nan nan nan nan nan nan nan nan nan nan nan nan 1293.328125 nan nan nan nan nan 1354.52099609375 1310.9185791015625 nan nan nan nan nan nan nan nan nan nan nan nan nan nan nan nan nan nan nan nan nan nan nan nan nan nan nan nan nan nan nan nan nan nan nan nan nan nan nan nan
nan nan nan nan nan nan nan nan nan nan nan nan nan nan nan nan nan nan nan nan 1271.0501708984375 1251.3828125 nan nan nan nan nan nan nan nan nan nan nan nan nan nan nan nan nan nan nan nan nan nan nan nan nan nan nan nan nan nan nan nan nan nan nan nan nan nan nan nan nan nan nan
nan nan nan nan nan nan nan nan nan nan nan nan nan 1256.232666015625 1249.8271484375 1239.825439453125 1227.7083740234375 1261.899169921875 nan 1228.3792724609375 1149.3363037109375 nan nan nan nan nan nan nan nan nan nan nan nan nan nan nan nan nan nan nan nan nan nan nan nan nan nan nan nan nan nan nan nan nan nan nan nan nan nan nan nan nan nan nan nan
nan nan nan nan nan nan nan nan nan nan nan nan nan 1212.2779541015625 1235.903564453125 1239.2225341796875 1222.60791015625 nan 1135.0966796875 nan nan nan nan nan nan nan nan nan nan nan nan nan nan nan nan nan nan nan nan nan nan nan nan nan nan 1350.5777587890625 1347.550537109375 1385.6195068359375 nan nan nan nan nan nan nan nan nan nan nan nan nan nan nan nan nan
nan nan nan nan nan nan nan nan nan nan 1126.401611328125 1151.74755859375 1179.086669921875 1228.3887939453125 1235.0009765625 1132.1785888671875 1040.922119140625 nan nan nan nan nan nan nan nan nan nan nan nan nan nan nan nan nan nan nan nan nan nan nan nan nan nan nan 1283.43701171875 1299.3839111328125 1300.3756103515625 1266.429443359375 1251.959716796875 nan nan nan nan nan nan 1306.5487060546875 nan nan nan nan nan nan 1281.4888916015625 1273.510986328125 nan
nan nan nan nan nan nan nan nan nan nan 1110.444580078125 1135.6202392578125 1180.78173828125 1176.0980224609375 1103.59228515625 1028.5496826171875 nan nan nan nan nan nan nan nan nan nan nan nan nan nan nan nan nan nan nan nan nan nan nan nan nan nan nan 1320.58251953125 1278.134521484375 1274.4254150390625 1256.1131591796875 1239.7730712890625 1239.876953125 1251.4344482421875 1272.515380859375 nan nan nan nan 1266.8060302734375 nan nan nan nan nan 1253.8499755859375 1230.4420166015625 1227.749755859375 nan
nan nan nan nan nan nan nan nan 1151.069580078125 1068.6312255859375 1049.4801025390625 1080.9141845703125 1087.215576171875 1044.4647216796875 968.622314453125 909.92657470703125 nan nan nan nan nan nan nan nan nan nan nan nan nan nan nan nan nan nan nan nan nan nan nan nan nan nan 1379.8538818359375 1357.2144775390625 1303.37451171875 1279.8377685546875 nan nan 1307.765625 nan nan nan 1192.6336669921875 1228.5791015625 1257.7587890625 nan nan 1227.7275390625 1242.4462890625 1256.3443603515625 1244.166015625 1240.7257080078125 1221.3590087890625 nan 1214.6337890625
nan nan nan nan nan nan nan nan nan nan 1019.0068359375 nan 945.03729248046875 945.24176025390625 975.35980224609375 1017.148681640625 949.4556884765625 nan nan nan nan nan nan nan nan nan nan nan nan nan nan nan nan nan nan nan nan nan nan 1351.3013916015625 1357.4210205078125 1371.5052490234375 1371.4884033203125 1349.940673828125 1286.600830078125 1253.78955078125 1289.304931640625 1308.311767578125 1318.8739013671875 nan nan nan 1251.513671875 1290.266357421875 1272.2962646484375 1255.9683837890625 nan nan nan nan nan nan 1208.4676513671875 nan nan
nan nan nan nan nan nan nan nan nan nan nan nan nan 955.5299072265625 922.74713134765625 915.5888671875 874.96466064453125 902.78271484375 nan 923.59637451171875 nan nan nan nan nan nan nan nan nan nan nan nan nan nan nan nan nan nan nan nan 1329.64306640625 1330.8299560546875 1349.70947265625 1365.240478515625 1351.452880859375 1341.716064453125 1337.5870361328125 nan nan 1341.5888671875 nan nan nan 1280.3685302734375 1294.721435546875 1276.53662109375 1252.238525390625 1188.39990234375 1169.714599609375 1219.0589599609375 nan 1222.2684326171875 1229.03369140625 1204.560546875 1211.0267333984375
nan nan nan nan nan nan nan nan nan nan nan nan nan nan nan nan nan nan nan nan nan nan nan 806.50140380859375 nan nan nan nan nan nan nan nan nan nan nan nan nan nan nan 1233.6549072265625 1262.4095458984375 1271.8690185546875 nan nan 1351.6693115234375 1297.8311767578125 1282.7498779296875 1290.325927734375 1295.3626708984375 1267.812255859375 nan nan nan 1214.1009521484375 1257.446044921875 1245.0023193359375 1205.7576904296875 1143.7965087890625 1097.55419921875 1074.12890625 1110.3701171875 1129.623291015625 1149.403564453125 1194.72314453125 1225.048583984375
nan nan nan nan nan nan nan nan nan nan nan nan nan nan nan nan nan nan nan nan nan nan nan nan 798.34893798828125 814.911376953125 nan 748.4759521484375 nan nan nan nan nan nan nan nan nan nan nan 1224.29345703125 1249.7401123046875 1217.013427734375 nan 1215.49658203125 1195.3846435546875 nan 1190.917724609375 1223.270751953125 nan 1218.446044921875 nan nan 1083.2706298828125 1122.260986328125 1154.8658447265625 1154.9395751953125 1157.61572265625 1140.3328857421875 1127.36767578125 1113.0869140625 1126.1644287109375 1161.8609619140625 1154.0589599609375 1166.504150390625 1198.2989501953125
nan nan 1131.280029296875 1117.1185302734375 1130.4566650390625 nan nan nan nan nan nan nan nan nan nan nan nan nan nan nan nan nan nan nan nan nan 781.14044189453125 758.30712890625 767.31317138671875 865.5108642578125 955.414794921875 987.6907958984375 1045.7508544921875 1165.9727783203125 nan nan nan nan nan nan nan 1170.8238525390625 1146.379638671875 1142.2099609375 nan nan nan nan 1164.720703125 nan nan nan nan 1080.75048828125 1122.1156005859375 1147.690673828125 1151.26513671875 1171.785888671875 1158.8045654296875 1146.434814453125 1148.9608154296875 1154.06298828125 1151.4805908203125 1182.7430419921875 1190.733154296875
nan nan 1123.2503662109375 1106.296142578125 nan nan nan nan nan nan nan 1059.576171875 1083.6312255859375 nan nan nan nan nan nan nan nan nan 833.67352294921875 815.04058837890625 nan nan 905.74273681640625 862.7064208984375 886.84503173828125 965.98492431640625 1080.0535888671875 1093.71728515625 1201.8984375 1257.99365234375 1174.3829345703125 1075.523681640625 nan 892.90850830078125 873.95831298828125 892.55047607421875 nan nan nan nan nan 1062.731201171875 nan 1055.9591064453125 1069.8858642578125 1122.479736328125 nan nan nan nan nan 990.07171630859375 1000.35546875 1042.5726318359375 nan nan 1114.4371337890625 1149.241943359375 1183.6900634765625 1229.4866943359375 1210.60595703125
nan nan nan nan nan nan 1083.225341796875 1106.1749267578125 1054.3233642578125 1042.1693115234375 1002.65838623046875 nan 1092.986572265625 nan nan 960.3421630859375 933.07220458984375 912.3291015625 933.3660888671875 920.32940673828125 861.076171875 861.185791015625 859.959716796875 948.067138671875 nan 955.341796875 965.8135986328125 983.87933349609375 1039.7745361328125 1179.3287353515625 1230.5877685546875 1085.9228515625 1253.1639404296875 1345.4447021484375 1294.7564697265625 1263.96435546875 nan 873.0135498046875 877.83135986328125 904.044189453125 925.4228515625 nan 1003.47314453125 nan 986.3231201171875 942.14190673828125 932.79412841796875 937.87322998046875 990.66400146484375 989.24017333984375 1016.916259765625 nan nan nan 992.98016357421875 1021.950439453125 1051.64453125 1081.2608642578125 1105.8592529296875 nan nan 1205.774658203125 1227.634033203125 nan 1246.4007568359375
nan nan nan 1125.0552978515625 1098.302734375 1100.140869140625 1084.5272216796875 1073.6298828125 1093.41357421875 1086.6793212890625 nan 1111.7740478515625 1137.9521484375 1111.683349609375 1081.8966064453125 1080.5755615234375 1046.741943359375 1026.494384765625 990.34014892578125 984.890380859375 1009.48974609375 1006.40838623046875 970.64794921875 986.9912109375 1112.98876953125 1129.5123291015625 1205.8348388671875 1137.3935546875 1139.3310546875 1315.640380859375 1457.1015625 1236.71240234375 1293.4683837890625 1284.1058349609375 1251.147216796875 1243.2967529296875 986.22894287109375 874.89947509765625 923.60443115234375 1090.7249755859375 1045.1776123046875 1049.4053955078125 nan 1051.6534423828125 1025.81982421875 1045.8751220703125 nan nan nan nan 1033.5987548828125 nan nan nan nan 1058.5792236328125 1055.5904541015625 1085.039306640625 1113.89306640625 nan 1230.110107421875 1193.9822998046875 1149.9091796875 1191.1103515625 1268.38232421875
nan 1011.15203857421875 970.910888671875 1019.62884521484375 1069.5714111328125 nan 1106.7640380859375 1111.8751220703125 nan 1110.6639404296875 1136.89208984375 nan 1143.5118408203125 1167.7822265625 1248.0615234375 1283.804931640625 1263.1102294921875 1235.9150390625 1173.4005126953125 1121.2901611328125 1122.80078125 1072.72021484375 1073.1568603515625 1101.7650146484375 1162.0050048828125 1246.4141845703125 1337.3612060546875 1301.8494873046875 nan 1549.280029296875 1564.8631591796875 1515.9796142578125 1417.5748291015625 1289.3043212890625 1133.2047119140625 1035.285400390625 910.51629638671875 879.5123291015625 933.87939453125 1023.31817626953125 1020.90533447265625 1082.3916015625 1129.4610595703125 1111.213623046875 1162.4879150390625 1163.91357421875 nan 1168.1693115234375 1119.382568359375 nan nan nan nan 1062.844482421875 1108.177490234375 1111.9698486328125 1108.5078125 1127.737060546875 1150.60791015625 1200.3470458984375 1197.7886962890625 1180.6168212890625 1254.415283203125 nan 1325.8101806640625
1073.404296875 1019.3145751953125 971.7598876953125 1016.475341796875 1018.07684326171875 1048.214111328125 1094.0601806640625 1102.5826416015625 1056.855712890625 1076.2447509765625 1106.1634521484375 1141.2293701171875 1112.54833984375 1120.0196533203125 1271.21533203125 1302.18701171875 1250.316650390625 1138.0394287109375 1184.14013671875 1226.345458984375 1190.947509765625 1151.8448486328125 1191.5909423828125 1247.6260986328125 1287.716064453125 1325.0828857421875 1366.316650390625 1461.5972900390625 1551.4586181640625 1463.1728515625 1399.8258056640625 1406.8843994140625 1266.6685791015625 1081.7431640625 1014.3519287109375 1022.5946044921875 1045.7843017578125 1056.01318359375 1121.375 1108.776123046875 1106.299072265625 nan 1155.8323974609375 1216.1533203125 nan 1199.8426513671875 nan 1203.5823974609375 nan nan nan nan 1102.633056640625 1128.316162109375 1139.1453857421875 1121.470947265625 1163.695068359375 1187.0498046875 1162.174072265625 1139.69384765625 nan 1192.82275390625 1293.8541259765625 1309.272705078125 nan
1044.064697265625 1016.26715087890625 1004.06640625 1010.7213134765625 1021.68353271484375 1028.0341796875 1045.8817138671875 1048.0557861328125 1007.39398193359375 1066.7677001953125 1083.125732421875 1125.4351806640625 1108.6114501953125 1074.91162109375 1148.629638671875 1129.850341796875 nan 1148.699951171875 1161.39892578125 1196.801513671875 1131.486328125 1131.2391357421875 1084.2401123046875 1130.251220703125 1229.4288330078125 1232.0369873046875 1198.5928955078125 1194.041015625 1171.029296875 1120.2935791015625 1032.458984375 931.17242431640625 955.87530517578125 1083.08984375 nan 1269.0792236328125 1241.5128173828125 nan 1205.74072265625 1189.400634765625 1205.557373046875 1232.9815673828125 1288.86376953125 1325.22119140625 1258.337646484375 1197.1063232421875 1221.138427734375 1268.2916259765625 1256.0997314453125 1206.4864501953125 1224.8994140625 1201.245849609375 1179.0489501953125 1142.770751953125 1099.56298828125 nan 1153.7081298828125 1143.9171142578125 1169.973388671875 1189.0074462890625 1194.586669921875 1202.9937744140625 nan 1258.4189453125 nan
1042.099853515625 1012.89337158203125 947.9644775390625 953.572265625 996.31439208984375 1030.824462890625 1050.958984375 1031.6239013671875 982.4075927734375 nan 966.313720703125 968.7108154296875 993.11346435546875 1007.44189453125 1025.3834228515625 1021.61358642578125 1085.1573486328125 1122.405517578125 nan 1148.959716796875 1098.303466796875 932.0455322265625 912.4486083984375 1010.48406982421875 1020.1707763671875 946.67425537109375 913.11956787109375 912.45269775390625 882.02813720703125 861.6552734375 867.89166259765625 933.17352294921875 1143.54052734375 1243.42333984375 1235.2420654296875 nan 1218.7384033203125 1255.680419921875 1271.9603271484375 1270.8302001953125 1303.0579833984375 1301.845458984375 1253.3397216796875 1226.14599609375 1213.787353515625 1203.97705078125 1203.3311767578125 1240.59619140625 1252.681884765625 1215.0750732421875 1209.917236328125 1178.376220703125 1141.7769775390625 1144.5262451171875 1107.0133056640625 1170.981689453125 1203.893310546875 1151.693359375 1176.80078125 1195.832275390625 1182.9566650390625 nan 1229.3897705078125 1243.8387451171875 1214.2437744140625
933.885986328125 901.874267578125 887.9781494140625 914.66314697265625 924.0260009765625 955.1253662109375 979.37841796875 959.00653076171875 954.157470703125 946.89813232421875 918.924072265625 971.8621826171875 1017.98779296875 1016.5980224609375 977.0533447265625 979.820556640625 1048.4583740234375 1103.8868408203125 1088.4794921875 1021.99365234375 899.227783203125 840.0540771484375 842.69976806640625 858.3814697265625 882.8936767578125 920.3697509765625 902.56146240234375 887.09893798828125 873.3870849609375 1000.67474365234375 1082.6123046875 1182.3634033203125 1292.2529296875 1239.8056640625 nan nan 1192.7738037109375 1202.1639404296875 1210.0450439453125 1212.9979248046875 1242.799072265625 1255.4390869140625 1221.65380859375 1215.1844482421875 1234.5794677734375 1225.4627685546875 1206.028076171875 1204.03515625 1238.09716796875 1242.01171875 1224.2393798828125 1201.364501953125 1193.525634765625 1194.1923828125 1191.162353515625 1230.6649169921875 1225.09521484375 1179.2757568359375 1190.9266357421875 1201.7210693359375 1210.8143310546875 1247.5570068359375 1219.4571533203125 1151.027587890625 1117.236083984375
883.7525634765625 876.4969482421875 885.01177978515625 911.1993408203125 923.83233642578125 913.95733642578125 917.297607421875 906.05340576171875 879.4376220703125 849.54443359375 849.65380859375 900.2540283203125 948.002685546875 928.87060546875 958.9278564453125 975.69091796875 969.84075927734375 1044.7037353515625 1052.5313720703125 964.694091796875 935.8441162109375 867.3250732421875 855.394287109375 866.2132568359375 856.6392822265625 840.55731201171875 851.89990234375 909.56317138671875 959.7169189453125 1119.1929931640625 1142.9554443359375 1208.3134765625 1340.6943359375 1359.2303466796875 1274.199951171875 1236.6748046875 1173.156005859375 1155.7137451171875 1136.9771728515625 1131.1689453125 1167.0360107421875 1184.3905029296875 1139.088134765625 1194.15771484375 1198.948486328125 1194.0048828125 1213.3857421875 1189.3433837890625 1241.53857421875 1250.1324462890625 1247.18408203125 nan 1237.9093017578125 1255.3607177734375 1234.97412109375 1205.8150634765625 1214.6788330078125 1231.384521484375 1234.1832275390625 1236.203125 1276.34521484375 1303.208984375 1264.69873046875 1202.0150146484375 1201.2647705078125
844.53521728515625 851.7227783203125 881.28497314453125 861.34454345703125 852.20550537109375 862.4351806640625 880.21014404296875 902.547119140625 913.816650390625 853.7047119140625 854.30364990234375 867.6883544921875 876.75823974609375 891.8604736328125 921.6026611328125 957.0867919921875 1021.716552734375 1024.828369140625 934.5343017578125 921.12933349609375 880.7105712890625 818.84027099609375 828.5753173828125 835.4951171875 812.86102294921875 819.18731689453125 1025.7353515625 1162.36767578125 1110.3184814453125 1113.8525390625 1194.4722900390625 1206.18359375 1163.6546630859375 1101.47509765625 1034.384521484375 1117.5625 nan 1077.1063232421875 1010.29473876953125 1052.1094970703125 1091.363037109375 1107.2960205078125 1080.646240234375 1130.3221435546875 1106.57666015625 1118.0654296875 1167.2398681640625 1175.3721923828125 1178.9554443359375 1175.727783203125 1201.6805419921875 1192.9052734375 nan 1203.686767578125 1196.199462890625 1184.7081298828125 1200.0615234375 1180.9036865234375 1203.576416015625 1215.4853515625 1235.33203125 1230.4481201171875 nan 1172.875 nan
846.55181884765625 840.5596923828125 846.68206787109375 840.870361328125 845.81011962890625 845.67669677734375 862.148193359375 902.8519287109375 917.005859375 881.05877685546875 882.31341552734375 848.19586181640625 nan 873.853271484375 887.00701904296875 905.4373779296875 927.99603271484375 930.1444091796875 nan 921.3797607421875 827.71319580078125 826.2554931640625 837.9254150390625 839.07745361328125 777.95806884765625 817.95654296875 903.328369140625 1024.542236328125 1080.2679443359375 1064.269287109375 1100.2115478515625 1051.3514404296875 997.03863525390625 1080.660400390625 1114.3331298828125 1137.5689697265625 1119.5927734375 1104.1400146484375 1046.220947265625 1028.4705810546875 990.908935546875 999.384765625 1025.36669921875 1038.202880859375 1022.72412109375 1054.2650146484375 1086.782470703125 nan nan 1135.9940185546875 1133.867431640625 1097.3345947265625 1100.68994140625 1111.25927734375 1149.8619384765625 1174.9161376953125 1187.8251953125 1192.2840576171875 1213.09423828125 nan 1248.9500732421875 1270.4560546875 1235.8179931640625 1239.703857421875 1296.947265625
843.65631103515625 833.266357421875 831.354248046875 837.53759765625 839.26605224609375 826.0819091796875 819.6732177734375 875.23687744140625 913.02972412109375 890.82904052734375 867.986328125 861.13433837890625 850.60406494140625 872.814453125 868.50933837890625 871.5845947265625 882.01593017578125 nan 935.71966552734375 872.3038330078125 823.033447265625 856.68450927734375 853.51007080078125 820.9234619140625 751.2425537109375 808.639404296875 896.77105712890625 1046.72412109375 999.04974365234375 1038.667724609375 1088.0750732421875 1034.9580078125 991.24859619140625 1067.6358642578125 1105.88037109375 1006.36700439453125 949.78326416015625 1033.0660400390625 1044.287353515625 1035.2052001953125 1000.93560791015625 988.99859619140625 964.018798828125 983.190185546875 991.4844970703125 1013.09466552734375 1013.486572265625 985.43603515625 1023.697998046875 1048.166259765625 1027.3798828125 992.638671875 1030.1614990234375 1052.1302490234375 1113.4229736328125 1182.1292724609375 1218.177978515625 1249.572998046875 1247.2142333984375 1252.877685546875 1242.9990234375 nan 1274.1512451171875 1325.0614013671875 1351.0855712890625
819.494140625 806.4757080078125 794.28271484375 807.0753173828125 778.97332763671875 772.5369873046875 828.83447265625 854.3115234375 865.270263671875 876.1268310546875 840.72698974609375 805.11077880859375 836.16693115234375 873.80487060546875 867.54974365234375 856.643310546875 824.63739013671875 883.37646484375 978.1087646484375 909.70025634765625 819.364990234375 817.76470947265625 824.83709716796875 806.5166015625 737.96563720703125 707.50054931640625 761.29931640625 857.51165771484375 1068.140380859375 1145.696044921875 1117.857421875 1051.6671142578125 1037.7742919921875 1095.144287109375 1055.7310791015625 nan 900.84857177734375 917.2532958984375 930.27557373046875 939.2188720703125 984.6292724609375 1005.872802734375 983.4080810546875 1001.12872314453125 1031.9405517578125 1038.3428955078125 1044.096923828125 1001.51611328125 1032.312255859375 nan 1035.075439453125 nan nan 1063.0201416015625 1109.10546875 1158.24267578125 1177.2633056640625 1236.3682861328125 1320.3211669921875 1373.7694091796875 1345.005859375 1315.4674072265625 1330.7698974609375 1336.2711181640625 1314.5396728515625
809.85791015625 797.5133056640625 738.0284423828125 736.29522705078125 725.13232421875 728.307861328125 737.5406494140625 755.1876220703125 779.11285400390625 803.12017822265625 824.2125244140625 829.80462646484375 833.05804443359375 866.023681640625 857.7938232421875 855.3084716796875 853.6932373046875 938.45452880859375 932.4085693359375 871.24188232421875 809.9281005859375 819.08721923828125 818.72198486328125 819.41729736328125 703.17547607421875 645.2755126953125 684.54827880859375 775.23675537109375 892.73193359375 848.5150146484375 829.01373291015625 924.3175048828125 907.04541015625 918.56646728515625 917.16680908203125 935.31170654296875 938.31219482421875 928.01043701171875 900.8150634765625 861.19207763671875 927.35699462890625 1000.771240234375 1024.67041015625 1030.403564453125 1024.3487548828125 1034.24658203125 nan nan nan 1044.54052734375 nan 1003.181640625 1065.87548828125 nan 1079.85791015625 1132.5836181640625 1127.0301513671875 nan 1215.7283935546875 1266.4810791015625 1262.82373046875 1220.337646484375 1196.6297607421875 1240.19091796875 1247.254638671875
778.60955810546875 749.76385498046875 737.2828369140625 749.5615234375 722.1239013671875 716.5126953125 720.095703125 738.104248046875 750.03826904296875 772.74041748046875 780.03411865234375 794.1739501953125 782.80047607421875 805.44732666015625 852.30523681640625 846.37744140625 894.8184814453125 912.95025634765625 862.41619873046875 745.8309326171875 714.2684326171875 728.948974609375 739.92864990234375 741.23614501953125 603.9371337890625 584.9114990234375 592.5682373046875 659.03271484375 736.470703125 751.13641357421875 779.09222412109375 812.32568359375 806.4638671875 795.9102783203125 807.5341796875 835.50616455078125 837.17919921875 841.46514892578125 995.32373046875 nan 890.3492431640625 903.76104736328125 979.42535400390625 1055.4200439453125 1055.9910888671875 1051.6424560546875 999.43389892578125 974.36151123046875 978.32025146484375 1026.55810546875 nan 955.0252685546875 1042.426025390625 1095.1314697265625 1088.600341796875 1069.872802734375 1092.7091064453125 1103.1578369140625 1100.708740234375 1103.7528076171875 1142.831787109375 1127.0517578125 1103.5489501953125 1145.6766357421875 1141.2857666015625
710.30499267578125 715.24456787109375 726.54766845703125 727.216064453125 703.8607177734375 683.406982421875 667.89788818359375 680.35040283203125 672.048095703125 682.67620849609375 709.2332763671875 721.4814453125 678.7666015625 743.3289794921875 718.9566650390625 713.213623046875 745.71240234375 745.053955078125 692.58636474609375 637.94921875 621.48382568359375 655.7353515625 677.5343017578125 652.560302734375 537.95684814453125 539.30804443359375 537.3690185546875 555.3837890625 698.05340576171875 769.81524658203125 756.31964111328125 763.4842529296875 839.83441162109375 877.32672119140625 836.43194580078125 850.6104736328125 850.7320556640625 834.029541015625 888.635009765625 965.01019287109375 nan 903.12567138671875 871.21844482421875 nan nan 994.87774658203125 1001.81134033203125 nan nan 1026.455078125 980.75714111328125 983.34808349609375 1052.6812744140625 1086.306884765625 1085.1727294921875 1065.04345703125 1083.5089111328125 1060.8804931640625 1023.34454345703125 1030.2098388671875 1039.46630859375 1028.17431640625 1046.51953125 1067.8095703125 nan
