rasters/edaphic_/soc.asc
ncols        720
nrows        300
xllcorner    -180.000000000000
yllcorner    -60.000000000000
cellsize     0.500000000000
NODATA_value  nan
[rows 145 to 173 of 300, columns 195 to 259 of 720]
nan nan nan nan nan nan nan nan nan nan nan nan nan nan nan nan nan nan nan nan nan nan nan nan nan nan nan nan nan nan nan nan nan nan nan nan nan nan nan nan nan nan nan nan nan nan nan nan nan nan nan nan nan nan nan nan nan nan nan nan nan nan nan nan nan
nan nan nan nan nan nan nan nan nan nan nan nan nan nan nan nan nan nan nan nan nan nan nan nan nan nan nan nan nan nan nan nan nan nan nan nan nan nan nan nan nan nan nan nan nan nan nan nan nan nan nan nan nan nan nan nan nan nan nan nan nan nan nan nan nan
nan nan nan nan nan nan nan nan nan nan nan nan nan nan nan nan nan nan nan nan nan nan nan nan nan nan nan nan nan nan nan nan nan nan nan nan nan nan nan nan nan 336.138519287109375 nan nan nan nan nan nan nan nan nan nan nan nan nan nan nan nan nan nan nan nan nan nan nan
nan nan nan nan nan nan nan nan nan nan nan nan nan nan nan nan nan nan nan nan nan nan nan nan nan nan nan nan nan nan nan nan nan nan nan nan nan nan nan nan nan nan nan nan nan nan nan nan nan nan nan nan nan nan nan nan nan nan nan nan nan nan nan nan nan
nan nan nan nan nan nan nan nan nan nan nan nan nan nan nan nan nan nan nan nan nan nan nan nan nan nan nan nan nan nan nan nan nan nan nan nan nan nan nan nan nan nan 420.61663818359375 nan nan nan nan nan nan nan nan nan nan nan nan nan nan nan nan nan nan nan nan nan nan
nan nan nan nan nan nan nan nan nan nan nan nan nan nan nan nan nan nan nan nan nan nan nan nan nan nan nan nan nan nan nan nan nan nan nan nan nan nan nan nan nan nan nan nan nan nan nan nan nan nan nan nan nan nan nan nan nan nan nan nan nan nan nan nan nan
nan nan nan nan nan nan nan nan nan nan nan nan nan nan nan nan nan nan nan nan nan nan nan nan nan nan nan nan nan nan nan nan nan nan nan nan nan nan nan nan nan nan nan nan nan nan nan nan nan nan nan nan nan nan nan nan nan nan nan nan nan nan nan nan nan
nan nan nan nan nan nan nan nan nan nan nan nan nan nan nan nan nan nan nan nan nan nan nan nan nan nan nan nan nan nan nan nan nan nan nan nan nan nan nan nan nan nan nan nan nan nan nan nan nan nan nan nan nan nan nan nan nan nan nan nan nan nan nan nan nan
nan nan nan nan nan nan nan nan nan nan nan nan nan nan nan nan nan nan nan nan nan nan nan nan nan nan nan nan nan nan nan nan nan nan nan nan nan nan nan nan nan nan 466.674896240234375 nan nan nan nan nan nan nan nan nan nan nan nan nan nan nan nan nan nan nan nan nan nan
nan nan nan nan nan nan nan nan nan nan nan nan nan nan nan nan nan nan nan nan nan nan nan nan nan nan nan nan nan nan nan nan nan nan nan nan nan nan nan nan nan nan nan nan nan nan nan nan nan nan nan nan nan nan nan nan nan nan nan nan nan nan nan nan nan
nan nan nan nan nan nan nan nan nan nan nan nan nan nan nan nan nan nan nan nan nan 108.8130340576171875 111.638671875 nan nan nan nan nan nan nan nan nan nan nan nan nan nan nan nan nan nan nan nan nan nan nan nan nan nan nan nan nan nan nan nan nan nan nan nan nan nan nan nan nan nan
nan nan nan nan nan nan nan nan nan nan nan nan nan nan nan nan nan nan nan nan 108.89349365234375 103.3668060302734375 nan nan nan nan nan nan nan nan nan nan nan nan nan nan nan nan nan nan nan nan nan nan nan nan nan nan nan nan nan nan nan nan nan nan nan nan nan nan nan nan nan nan nan
nan nan nan nan nan nan nan nan nan nan nan nan nan nan nan nan nan nan nan 160.6798248291015625 141.751495361328125 nan nan nan 113.1338043212890625 149.0861663818359375 198.7328033447265625 225.0898895263671875 nan nan nan nan nan nan nan nan nan nan nan nan nan nan nan nan nan nan nan nan nan nan nan nan nan nan nan nan nan nan nan nan nan nan nan nan nan
nan nan nan nan nan nan nan nan nan nan nan nan nan nan nan 251.9485015869140625 350.256591796875 374.341827392578125 269.51348876953125 198.10516357421875 159.1215972900390625 169.8285980224609375 135.02215576171875 130.03875732421875 139.5412139892578125 152.4150390625 184.1819000244140625 196.3909759521484375 nan nan nan nan nan nan nan nan nan nan nan nan nan nan nan nan nan nan nan nan nan nan nan nan nan nan nan nan nan nan nan nan nan nan nan nan nan
nan nan nan nan nan nan nan nan nan nan nan nan nan nan 203.185791015625 204.6987152099609375 195.134429931640625 224.44378662109375 224.8361053466796875 264.5643310546875 171.1255950927734375 nan 165.549468994140625 176.1868438720703125 153.3600616455078125 146.2847747802734375 158.813323974609375 nan 191.7711334228515625 nan 180.099151611328125 177.412384033203125 202.4762115478515625 nan nan nan 189.9745025634765625 190.9865570068359375 224.8610992431640625 367.876800537109375 nan nan 373.464019775390625 nan nan nan nan nan nan nan nan nan nan nan nan nan nan nan nan nan nan nan nan nan nan
nan nan nan nan nan nan nan nan nan nan nan nan nan nan 200.9348602294921875 nan 167.7143402099609375 181.405670166015625 220.4461822509765625 236.6734161376953125 nan nan nan 203.4078216552734375 206.182525634765625 194.65936279296875 160.1394805908203125 152.9490509033203125 149.01080322265625 139.7255706787109375 138.261932373046875 134.3609619140625 128.7752838134765625 143.4243316650390625 146.62640380859375 142.8174285888671875 134.983428955078125 127.0576019287109375 142.9285125732421875 301.9254150390625 455.6622314453125 467.810882568359375 nan nan nan nan nan nan nan nan nan nan nan nan nan nan nan nan nan nan nan nan nan nan nan
551.263427734375 nan nan nan nan 342.67333984375 322.90960693359375 342.564422607421875 378.755615234375 nan nan nan nan nan 207.0907440185546875 nan nan 228.323333740234375 261.722198486328125 321.886505126953125 698.49334716796875 838.2451171875 nan 282.489227294921875 268.953887939453125 183.019744873046875 133.936004638671875 128.904998779296875 137.1207122802734375 119.81817626953125 112.3512725830078125 109.80611419677734375 103.9454345703125 nan 138.420623779296875 135.532867431640625 108.1835479736328125 96.70880889892578125 111.607269287109375 244.5407867431640625 396.936614990234375 468.8966064453125 623.72967529296875 nan nan nan nan nan nan nan nan nan nan nan nan nan nan nan nan nan nan nan nan nan nan
358.787078857421875 419.461944580078125 364.60174560546875 331.0594482421875 272.19073486328125 nan nan nan 318.266845703125 381.94818115234375 nan nan 308.577667236328125 294.68182373046875 271.800994873046875 413.211517333984375 332.1875 249.07110595703125 292.93023681640625 388.67401123046875 547.498046875 459.303070068359375 359.857086181640625 355.8560791015625 196.76953125 135.9698638916015625 132.8083038330078125 150.1557159423828125 153.45452880859375 138.78271484375 111.8296661376953125 103.98067474365234375 101.1587982177734375 103.4082794189453125 102.2589569091796875 102.9241943359375 99.483551025390625 96.29932403564453125 114.54261016845703125 172.03759765625 259.195404052734375 389.79278564453125 563.19683837890625 760.3658447265625 nan nan nan nan nan nan nan nan nan nan nan nan nan nan nan nan nan nan nan nan nan
nan 261.25335693359375 223.87994384765625 208.804046630859375 nan nan nan nan 380.106964111328125 360.90863037109375 387.10577392578125 nan 295.44873046875 230.4238128662109375 260.6796875 364.285247802734375 339.132080078125 243.3705902099609375 299.921112060546875 346.48602294921875 377.93341064453125 356.813323974609375 317.144317626953125 214.5364532470703125 136.1909942626953125 133.045379638671875 136.5538177490234375 153.5336761474609375 150.5602874755859375 140.4405517578125 132.7354278564453125 125.149566650390625 122.1895294189453125 117.99430084228515625 110.26982879638671875 113.11267852783203125 111.03142547607421875 116.54589080810546875 127.1860809326171875 164.1945648193359375 191.5298614501953125 209.9649505615234375 341.439178466796875 592.4600830078125 677.630615234375 822.6475830078125 nan nan nan nan nan nan nan nan nan nan nan nan nan nan nan nan nan nan nan
nan nan 206.232818603515625 211.065155029296875 nan nan nan nan 477.320587158203125 392.77142333984375 560.32794189453125 nan 441.574310302734375 349.1160888671875 275.742095947265625 376.578125 382.108367919921875 268.99591064453125 316.59307861328125 363.70819091796875 338.254180908203125 261.32000732421875 189.57757568359375 152.2273406982421875 141.8586578369140625 140.6472930908203125 130.9246826171875 132.9264678955078125 150.082977294921875 142.525848388671875 140.2190399169921875 150.7378082275390625 158.78619384765625 159.4404296875 178.1735382080078125 169.239593505859375 142.6508331298828125 130.13385009765625 121.8760833740234375 nan 151.6219482421875 174.5038299560546875 207.9097442626953125 241.8983001708984375 274.064483642578125 493.093841552734375 707.4117431640625 nan nan nan nan nan nan nan nan nan nan nan nan nan nan nan nan nan nan
nan nan nan 251.5130462646484375 nan nan nan nan nan 380.66534423828125 826.577880859375 1172.110595703125 645.59991455078125 554.7841796875 489.026824951171875 500.661224365234375 435.726165771484375 293.623504638671875 309.447906494140625 454.8160400390625 456.551666259765625 222.60113525390625 182.8719329833984375 139.955657958984375 129.087982177734375 135.62225341796875 134.6641082763671875 134.76458740234375 149.238983154296875 139.2660369873046875 148.2386627197265625 167.2391815185546875 158.61627197265625 161.1292266845703125 165.2338104248046875 151.1920623779296875 142.9642181396484375 134.16827392578125 128.447296142578125 nan 150.8710784912109375 155.04681396484375 159.5055389404296875 177.906646728515625 196.4537353515625 216.7013702392578125 363.11114501953125 524.43072509765625 nan nan nan nan nan nan nan nan nan nan nan nan nan nan nan nan nan
nan nan nan nan nan nan nan nan nan nan 1105.705078125 1555.9212646484375 687.661865234375 572.2950439453125 566.7091064453125 487.09149169921875 396.461639404296875 340.781951904296875 336.85546875 443.457427978515625 548.51458740234375 280.10052490234375 158.2757415771484375 144.109100341796875 133.9470977783203125 143.9559326171875 141.158782958984375 152.452972412109375 141.660614013671875 136.8784332275390625 155.677032470703125 178.1255645751953125 181.794708251953125 157.7261505126953125 163.9848480224609375 141.3614959716796875 144.435455322265625 148.24969482421875 160.5733184814453125 186.79718017578125 180.503509521484375 165.4471893310546875 164.5155792236328125 174.2128448486328125 179.258453369140625 188.7734527587890625 nan 413.61981201171875 562.69219970703125 nan nan nan nan nan nan nan nan nan nan nan nan nan nan nan nan
nan nan nan nan nan nan nan nan nan nan 1680.30517578125 2066.686279296875 1010.69384765625 512.19976806640625 612.58123779296875 437.35736083984375 357.1678466796875 372.16986083984375 392.410797119140625 468.609771728515625 480.719879150390625 227.04241943359375 155.5333099365234375 152.3321685791015625 139.2501373291015625 133.3318023681640625 131.9927978515625 136.105560302734375 137.35992431640625 164.1541748046875 172.9570465087890625 196.642852783203125 183.312469482421875 168.580963134765625 193.341461181640625 154.7760772705078125 146.7679901123046875 167.864501953125 177.124298095703125 198.8345947265625 205.5196075439453125 203.494964599609375 199.3554840087890625 196.5041351318359375 187.7732696533203125 199.4025115966796875 236.5858612060546875 318.0997314453125 336.42596435546875 434.72442626953125 nan nan nan nan nan nan nan nan nan nan nan nan nan nan nan
nan nan nan nan nan nan nan nan nan nan nan 2177.3544921875 1349.8525390625 561.26416015625 640.8902587890625 387.781036376953125 378.244171142578125 435.627838134765625 432.081787109375 473.61309814453125 299.810760498046875 159.700164794921875 158.479034423828125 169.8410491943359375 145.041229248046875 129.936767578125 137.8294830322265625 144.7601165771484375 173.918975830078125 191.5487823486328125 175.4815826416015625 213.8352203369140625 226.5841064453125 216.3672332763671875 231.191680908203125 179.463226318359375 166.2971038818359375 194.300628662109375 200.689422607421875 219.128082275390625 252.6497039794921875 251.0519561767578125 226.382476806640625 196.57464599609375 195.4500579833984375 197.273162841796875 192.871002197265625 194.432891845703125 192.7731170654296875 249.07305908203125 327.36383056640625 384.019561767578125 370.03436279296875 453.186431884765625 405.477874755859375 436.890960693359375 373.45562744140625 nan nan nan nan nan nan nan nan
nan nan nan nan nan nan nan nan nan nan 1771.316162109375 2025.6236572265625 1251.3306884765625 545.12701416015625 592.5762939453125 355.65325927734375 416.91705322265625 449.565155029296875 437.469329833984375 348.049774169921875 182.002288818359375 164.11669921875 165.259979248046875 nan 151.1725311279296875 144.3759918212890625 144.952545166015625 161.574462890625 178.3929901123046875 169.0173797607421875 181.236358642578125 202.2551727294921875 165.661346435546875 175.3799285888671875 224.677886962890625 194.232818603515625 182.558837890625 205.057403564453125 205.4130706787109375 205.07177734375 274.92926025390625 256.444793701171875 236.09710693359375 235.7098541259765625 204.8598785400390625 188.057037353515625 192.5575103759765625 182.0403900146484375 159.972686767578125 166.4151153564453125 222.542510986328125 236.896820068359375 249.9650421142578125 254.375762939453125 227.0022430419921875 252.0287628173828125 nan 250.5000457763671875 272.099945068359375 290.54180908203125 nan nan nan nan nan
nan nan nan nan nan nan nan nan nan nan 1798.2158203125 1773.3392333984375 773.617919921875 421.155914306640625 536.07647705078125 335.858978271484375 nan 503.622650146484375 351.42767333984375 204.0066070556640625 174.404205322265625 170.250823974609375 157.6884307861328125 153.410064697265625 143.307464599609375 144.975830078125 138.558807373046875 160.410308837890625 162.56787109375 142.8151702880859375 189.2345733642578125 224.110260009765625 166.31329345703125 167.155670166015625 211.619384765625 232.8957366943359375 254.952911376953125 217.0700531005859375 198.467071533203125 196.3975372314453125 226.379241943359375 218.19482421875 202.6454925537109375 219.5846099853515625 206.7410125732421875 192.8167266845703125 178.7205810546875 161.7001800537109375 147.888885498046875 154.0153045654296875 172.9250640869140625 176.0872344970703125 164.8838348388671875 169.3006744384765625 187.4623870849609375 197.3972015380859375 205.4073638916015625 219.01422119140625 237.183868408203125 274.648284912109375 337.83221435546875 nan nan nan nan
nan nan nan nan nan nan nan nan nan nan 1618.4722900390625 1483.232421875 512.72088623046875 464.335113525390625 383.515106201171875 279.575469970703125 525.9647216796875 457.73529052734375 232.42706298828125 179.6586151123046875 159.3903045654296875 154.8195343017578125 142.7160186767578125 140.1896820068359375 136.9962615966796875 129.6665191650390625 142.10064697265625 136.1219940185546875 140.271148681640625 149.8516693115234375 169.168304443359375 186.9046630859375 174.006072998046875 210.2231292724609375 255.912811279296875 268.382659912109375 243.2539215087890625 216.1843414306640625 201.62371826171875 191.816162109375 178.501953125 174.819976806640625 155.7267303466796875 162.5024261474609375 159.513702392578125 165.849517822265625 171.552978515625 147.816802978515625 144.5886383056640625 153.0970916748046875 168.587921142578125 174.0538482666015625 159.15313720703125 167.8904266357421875 197.4093475341796875 193.4276580810546875 195.35736083984375 211.6983795166015625 239.6481781005859375 253.656097412109375 305.889678955078125 370.209930419921875 nan nan nan
nan nan nan nan nan nan nan nan nan nan nan 784.7198486328125 381.30633544921875 500.764373779296875 277.894256591796875 373.883758544921875 551.0223388671875 324.44659423828125 184.206817626953125 163.5949249267578125 163.49041748046875 151.29205322265625 140.35137939453125 134.622955322265625 126.1441802978515625 134.1063690185546875 149.4246978759765625 152.2773895263671875 147.0174560546875 181.5740814208984375 194.27923583984375 194.932037353515625 191.6372528076171875 263.35174560546875 267.436370849609375 257.732818603515625 223.7380523681640625 193.6244659423828125 188.9862823486328125 194.5035247802734375 150.644744873046875 132.842803955078125 110.99665069580078125 132.4345550537109375 134.6966094970703125 131.62969970703125 134.461181640625 124.9084930419921875 135.8990020751953125 152.3892669677734375 156.623931884765625 175.7795257568359375 170.160888671875 155.2227630615234375 162.54290771484375 163.348297119140625 182.1085052490234375 230.6249847412109375 244.081146240234375 228.8933258056640625 253.97247314453125 300.272735595703125 370.750457763671875 nan nan
nan nan nan nan nan nan nan nan nan nan 1245.55224609375 513.32183837890625 388.55657958984375 478.14752197265625 293.148406982421875 433.48529052734375 346.618499755859375 230.9167022705078125 181.8476104736328125 165.744476318359375 162.504425048828125 146.1088104248046875 138.2287445068359375 138.082733154296875 131.1744842529296875 140.9105224609375 143.8684234619140625 144.453277587890625 164.2755279541015625 229.2025604248046875 221.7189788818359375 217.860443115234375 211.14654541015625 245.1598663330078125 204.5924224853515625 230.88702392578125 243.571319580078125 178.875518798828125 160.5934295654296875 142.8476409912109375 128.370758056640625 111.84981536865234375 108.31121063232421875 109.10138702392578125 115.44106292724609375 138.08233642578125 148.55120849609375 129.58892822265625 135.438262939453125 148.64630126953125 154.009124755859375 152.50921630859375 162.265655517578125 147.1849212646484375 155.32940673828125 153.9794769287109375 161.29364013671875 179.003814697265625 196.2048492431640625 194.7147674560546875 204.000823974609375 225.312652587890625 263.877960205078125 nan nan
