rasters/edaphic_/soc.asc
ncols        720
nrows        300
xllcorner    -180.000000000000
yllcorner    -60.000000000000
cellsize     0.500000000000
NODATA_value  nan
[rows 232 to 260 of 300, columns 195 to 259 of 720]
nan nan nan nan nan nan nan nan nan nan nan nan nan nan nan nan nan nan nan nan nan nan nan nan 111.13947296142578125 133.03466796875 191.7645111083984375 177.796630859375 149.1916656494140625 117.5974578857421875 122.83814239501953125 139.048919677734375 131.6903839111328125 136.984527587890625 144.3763580322265625 146.7950897216796875 115.12288665771484375 106.607757568359375 108.53444671630859375 111.26248931884765625 109.094390869140625 118.17459869384765625 133.715606689453125 126.9903106689453125 121.46874237060546875 122.9180908203125 125.4394683837890625 113.5082244873046875 109.26987457275390625 124.853179931640625 136.20843505859375 133.32220458984375 137.6693267822265625 152.0886993408203125 161.966644287109375 158.6906585693359375 182.30633544921875 233.2037506103515625 259.049468994140625 257.271484375 266.844970703125 279.247833251953125 309.478607177734375 362.1812744140625 319.982421875
nan nan nan nan nan nan nan nan nan nan nan nan nan nan nan nan nan nan nan nan nan nan nan nan 118.0785675048828125 173.7454986572265625 201.9223175048828125 185.829864501953125 160.822601318359375 137.3040008544921875 130.3535003662109375 125.439422607421875 111.06241607666015625 166.2038726806640625 156.280029296875 119.58612060546875 106.08650970458984375 103.87870025634765625 110.08905792236328125 115.476654052734375 114.3478546142578125 115.59393310546875 120.92531585693359375 122.4897003173828125 123.01197052001953125 124.50008392333984375 120.07884979248046875 111.1274261474609375 108.746856689453125 117.198150634765625 131.9898834228515625 134.492706298828125 139.87701416015625 151.4705352783203125 156.392852783203125 167.275146484375 213.7042694091796875 273.274444580078125 288.047882080078125 293.908203125 295.387054443359375 269.191741943359375 277.902557373046875 304.576141357421875 369.480316162109375
nan nan nan nan nan nan nan nan nan nan nan nan nan nan nan nan nan nan nan nan nan nan nan 121.43437957763671875 117.83385467529296875 189.4173583984375 206.73284912109375 182.5411376953125 162.129119873046875 133.86553955078125 137.119537353515625 105.67881011962890625 150.8554229736328125 191.1571502685546875 123.12543487548828125 106.91138458251953125 101.558441162109375 99.720001220703125 105.036407470703125 113.11142730712890625 111.30971527099609375 110.84075927734375 117.087066650390625 120.74725341796875 123.6201171875 125.26068115234375 112.215087890625 108.93215179443359375 107.16588592529296875 120.04169464111328125 140.95111083984375 141.2611846923828125 150.75634765625 163.359893798828125 176.0421600341796875 196.0950775146484375 217.608306884765625 267.3397216796875 278.297393798828125 312.030487060546875 318.6160888671875 243.60626220703125 238.6243896484375 260.95196533203125 383.0311279296875
nan nan nan nan nan nan nan nan nan nan nan nan nan nan nan nan nan nan nan nan nan nan nan 115.526641845703125 136.9721832275390625 234.63641357421875 204.1591949462890625 173.59765625 181.1412811279296875 135.1765289306640625 120.436004638671875 85.4348297119140625 111.78115081787109375 161.654571533203125 118.2456817626953125 103.84725189208984375 nan 93.42592620849609375 103.51406097412109375 112.52869415283203125 109.46073150634765625 111.9547882080078125 114.16841888427734375 116.11217498779296875 133.2808380126953125 139.184417724609375 112.6233978271484375 102.4574127197265625 99.365234375 nan 145.189910888671875 178.1266326904296875 160.4599456787109375 170.5827484130859375 194.687408447265625 204.2691497802734375 200.2340087890625 238.95013427734375 245.3992767333984375 238.3081207275390625 229.6566925048828125 213.0691070556640625 225.2605133056640625 266.300811767578125 338.696014404296875
nan nan nan nan nan nan nan nan nan nan nan nan nan nan nan nan nan nan nan nan nan nan nan 121.17986297607421875 178.9466400146484375 252.787139892578125 183.543914794921875 176.7868194580078125 183.5357208251953125 152.6362152099609375 91.09104156494140625 66.33054351806640625 109.0539093017578125 151.059295654296875 125.94849395751953125 102.914825439453125 89.975921630859375 91.90338897705078125 99.4315643310546875 112.2221221923828125 114.982177734375 113.88451385498046875 112.3863525390625 119.30049896240234375 127.19173431396484375 123.09580230712890625 109.57607269287109375 100.861663818359375 103.97955322265625 128.22821044921875 170.44171142578125 172.807952880859375 154.2354888916015625 nan 192.2137451171875 214.7993316650390625 202.8256072998046875 203.3324432373046875 207.12432861328125 208.1455078125 211.774932861328125 212.943695068359375 218.55145263671875 268.486785888671875 300.532440185546875
nan nan nan nan nan nan nan nan nan nan nan nan nan nan nan nan nan nan nan nan nan nan 177.1458587646484375 153.239410400390625 242.6609039306640625 230.191986083984375 187.4549560546875 169.1497344970703125 117.80558013916015625 158.9297332763671875 121.39846038818359375 95.6857757568359375 102.92598724365234375 110.95757293701171875 107.76625823974609375 95.6778106689453125 93.75504302978515625 93.98963165283203125 101.2691650390625 108.6251220703125 110.40460205078125 112.524749755859375 110.70313262939453125 120.08514404296875 nan 112.1439971923828125 106.154937744140625 92.66220855712890625 111.55962371826171875 129.6277008056640625 137.4146575927734375 136.669921875 141.5962677001953125 165.31597900390625 200.4501953125 212.0447998046875 193.839508056640625 186.6047821044921875 195.5372161865234375 199.3382568359375 234.6613311767578125 250.50457763671875 260.377655029296875 325.65252685546875 352.63818359375
nan nan nan nan nan nan nan nan nan nan nan nan nan nan nan nan nan nan nan nan nan nan 194.901580810546875 218.216064453125 287.624542236328125 246.34283447265625 235.3710784912109375 175.438629150390625 106.9937744140625 148.2304534912109375 109.8379974365234375 93.568695068359375 61.081089019775390625 73.3811187744140625 84.57709503173828125 90.24662017822265625 100.4417266845703125 102.6570892333984375 111.30257415771484375 114.0248260498046875 111.10874176025390625 111.459228515625 108.27982330322265625 113.591400146484375 117.5130767822265625 119.841339111328125 110.1686553955078125 94.940673828125 108.879730224609375 116.8683624267578125 121.31914520263671875 133.016448974609375 143.3217926025390625 164.352142333984375 189.7117462158203125 207.1063079833984375 199.986419677734375 195.39312744140625 209.197784423828125 216.9629058837890625 239.3161163330078125 248.6597137451171875 293.90130615234375 533.936279296875 584.88555908203125
nan nan nan nan nan nan nan nan nan nan nan nan nan nan nan nan nan nan nan nan nan nan 219.139984130859375 272.83209228515625 310.141387939453125 241.565093994140625 215.272674560546875 160.801025390625 90.3434906005859375 99.98822021484375 90.13946533203125 67.85953521728515625 63.3291168212890625 60.27982330322265625 78.09983062744140625 95.55694580078125 100.49744415283203125 115.6490325927734375 111.393218994140625 121.37041473388671875 129.6324615478515625 112.19397735595703125 111.24031829833984375 119.68373870849609375 116.83910369873046875 124.18532562255859375 111.6746063232421875 114.8057708740234375 127.08535003662109375 131.31549072265625 130.468658447265625 138.2672576904296875 146.4984893798828125 157.9478302001953125 173.5928955078125 185.0536041259765625 191.900299072265625 201.5323944091796875 217.99298095703125 213.2363128662109375 222.4845428466796875 233.9317169189453125 266.92376708984375 308.5994873046875 407.369293212890625
nan nan nan nan nan nan nan nan nan nan nan nan nan nan nan nan nan nan nan nan nan nan 225.593841552734375 353.470001220703125 422.89080810546875 284.43212890625 141.5111846923828125 116.32704925537109375 78.872283935546875 90.5716705322265625 66.19863128662109375 57.284061431884765625 69.62755584716796875 66.712066650390625 88.989776611328125 94.20148468017578125 111.3550567626953125 113.59645843505859375 114.1892547607421875 151.0565643310546875 nan 110.89754486083984375 107.2365264892578125 113.02164459228515625 116.5448455810546875 132.2173309326171875 123.59543609619140625 133.334197998046875 139.004730224609375 140.7393035888671875 142.72802734375 154.8338775634765625 159.6392974853515625 176.094879150390625 172.021942138671875 171.973297119140625 183.29931640625 196.48779296875 191.6773223876953125 198.003631591796875 212.1475677490234375 227.9288482666015625 nan 289.261016845703125 318.30181884765625
nan nan nan nan nan nan nan nan nan nan nan nan nan nan nan nan nan nan nan nan nan nan 253.7215728759765625 447.604339599609375 473.3026123046875 312.415771484375 156.44219970703125 109.65325164794921875 75.08791351318359375 96.19478607177734375 73.52219390869140625 72.990478515625 85.51300811767578125 71.12366485595703125 97.79192352294921875 114.46280670166015625 131.7470703125 106.7509613037109375 105.7026824951171875 nan nan 104.27721405029296875 103.84792327880859375 107.465362548828125 120.54680633544921875 148.2666473388671875 142.6493377685546875 144.9971771240234375 145.8910675048828125 153.37274169921875 166.8877105712890625 174.678741455078125 168.649749755859375 nan 169.062042236328125 182.9701690673828125 188.4134674072265625 199.34735107421875 198.5933685302734375 208.03448486328125 210.5563812255859375 231.1945953369140625 nan nan nan
nan nan nan nan nan nan nan nan nan nan nan nan nan nan nan nan nan nan nan nan nan nan 281.0770263671875 495.822265625 510.780303955078125 312.896820068359375 171.5135650634765625 122.86556243896484375 99.9385528564453125 106.09867095947265625 76.22782135009765625 67.984375 73.18712615966796875 76.00445556640625 115.57646942138671875 152.028961181640625 129.2008056640625 97.63797760009765625 96.19617462158203125 100.2998504638671875 101.611114501953125 100.37374114990234375 101.95980072021484375 111.41269683837890625 145.6173095703125 151.1882171630859375 151.22857666015625 151.4191436767578125 154.0641021728515625 165.002349853515625 185.3490142822265625 187.677154541015625 176.5843963623046875 181.449432373046875 172.4231414794921875 184.3726654052734375 187.4715576171875 195.764984130859375 208.3686981201171875 210.069793701171875 217.5765380859375 273.203948974609375 nan nan nan
nan nan nan nan nan nan nan nan nan nan nan nan nan nan nan nan nan nan nan nan nan nan 242.587432861328125 396.859405517578125 496.752532958984375 289.184295654296875 202.9557342529296875 134.6060028076171875 88.67485809326171875 68.57270050048828125 52.801380157470703125 63.662761688232421875 69.60723114013671875 78.5181427001953125 121.455474853515625 162.38348388671875 114.24210357666015625 95.1271514892578125 94.41692352294921875 95.40172576904296875 97.16086578369140625 97.750244140625 104.54663848876953125 nan 154.4478759765625 146.9793701171875 152.97137451171875 150.634124755859375 157.970947265625 165.204376220703125 183.4481048583984375 185.5345306396484375 179.01434326171875 172.3538818359375 171.890838623046875 182.69189453125 181.0965118408203125 195.8432464599609375 211.1279754638671875 216.297088623046875 276.2178955078125 nan nan nan nan
nan nan nan nan nan nan nan nan nan nan nan nan nan nan nan nan nan nan nan nan nan nan 244.805938720703125 367.143768310546875 500.831085205078125 394.144195556640625 214.610809326171875 105.2529296875 57.69431304931640625 53.932819366455078125 53.098236083984375 59.707798004150390625 73.1420440673828125 105.08852386474609375 121.792572021484375 151.3425140380859375 107.6439666748046875 92.62725067138671875 93.86685943603515625 94.94997406005859375 98.33795166015625 99.31534576416015625 105.8170928955078125 183.182403564453125 153.7323150634765625 142.6275787353515625 148.6307525634765625 146.9434051513671875 166.765411376953125 165.9161224365234375 173.7974700927734375 175.3537139892578125 171.1747589111328125 169.531158447265625 172.6606903076171875 180.323028564453125 182.6510162353515625 194.611907958984375 216.40264892578125 nan nan nan nan nan nan
nan nan nan nan nan nan nan nan nan nan nan nan nan nan nan nan nan nan nan nan nan nan 279.372650146484375 299.02264404296875 470.697540283203125 478.721160888671875 266.4847412109375 102.54839324951171875 67.06792449951171875 59.527233123779296875 54.275173187255859375 57.639934539794921875 111.98004913330078125 127.7910308837890625 103.23633575439453125 121.39894866943359375 94.8607177734375 88.21129608154296875 92.31813812255859375 94.2830963134765625 99.397674560546875 102.4378814697265625 106.7615203857421875 nan 269.94873046875 165.499603271484375 144.49560546875 145.6180572509765625 189.77166748046875 171.9876708984375 175.048248291015625 180.7490386962890625 nan 173.17181396484375 176.2393646240234375 182.5241241455078125 188.06732177734375 212.1559295654296875 266.173858642578125 nan nan nan nan nan nan
nan nan nan nan nan nan nan nan nan nan nan nan nan nan nan nan nan nan nan nan nan nan 304.391571044921875 299.265289306640625 471.11834716796875 494.717254638671875 227.0125274658203125 75.16558074951171875 59.339237213134765625 52.15659332275390625 54.76561737060546875 57.241603851318359375 90.12244415283203125 88.93701934814453125 86.88837432861328125 94.96404266357421875 89.908782958984375 88.04344940185546875 90.3033905029296875 92.891448974609375 98.25714874267578125 104.35768890380859375 110.24504852294921875 126.43253326416015625 nan nan 217.1703033447265625 175.1801300048828125 183.66815185546875 168.899169921875 177.889373779296875 180.831817626953125 179.2713470458984375 178.4459381103515625 178.9556121826171875 180.5247039794921875 193.2579498291015625 267.983917236328125 327.42413330078125 475.2679443359375 nan nan nan nan nan
nan nan nan 867.716796875 nan nan nan nan nan nan nan nan nan nan nan nan nan nan nan nan nan nan 287.836029052734375 nan 471.526519775390625 549.36041259765625 238.0050201416015625 75.02858734130859375 57.509319305419921875 51.978603363037109375 62.7468719482421875 66.04027557373046875 65.0430755615234375 63.650653839111328125 69.9727325439453125 82.7305145263671875 86.7525482177734375 89.69138336181640625 90.77596282958984375 91.581817626953125 102.3822784423828125 nan 118.58194732666015625 120.2957305908203125 126.98218536376953125 204.7588043212890625 268.4471435546875 283.726226806640625 191.728240966796875 158.691009521484375 176.828948974609375 184.604583740234375 181.398162841796875 186.4220733642578125 191.3656463623046875 194.90045166015625 214.1261138916015625 285.063140869140625 nan nan nan nan nan nan nan
nan nan nan nan nan nan nan nan nan nan nan nan nan nan nan nan nan nan nan nan nan 443.35321044921875 295.194793701171875 362.08856201171875 503.164520263671875 524.4063720703125 241.9261474609375 101.2427978515625 65.60250091552734375 55.680774688720703125 63.23639678955078125 66.94742584228515625 58.593990325927734375 53.83254241943359375 57.684112548828125 73.3997802734375 79.08541107177734375 88.6511383056640625 93.14546966552734375 93.42842864990234375 107.04163360595703125 111.104461669921875 120.10211181640625 122.9648284912109375 124.2918548583984375 130.320220947265625 158.0985565185546875 nan nan 180.8454742431640625 190.59527587890625 199.8091583251953125 198.1967620849609375 197.5204925537109375 220.5655059814453125 245.66668701171875 262.9478759765625 299.621490478515625 nan nan nan nan nan nan nan
nan nan nan nan nan nan nan nan nan nan nan nan nan nan nan nan nan nan nan nan nan 528.57012939453125 305.64642333984375 423.667633056640625 nan 420.438751220703125 184.437591552734375 125.43023681640625 77.9023590087890625 57.322078704833984375 57.562175750732421875 61.168033599853515625 58.297679901123046875 50.5592803955078125 55.900600433349609375 72.63239288330078125 85.30464935302734375 96.2945404052734375 93.09334564208984375 96.439788818359375 107.68103790283203125 110.89485931396484375 nan 125.16796875 127.66390228271484375 130.290771484375 137.0233154296875 147.9693756103515625 nan nan nan nan 242.70318603515625 227.3501129150390625 252.3923797607421875 280.5001220703125 nan nan nan nan nan nan nan nan nan
nan nan nan nan nan nan nan nan nan nan nan nan nan nan nan nan nan nan nan nan 902.39019775390625 560.90966796875 381.27197265625 496.7430419921875 553.51776123046875 294.993377685546875 136.6592254638671875 131.8697509765625 98.5145263671875 61.19396209716796875 58.837738037109375 60.850040435791015625 59.41214752197265625 56.381927490234375 65.6817169189453125 80.88854217529296875 91.50409698486328125 97.92839813232421875 100.3945159912109375 101.01285552978515625 106.33539581298828125 116.7041473388671875 128.350250244140625 130.8600616455078125 131.5138702392578125 133.5073394775390625 144.50262451171875 150.559326171875 166.5728759765625 207.10198974609375 nan nan nan nan nan nan nan nan nan nan nan nan nan nan nan
nan nan nan nan nan nan nan nan nan nan nan nan nan nan nan nan nan nan nan nan 825.279296875 463.50433349609375 497.044525146484375 514.64141845703125 484.033172607421875 265.540863037109375 144.1959075927734375 150.788482666015625 121.77880096435546875 69.44188690185546875 67.671875 64.0192108154296875 59.845233917236328125 63.08531951904296875 69.76505279541015625 88.08065032958984375 95.15612030029296875 95.3380279541015625 96.1490325927734375 107.29156494140625 120.3347930908203125 128.1308441162109375 135.3538360595703125 133.5225067138671875 129.798858642578125 137.488006591796875 150.1916656494140625 159.9317169189453125 175.35845947265625 205.601715087890625 nan nan nan nan nan nan nan nan nan nan nan nan nan nan nan
nan nan nan nan nan nan nan nan nan nan nan nan nan nan nan nan nan nan nan 1045.73095703125 713.41375732421875 499.2744140625 581.529296875 496.935516357421875 435.227294921875 239.5647430419921875 173.8238983154296875 138.20611572265625 97.9224395751953125 70.21712493896484375 66.56679534912109375 65.90200042724609375 59.38623046875 70.28476715087890625 81.0482177734375 94.76857757568359375 99.440155029296875 94.37361907958984375 95.06980133056640625 104.3707275390625 116.08496856689453125 122.7509613037109375 130.4775238037109375 135.18353271484375 137.6177520751953125 142.1552581787109375 155.9973907470703125 170.627777099609375 192.0911865234375 217.905029296875 324.105224609375 nan nan nan nan nan nan nan nan nan nan nan nan nan nan
nan nan nan nan nan nan nan nan nan nan nan nan nan nan nan nan nan nan nan 984.772216796875 632.0723876953125 581.75848388671875 669.2750244140625 426.29241943359375 350.698333740234375 184.5334625244140625 144.72698974609375 136.838287353515625 93.86687469482421875 69.41866302490234375 59.682315826416015625 65.78649139404296875 68.3503265380859375 75.75485992431640625 80.7259368896484375 89.90462493896484375 98.3528900146484375 nan 95.843719482421875 105.5334625244140625 118.88071441650390625 125.802764892578125 138.8067626953125 152.354278564453125 158.6126251220703125 160.121795654296875 160.7275848388671875 163.8665924072265625 180.003997802734375 224.00732421875 315.337158203125 374.792816162109375 nan nan nan nan nan nan nan nan nan nan nan nan nan
nan nan nan nan nan nan nan nan nan nan nan nan nan nan nan nan nan nan 892.76226806640625 874.7430419921875 636.85186767578125 586.06268310546875 694.71868896484375 383.517669677734375 248.5523529052734375 148.2841033935546875 110.71520233154296875 109.16782379150390625 73.17021942138671875 62.14942169189453125 67.76174163818359375 62.879451751708984375 64.00968170166015625 71.40819549560546875 76.01763153076171875 79.60781097412109375 89.599395751953125 97.66858673095703125 111.80519866943359375 nan 133.731292724609375 136.5068511962890625 148.9226837158203125 158.682861328125 174.9031524658203125 187.18505859375 184.123992919921875 181.18267822265625 194.12786865234375 227.6447906494140625 303.04278564453125 nan nan nan nan nan nan nan nan nan nan nan nan nan nan
nan nan nan nan nan nan nan nan nan nan nan nan nan nan nan nan nan nan 733.3189697265625 702.67791748046875 nan 648.05908203125 702.26953125 414.394317626953125 159.5844879150390625 97.444183349609375 103.5266571044921875 92.30797576904296875 52.556026458740234375 51.016971588134765625 58.38535308837890625 56.96410369873046875 60.88665008544921875 77.452911376953125 79.43517303466796875 82.30715179443359375 95.48732757568359375 103.62918853759765625 115.1634521484375 131.62518310546875 163.246368408203125 162.16961669921875 156.459197998046875 156.352142333984375 nan 200.18621826171875 208.25885009765625 209.89166259765625 214.312744140625 243.2185516357421875 nan nan nan nan nan nan nan nan nan nan nan nan nan nan nan
nan nan nan nan nan nan nan nan nan nan nan nan nan nan nan nan nan nan 690.46307373046875 578.3673095703125 588.906494140625 705.92987060546875 689.415771484375 407.995025634765625 120.822357177734375 77.29955291748046875 81.56679534912109375 84.61224365234375 59.4682464599609375 47.968608856201171875 49.943950653076171875 52.479991912841796875 63.86981201171875 82.24309539794921875 75.69078826904296875 83.15708160400390625 96.72237396240234375 114.72078704833984375 115.20013427734375 125.331756591796875 151.8235321044921875 169.88519287109375 160.5341949462890625 156.78509521484375 176.156219482421875 218.1281890869140625 231.7338104248046875 231.449188232421875 233.974395751953125 247.0691375732421875 nan nan nan nan nan nan nan nan nan nan nan nan nan nan nan
nan nan nan nan nan nan nan nan nan nan nan nan nan nan nan nan nan nan 701.9537353515625 632.566650390625 649.64501953125 nan 647.114990234375 436.7265625 129.049530029296875 62.115814208984375 56.944087982177734375 64.06757354736328125 71.0157318115234375 59.205165863037109375 53.568683624267578125 49.362117767333984375 54.09621429443359375 57.544902801513671875 63.1564788818359375 73.00101470947265625 99.12604522705078125 106.55966949462890625 105.909759521484375 110.47241973876953125 nan 152.0350341796875 164.0764312744140625 186.324493408203125 212.33868408203125 237.3780670166015625 nan nan nan nan nan nan nan nan nan nan nan nan nan nan nan nan nan nan nan
nan nan nan nan nan nan nan nan nan nan nan nan nan nan nan nan nan nan nan 827.73291015625 812.04315185546875 740.17584228515625 619.90167236328125 444.743988037109375 151.838592529296875 61.50995635986328125 60.732326507568359375 68.170562744140625 64.563079833984375 66.5029754638671875 63.00887298583984375 60.996067047119140625 63.50592803955078125 74.89952850341796875 64.273529052734375 61.5279998779296875 63.181766510009765625 76.86096954345703125 88.18686676025390625 97.08356475830078125 nan nan nan nan nan nan nan nan nan nan nan nan nan nan nan nan nan nan nan nan nan nan nan nan nan
nan nan nan nan nan nan nan nan nan nan nan nan nan nan nan nan nan nan nan 951.98541259765625 950.999267578125 758.19696044921875 565.40380859375 282.816192626953125 116.16440582275390625 69.93172454833984375 68.11864471435546875 60.065032958984375 52.1087646484375 51.157886505126953125 54.088104248046875 59.00019073486328125 51.703052520751953125 60.565814971923828125 78.3090362548828125 86.75594329833984375 81.0620269775390625 72.117523193359375 80.0798187255859375 102.74454498291015625 152.9043731689453125 nan nan nan nan nan nan nan nan nan nan nan nan nan nan nan nan nan nan nan nan nan nan nan nan
nan nan nan nan nan nan nan nan nan nan nan nan nan nan nan nan nan nan 957.95562744140625 899.54266357421875 nan 782.02099609375 588.82666015625 231.246337890625 139.27392578125 113.22664642333984375 69.76805877685546875 65.71335601806640625 65.06618499755859375 59.814723968505859375 55.85002899169921875 51.256954193115234375 56.452098846435546875 71.0601959228515625 109.050445556640625 89.78929901123046875 90.43019866943359375 75.73230743408203125 81.066619873046875 105.156982421875 nan nan nan nan nan nan nan nan nan nan nan nan nan nan nan nan nan nan nan nan nan nan nan nan nan
