old/dist_rivers.asc
NCOLS 720 
NROWS 300 
XLLCORNER -180 
YLLCORNER -60 
CELLSIZE 0.5 
NODATA_value -9999 
[rows 140 to 159 of 300, columns 47 to 93 of 720]
391.882629394531 387.475158691406 383.082244873047 378.704376220703 374.342102050781 369.995941162109 365.66650390625 361.354400634766 357.060211181641 352.784637451172 348.5283203125 344.292022705078 340.076477050781 335.882415771484 331.710723876953 327.562194824219 323.437774658203 319.33837890625 315.264953613281 311.218566894531 307.200256347656 303.211151123047 299.252410888672 295.325256347656 291.430938720703 287.570861816406 283.746368408203 279.958923339844 276.210052490234 272.501373291016 268.834533691406 265.211242675781 261.633331298828 258.102691650391 254.621292114258 251.191162109375 247.814453125 244.493347167969 241.230178833008 238.027313232422 234.88720703125 231.812423706055 228.805587768555 225.869430541992 223.006729125977 220.220336914062 217.513214111328
394.255004882812 389.874328613281 385.508758544922 381.158752441406 376.824890136719 372.507720947266 368.207824707031 363.925811767578 359.662353515625 355.418060302734 351.193664550781 346.989898681641 342.807525634766 338.647308349609 334.510101318359 330.396728515625 326.308135986328 322.245239257812 318.209045410156 314.200561523437 310.220886230469 306.271118164062 302.352447509766 298.466064453125 294.613311767578 290.795471191406 287.013946533203 283.270202636719 279.565734863281 275.902160644531 272.281097412109 268.704284667969 265.173522949219 261.690643310547 258.257629394531 254.876434326172 251.549194335937 248.278076171875 245.065292358398 241.913208007812 238.824203491211 235.800765991211 232.845443725586 229.960861206055 227.14973449707 224.414794921875 220.871002197266
396.676177978516 392.322570800781 387.984527587891 383.66259765625 379.357360839844 375.0693359375 370.799133300781 366.547393798828 362.314788818359 358.101928710938 353.909606933594 349.738464355469 345.58935546875 341.463043212891 337.3603515625 333.282165527344 329.229400634766 325.203002929688 321.203979492188 317.233337402344 313.292205810547 309.381652832031 305.502868652344 301.657104492188 297.845611572266 294.069732666016 290.330841064453 286.630432128906 282.969970703125 279.351043701172 275.775268554687 272.244384765625 268.760101318359 265.324340820312 261.938934326172 258.605865478516 255.327239990234 252.105133056641 248.941757202148 245.839385986328 242.800323486328 239.827026367187 236.921920776367 234.087585449219 231.326614379883 227.846435546875 223.805725097656
399.145324707031 394.818939208984 390.508636474609 386.214965820312 381.9384765625 377.679748535156 373.439422607422 369.218078613281 365.016448974609 360.835144042969 356.674926757812 352.536529541016 348.420715332031 344.328338623047 340.260192871094 336.217193603516 332.200225830078 328.210296630859 324.248352050781 320.315460205078 316.412719726562 312.541198730469 308.702117919922 304.896697998047 301.126220703125 297.391998291016 293.695434570312 290.037933349609 286.421020507812 282.846252441406 279.315246582031 275.829650878906 272.391265869141 269.001861572266 265.663330078125 262.377593994141 259.146667480469 255.97265625 252.857666015625 249.803924560547 246.813690185547 243.889312744141 241.033187866211 238.247772216797 234.827590942383 230.80078125 226.812698364258
401.661560058594 397.362548828125 393.080139160156 388.814880371094 384.567291259766 380.338012695312 376.127624511719 371.936828613281 367.766235351562 363.616546630859 359.488525390625 355.382904052734 351.300445556641 347.242004394531 343.208404541016 339.200531005859 335.219329833984 331.265747070312 327.340789794922 323.445526123047 319.580963134766 315.748321533203 311.948699951172 308.183380126953 304.45361328125 300.760711669922 297.106048583984 293.491058349609 289.917236328125 286.386108398438 282.899261474609 279.458404541016 276.065216064453 272.721466064453 269.429016113281 266.189788818359 263.005706787109 259.878814697266 256.811218261719 253.805038452148 250.862518310547 247.985885620117 245.177490234375 241.813980102539 237.800338745117 233.824722290039 229.889099121094
404.223937988281 399.952484130859 395.698120117187 391.461364746094 387.242828369141 383.043090820312 378.862762451172 374.702545166016 370.563079833984 366.445098876953 362.349273681641 358.276428222656 354.227325439453 350.202789306641 346.203704833984 342.230926513672 338.285369873047 334.368072509766 330.479949951172 326.622100830078 322.795593261719 319.001556396484 315.241180419922 311.515655517578 307.826263427734 304.174285888672 300.561126708984 296.988220214844 293.456970214844 289.968963623047 286.525726318359 283.128936767578 279.7802734375 276.481475830078 273.234344482422 270.040740966797 266.902618408203 263.821899414062 260.800689697266 257.841033935547 254.945098876953 252.115051269531 248.805145263672 244.804000854492 240.840194702148 236.915603637695 233.032180786133
406.831665039062 402.587890625 398.361633300781 394.153533935547 389.964111328125 385.793975830078 381.643798828125 377.514251708984 373.405944824219 369.319641113281 365.256072998047 361.216003417969 357.200225830078 353.209564208984 349.244903564453 345.307098388672 341.397125244141 337.515930175781 333.664489746094 329.843902587891 326.055206298828 322.299560546875 318.578094482422 314.892059326172 311.24267578125 307.631286621094 304.059204101562 300.527862548828 297.038726806641 293.59326171875 290.193054199219 286.839691162109 283.534820556641 280.280212402344 277.077606201172 273.928833007812 270.835754394531 267.80029296875 264.824462890625 261.910278320312 259.059844970703 255.800704956055 251.811431884766 247.858825683594 243.944671630859 240.070816040039 236.239288330078
409.483825683594 405.267822265625 401.06982421875 396.890411376953 392.730194091797 388.589752197266 384.469757080078 380.370880126953 376.293762207031 372.239166259766 368.207824707031 364.200500488281 360.217987060547 356.261138916016 352.330810546875 348.427886962891 344.553344726562 340.708099365234 336.893157958984 333.109588623047 329.358459472656 325.640899658203 321.958068847656 318.311157226562 314.701446533203 311.130187988281 307.598754882812 304.108520507812 300.660949707031 297.257476806641 293.899627685547 290.589050292969 287.327331542969 284.116180419922 280.957305908203 277.852478027344 274.803558349609 271.812438964844 268.881011962891 266.011291503906 262.80029296875 258.822326660156 254.88037109375 250.976089477539 247.111312866211 243.287902832031 239.507827758789
412.179565429688 407.991424560547 403.821746826172 399.671112060547 395.540130615234 391.429443359375 387.339630126953 383.271453857422 379.225524902344 375.202606201172 371.203460693359 367.228820800781 363.279510498047 359.356384277344 355.460266113281 351.592102050781 347.752777099609 343.943298339844 340.164672851562 336.417907714844 332.704071044922 329.024322509766 325.379791259766 321.771667480469 318.201202392578 314.669677734375 311.178405761719 307.728790283203 304.322204589844 300.960144042969 297.644073486328 294.375610351562 291.156311035156 287.987854003906 284.871887207031 281.810211181641 278.804595947266 275.856842041016 272.968872070312 269.803619384766 265.83642578125 261.904571533203 258.009704589844 254.153503417969 250.337768554687 246.564392089844 242.835342407227
414.918060302734 410.757843017578 406.616516113281 402.494720458984 398.393035888672 394.312072753906 390.252471923828 386.214965820312 382.2001953125 378.208923339844 374.241912841797 370.299865722656 366.383666992188 362.494140625 358.632110595703 354.798522949219 350.994293212891 347.220397949219 343.477813720703 339.767578125 336.090759277344 332.448486328125 328.841918945312 325.272186279297 321.740570068359 318.248321533203 314.796752929688 311.38720703125 308.021118164062 304.699859619141 301.424957275391 298.197906494141 295.020324707031 291.893829345703 288.820007324219 285.800628662109 282.83740234375 279.93212890625 276.810394287109 272.853454589844 268.931213378906 265.045288085938 261.197235107422 257.388824462891 253.621765136719 249.897979736328 246.219421386719
417.698455810547 413.566192626953 409.453308105469 405.360321044922 401.287933349609 397.236694335938 393.207336425781 389.200469970703 385.216827392578 381.257141113281 377.322143554688 373.412628173828 369.529418945312 365.67333984375 361.845275878906 358.046081542969 354.276733398437 350.538146972656 346.831359863281 343.157409667969 339.517303466797 335.912200927734 332.343200683594 328.811492919922 325.318298339844 321.864868164062 318.452514648438 315.08251953125 311.756317138672 308.475280761719 305.240875244141 302.054626464844 298.918060302734 295.832733154297 292.800262451172 289.822357177734 286.900665283203 283.820373535156 279.873199462891 275.960144042969 272.082702636719 268.242431640625 264.44091796875 260.679870605469 256.961090087891 253.286392211914 249.657760620117
420.519927978516 416.415649414062 412.331176757812 408.267059326172 404.223937988281 400.202453613281 396.203216552734 392.226989746094 388.274383544922 384.34619140625 380.443176269531 376.566070556641 372.715698242188 368.892944335938 365.098602294922 361.333648681641 357.598937988281 353.895477294922 350.224212646484 346.586212158203 342.982513427734 339.414215087891 335.882415771484 332.388336181641 328.933135986328 325.518035888672 322.144378662109 318.813415527344 315.526550292969 312.285125732422 309.090606689453 305.944427490234 302.84814453125 299.803283691406 296.811401367188 293.874114990234 290.833282470703 286.895446777344 282.991180419922 279.121826171875 275.288940429688 271.494018554688 267.738677978516 264.024627685547 260.353607177734 256.727478027344 253.148178100586
423.381622314453 419.305389404297 415.249328613281 411.214050292969 407.2001953125 403.208374023437 399.239288330078 395.293548583984 391.371948242188 387.475158691406 383.603973388672 379.759124755859 375.941497802734 372.15185546875 368.391082763672 364.660125732422 360.959838867188 357.291198730469 353.655212402344 350.052856445312 346.485198974609 342.953338623047 339.458404541016 336.001495361328 332.583831787109 329.206634521484 325.871154785156 322.578674316406 319.330535888672 316.128143310547 312.972839355469 309.866088867188 306.809387207031 303.80419921875 300.852111816406 297.848968505859 293.920043945312 290.024139404297 286.162536621094 282.336669921875 278.548034667969 274.798095703125 271.088531494141 267.421020507812 263.797271728516 260.219146728516 256.680725097656
426.282775878906 422.234527587891 418.206878662109 414.200439453125 410.215789794922 406.253601074219 402.314544677734 398.399291992187 394.508544921875 390.64306640625 386.803558349609 382.990875244141 379.205749511719 375.449066162109 371.7216796875 368.024444580078 364.358337402344 360.724273681641 357.123229980469 353.556213378906 350.024291992187 346.528503417969 343.069976806641 339.649810791016 336.269226074219 332.929412841797 329.631622314453 326.377075195312 323.167144775391 320.003112792969 316.886413574219 313.818420410156 310.800567626953 307.834381103516 304.8671875 300.946838378906 297.058929443359 293.204711914062 289.385559082031 285.602874755859 281.858123779297 278.15283203125 274.488616943359 270.867126464844 267.290100097656 263.751770019531 260.249877929687
429.222564697266 425.202301025391 421.203033447266 417.225372314453 413.269897460937 409.337280273438 405.428161621094 401.543273925781 397.683288574219 393.848968505859 390.041015625 386.260284423828 382.507507324219 378.783569335938 375.089324951172 371.425628662109 367.793426513672 364.193634033203 360.627227783203 357.09521484375 353.5986328125 350.138549804688 346.716033935547 343.332214355469 339.988220214844 336.685302734375 333.424652099609 330.20751953125 327.03515625 323.908935546875 320.830169677734 317.800262451172 314.820587158203 311.887786865234 307.975646972656 304.095367431641 300.248229980469 296.435485839844 292.658508300781 288.918670654297 285.217468261719 281.556396484375 277.937042236328 274.361083984375 270.822814941406 267.320037841797 263.865509033203
432.2001953125 428.207885742187 424.236968994141 420.287994384766 416.361633300781 412.45849609375 408.579254150391 404.724609375 400.895233154297 397.091918945312 393.315399169922 389.566436767578 385.845825195312 382.154418945312 378.493072509766 374.862640380859 371.264068603516 367.6982421875 364.166168212891 360.668823242188 357.207214355469 353.782409667969 350.395477294922 347.047546386719 343.739715576172 340.473205566406 337.249176025391 334.06884765625 330.933532714844 327.844482421875 324.803009033203 321.810516357422 318.868316650391 315.00634765625 311.133422851562 307.293029785156 303.486419677734 299.714874267578 295.979736328125 292.282409667969 288.624328613281 285.007019042969 281.432037353516 277.893859863281 274.390228271484 270.933563232422 267.525695800781
435.214874267578 431.250518798828 427.307861328125 423.387542724609 419.490173339844 415.616424560547 411.766937255859 407.9423828125 404.143524169922 400.371063232422 396.625762939453 392.908386230469 389.2197265625 385.560638427734 381.931945800781 378.334503173828 374.769256591797 371.237121582031 367.739044189453 364.276000976562 360.848999023438 357.459075927734 354.107330322266 350.794799804688 347.522674560547 344.292022705078 341.104095458984 337.960052490234 334.861175537109 331.808685302734 328.803894042969 325.848114013672 322.038818359375 318.172912597656 314.338989257812 310.538238525391 306.771911621094 303.041259765625 299.347625732422 295.692413330078 292.077056884766 288.503021240234 284.964904785156 281.460479736328 278.001800537109 274.590606689453 271.228698730469
438.265899658203 434.329376220703 430.414916992188 426.523162841797 422.654693603516 418.810211181641 414.990356445312 411.195831298828 407.427307128906 403.685516357422 399.971252441406 396.285247802734 392.628326416016 389.001281738281 385.404968261719 381.840270996094 378.308074951172 374.809295654297 371.344848632812 367.915740966797 364.522979736328 361.167541503906 357.850524902344 354.572967529297 351.336029052734 348.140777587891 344.988403320312 341.880096435547 338.817047119141 335.800537109375 332.831787109375 329.072937011719 325.213775634766 321.386047363281 317.590942382812 313.829559326172 310.103210449219 306.413116455078 302.760620117188 299.147125244141 295.574005126953 292.035949707031 288.53076171875 285.070159912109 281.655822753906 278.289428710938 274.972717285156
441.352478027344 437.443725585938 433.557373046875 429.694091796875 425.854431152344 422.039093017578 418.248718261719 414.484008789062 410.745666503906 407.034393310547 403.350952148437 399.696136474609 396.070709228516 392.475463867187 388.911315917969 385.379028320312 381.879547119141 378.413787841797 374.982666015625 371.587127685547 368.228179931641 364.906829833984 361.624114990234 358.381072998047 355.178833007812 352.018463134766 348.901123046875 345.828002929688 342.800231933594 339.819061279297 336.108612060547 332.255920410156 328.434173583984 324.644409179688 320.887817382812 317.165557861328 313.478881835938 309.828979492188 306.217254638672 302.64501953125 299.106994628906 295.60107421875 292.138671875 288.721313476562 285.350646972656 282.028381347656 278.756164550781
444.473846435547 440.5927734375 436.734466552734 432.899536132812 429.088562011719 425.30224609375 421.541229248047 417.806182861328 414.097808837891 410.416870117188 406.764068603516 403.140167236328 399.545989990234 395.982330322266 392.449981689453 388.949859619141 385.482818603516 382.049743652344 378.651550292969 375.289215087891 371.963714599609 368.675994873047 365.427154541016 362.218170166016 359.050140380859 355.924163818359 352.841339111328 349.802795410156 346.809753417969 343.145751953125 339.299285888672 335.483245849609 331.698669433594 327.946655273438 324.228302001953 320.544860839844 316.8974609375 313.287414550781 309.716003417969 306.178039550781 302.671447753906 299.207275390625 295.787078857422 292.412384033203 289.084777832031 285.805877685547 282.577423095703
