old/dist_rivers.asc
NCOLS 720 
NROWS 300 
XLLCORNER -180 
YLLCORNER -60 
CELLSIZE 0.5 
NODATA_value -9999 
[rows 100 to 119 of 300, columns 376 to 422 of 720]
49.6487655639648 50.6951675415039 52.2015342712402 51.6236381530762 51.0881576538086 51.0391998291016 51.156623840332 51.0098037719727 51.3517265319824 52.0384483337402 52.4690399169922 53.3666572570801 54.7083168029785 56.4623756408691 58.5918083190918 61.0573501586914 62.1691246032715 60.0083312988281 58.1893463134766 56.7538528442383 55.009090423584 52.9244728088379 51.2445106506348 50.0099983215332 48.548942565918 46.0651702880859 43.8634262084961 42.0594825744629 40.7921562194824 40.1123428344726 40.0249938964844 39.20458984375 37.0135116577148 33.2415390014648 29.7321376800537 26.6270542144775 24.1660919189453 22.5610275268555 22 22.5610275268555 24.1660919189453 26.6270542144775 29.7321376800537 33.3016510009766 37.2021522521973 41.3400535583496 45.6508483886719
54.5893745422363 55.5427780151367 56.9209976196289 56.5685424804688 56.0802993774414 56.035701751709 56.1426734924316 56.0089263916016 56.3205108642578 57.0350761413574 57.4282150268555 58.2494621276855 59.4810905456543 61.0982818603516 63.0713882446289 65.3681869506836 66.6408309936523 64.6219787597656 62.9364776611328 61.611686706543 59.5063018798828 57.5847206115723 56.0446243286133 54.9181213378906 52.8393783569336 50.5371131896973 48.4664840698242 46.8401527404785 45.7055778503418 45.0998878479004 42.9534645080566 38.4707679748535 34.1320953369141 30 26.1725044250488 22.6715679168701 19.7230834960938 17.7200450897217 17 17.7200450897217 19.7230834960938 22.6715679168701 26.2488098144531 30.2324333190918 34.4818801879883 38.9101524353027 43.4626274108887
59.5399017333984 60.4152297973633 61.6846809387207 61.5223541259765 61.0737266540527 61.0327796936035 61.1310081481934 61.0081977844238 61.2943725585937 61.9838676452637 62.3939094543457 63.1506118774414 64.2884140014648 65.7875366210937 67.6239624023438 69.7710571289062 71.1758422851562 69.2892456054688 67.7200088500977 66.1891250610352 64.0780792236328 62.2976722717285 60.8769264221191 59.6824951171875 57.2450866699219 55.0363502502441 53.1413192749023 51.6623649597168 50.6359558105469 45.8802795410156 41.1096076965332 36.4005508422852 31.78049659729 27.2946872711182 23.021728515625 19.1049728393555 15.6204996109009 13 12 13 15.6204996109009 19.2093734741211 23.3238067626953 27.7308483123779 32.3109893798828 37 41.7612266540527
64.4980621337891 65.3069686889648 66.4830780029297 66.4830780029297 66.0681457519531 66.0302963256836 66.1211013793945 66.0075759887695 66.2721633911133 66.9103851318359 67.3646774291992 68.0661468505859 69.1230773925781 70.5195007324219 72.235725402832 74.2495803833008 75.7693862915039 74 72.5327529907227 70.682388305664 68.7095336914062 67.0522155761719 65.7343139648437 64.0078125 61.717098236084 59.6154327392578 57.8705444335937 54.5893745422363 49.6487655639648 44.7213592529297 39.8120574951172 34.9284973144531 30.0832176208496 25.2982215881348 20.6155281066894 16.1245155334473 12.0415945053101 8.60232543945312 7 8.60232543945312 12.2065553665161 16.5529460906982 21.1896209716797 25.9615097045898 30.8058433532715 35.6931381225586 40.6078796386719
69.4622192382812 70.2139587402344 71.3091888427734 71.4492797851562 71.0633544921875 71.0281600952148 71.1125869750976 71.0070419311523 71.2530670166016 71.8470611572266 72.3394775390625 72.9931488037109 73.9797286987305 75.2861175537109 76.8960342407227 78.7908630371094 80.4114456176758 78.7464294433594 77.3692474365234 75.239616394043 73.3893737792969 71.8401031494141 70.6116104125976 68.4251403808594 66.211784362793 64.0702743530273 59.0762214660645 54.0832710266113 49.0917510986328 44.1021537780762 39.1152153015137 34.1320953369141 29.1547603607178 24.1867733001709 19.2353839874268 14.3178215026855 9.48683261871338 5 2 5.38516473770142 10.1980390548706 15.1327457427978 20.0997505187988 25.0798721313477 30.066593170166 35.0570945739746 40.0499687194824
74.4311752319336 75.1332168579102 76.157730102539 76.4198913574219 76.0591888427734 76.0263137817383 76.1051940917969 76.0065765380859 76.2364730834961 76.7919235229492 77.3175277709961 77.9294586181641 78.8542938232422 80.0812072753906 81.596565246582 83.384651184082 85.0940628051758 83.5224533081055 81.859634399414 79.8498611450195 78.1089019775391 76.6550750732422 75.1797866821289 72.8971862792969 69.0289764404297 64.0312423706055 59.0338897705078 54.0370254516601 49.0407981872559 44.0454292297363 39.0512466430664 34.0587730407715 29.068883895874 24.0831890106201 19.1049728393555 14.1421356201172 9.21954441070556 4.4721360206604 2 5.38516473770142 10.1980390548706 15.1327457427978 20.0997505187988 25.0798721313477 30.066593170166 35.0570945739746 40.0499687194824
79.4040298461914 80.0624771118164 81.0246887207031 81.3941040039062 81.055534362793 81.0246887207031 81.0987091064453 81.0061721801758 81.2219161987305 81.7434997558594 82.2982406616211 82.8733978271484 83.7436599731445 84.8999404907226 86.3307571411133 88.0227279663086 89.8109130859375 88.3232727050781 86.406021118164 84.5044403076172 82.861328125 81.4923324584961 79.3095169067383 74.3303451538086 69.3541641235352 64.3816757202148 59.4138031005859 54.4518127441406 49.4974746704102 44.553337097168 39.6232261657715 34.7131080627441 29.8328685760498 25 20.2484569549561 15.65247631073 11.4017543792725 8.06225776672363 7 8.60232543945312 12.2065553665161 16.5529460906982 21.1896209716797 25.9615097045898 30.8058433532715 35.6931381225586 40.6078796386719
84.3800888061523 85 85.9069290161133 86.3712921142578 86.0523071289062 86.0232543945312 86.0929718017578 86.0058135986328 86.2090454101562 86.7006378173828 87.2811584472656 87.8236846923828 88.6453628540039 89.7385101318359 91.0933609008789 92.6984329223633 94.5409927368164 93.0376281738281 91 89.1964111328125 87.6413116455078 84.8528137207031 79.9061965942383 74.9666595458984 70.0357055664062 65.1152801513672 60.2079734802246 55.317268371582 50.4479942321777 45.6070175170898 40.8044128417969 36.0555114746094 31.3847103118896 26.8328151702881 22.472204208374 18.4390888214111 15 12.6491107940674 12 13 15.6204996109009 19.2093734741211 23.3238067626953 27.7308483123779 32.3109893798828 37 41.7612266540527
89.3588256835938 89.9444274902344 90.8019790649414 91.3509750366211 91.0494384765625 91.02197265625 91.0878677368164 91.0054931640625 91.1975860595703 91.6624221801758 92.2659225463867 92.7793045043945 93.5574722290039 94.5938720703125 95.8801345825195 97.406364440918 99.1614837646484 97.5756149291992 95.6347198486328 93.9201812744141 90.6090469360351 85.7029724121094 80.8084182739258 75.9275970458984 71.0633544921875 66.2193298339844 61.4003257751465 56.612720489502 51.8652114868164 47.1699066162109 42.5440940856934 38.0131568908691 33.6154708862305 29.4108829498291 25.4950981140137 22.0227146148682 19.2353839874268 17.4642486572266 17 17.7200450897217 19.7230834960938 22.6715679168701 26.2488098144531 30.2324333190918 34.4818801879883 38.9101524353027 42.4264068603516
94.3398132324219 94.8946762084961 95.7078857421875 96.3327560424805 96.0468673706055 96.0208282470703 96.0832977294922 96.0052108764648 96.1873168945312 96.6281509399414 97.2522506713867 97.7394485473633 98.4784240722656 99.4635620117188 100.687637329102 102.142059326172 103.81714630127 102.156745910645 100.304534912109 96.5401458740234 91.6787872314453 86.8331756591797 82.0060958862305 77.2010345458984 72.4223709106445 67.6756973266602 62.9682464599609 58.3095207214355 53.7121963500977 49.1934967041016 44.7772254943848 40.4969139099121 36.4005508422852 32.5576400756836 29.068883895874 26.0768089294434 23.7697277069092 22.3606796264648 22 22.5610275268555 24.1660919189453 26.6270542144775 29.7321376800537 33.3016510009766 37.2021522521973 38.118236541748 37.4833297729492
99.3227081298828 99.8498840332031 100.623062133789 101.316337585449 101.044548034668 101.019798278809 101.079177856445 101.004951477051 101.178062438965 101.597244262695 102.23991394043 102.703453063965 103.406959533691 104.345581054688 105.513031005859 106.901824951172 108.503456115723 106.775466918945 102.615791320801 97.8008193969727 93.0053787231445 88.2326507568359 83.4865264892578 78.7718200683594 74.0945358276367 69.4622192382812 64.8845138549805 60.373836517334 55.946403503418 51.6236381530762 47.4341659545898 43.4165878295898 39.6232261657715 36.1247825622559 33.0151481628418 30.4138126373291 28.4604988098145 27.2946872711182 27 27.4590606689453 28.7923603057861 30.886890411377 33.6005935668945 33.5410194396973 33.0151481628418 33.1360816955566 32.5576400756836
104.307235717773 104.809349060059 105.546195983887 106.301460266113 106.042442321777 106.018867492676 106.07544708252 106.00471496582 106.169677734375 106.569229125977 107.200744628906 107.670791625977 108.34204864502 109.238273620605 110.353973388672 111.682586669922 113.216606140137 108.811767578125 104.043258666992 99.2975311279297 94.578010559082 89.8888168334961 85.2349700927734 80.6225738525391 76.0591888427734 71.5541763305664 67.1192932128906 62.7694206237793 58.5234985351562 54.4058837890625 50.4479942321777 46.6904716491699 43.1856460571289 40 37.2155876159668 34.9284973144531 33.2415390014648 32.2490310668945 32 32.3882713317871 33.5261077880859 32.2490310668945 30.0832176208496 28.6356430053711 28.0178508758545 28.1602554321289 27.658634185791
109.293182373047 109.772491455078 110.47624206543 111.28791809082 111.040534973145 111.018013000488 111.072052001953 111.004501342773 111.162040710449 111.543716430664 112.14722442627 112.641021728516 113.282829284668 114.140266418457 115.208503723145 116.481758117676 115.108642578125 110.385688781738 105.688217163086 101.019798278809 96.3846435546875 91.7877960205078 87.2353134155273 82.7345123291016 78.294319152832 73.9256362915039 69.6419448852539 65.4599151611328 61.4003257751465 57.489128112793 53.7587203979492 50.2493782043457 47.0106353759766 44.1021537780762 41.5932693481445 39.5600814819336 38.0788650512695 37.2155876159668 37 34.7131080627441 31.1448230743408 28.0178508758545 25.4950981140137 23.7697277069092 23.021728515625 23.1948261260986 22.8035087585449
114.28035736084 114.738830566406 115.412307739258 116.275535583496 116.038787841797 116.017242431641 116.068946838379 116.00431060791 116.155067443848 116.520385742188 117.098251342773 117.613777160645 118.228591918945 119.050407409668 120.074974060059 121.297157287598 116.811813354492 112.160598754883 107.540687561035 102.956298828125 98.4123992919922 93.9148559570312 89.4706649780273 85.0881881713867 80.777473449707 76.5506362915039 72.4223709106445 68.4105224609375 64.5368118286133 60.8276252746582 57.3149185180664 54.0370254516601 51.0391998291016 48.3735466003418 46.0977210998535 44.2718887329102 42.9534645080566 40.2492218017578 35.8468971252441 31.6227760314941 27.658634185791 24.0831890106201 21.0950222015381 18.9736652374268 18.0277557373047 18.2482872009277 18.0277557373047
119.268608093262 119.707977294922 120.353645324707 121.202308654785 121.037185668945 121.016525268555 121.066101074219 121.004135131836 121.148666381836 121.498970031738 122.053268432617 122.588745117187 123.178733825684 123.967735290527 124.951988220215 123.308555603027 118.701309204102 114.12712097168 109.590148925781 105.095191955566 100.647903442383 96.2548675537109 91.9238815307617 87.6641311645508 83.4865264892578 79.4040298461914 75.4320907592773 71.5891036987305 67.8969802856445 64.3816757202148 61.0737266540527 58.0086212158203 55.226806640625 52.7730979919434 50.6951675415039 47.8016738891602 43.0116271972656 38.275318145752 33.6154708862305 29.068883895874 24.6981773376465 20.6155281066894 17.0293865203857 14.3178215026855 13.0384044647217 13.34166431427 13.416407585144
124.257797241211 124.679588317871 125.299644470215 126.115028381348 126.035705566406 126.015869140625 126.0634765625 126.003967285156 126.142776489258 126.479248046875 127.011810302734 127.56566619873 128.132736206055 128.89143371582 129.838363647461 125.299644470215 120.768371582031 116.275535583496 111.825759887695 107.424392700195 103.077644348145 98.7927093505859 94.578010559082 90.4433517456055 86.4002304077148 82.4621124267578 78.6447677612305 74.9666595458984 71.4492797851562 68.117546081543 65 62.1288986206055 59.5399017333984 56.5685424804688 51.6236381530762 46.6904716491699 41.7731971740723 36.8781776428223 32.0156211853027 27.2029418945312 22.472204208374 17.8885440826416 13.6014709472656 10 8.06225776672363 8.5440034866333 9.21954441070556
129.247817993164 129.653381347656 130.249755859375 131.03434753418 131.03434753418 131.015258789062 131.061050415039 131.003814697266 131.137329101562 131.461013793945 131.973480224609 132.544326782227 133.090194702148 133.820770263672 131.946960449219 127.455871582031 123.004066467285 118.59595489502 114.236595153809 109.931800842285 105.688217163086 101.513542175293 97.416633605957 93.4077072143555 89.4986038208008 85.7029724121094 82.0365753173828 78.5175170898438 75.1664810180664 72.0069427490234 69.065185546875 66.0681457519531 61.0737266540527 56.0802993774414 51.0881576538086 46.0977210998535 41.1096076965332 36.1247825622559 31.1448230743408 26.1725044250488 21.2132034301758 16.2788200378418 11.4017543792725 6.70820379257202 3.16227769851685 4.24264049530029 5.65685415267944
134.238586425781 134.629119873047 135.203552246094 135.959548950195 136.033081054688 136.014709472656 136.058807373047 136.003677368164 136.132293701172 136.444122314453 136.937942504883 137.524536132812 138.050720214844 138.636215209961 134.182708740234 129.769027709961 125.399360656738 121.078483581543 116.811813354492 112.605506896973 108.466583251953 104.40306854248 100.424102783203 96.5401458740234 92.7631378173828 89.1066741943359 85.5862121582031 82.2192153930664 79.0253143310547 76.0263137817383 71.0281600952148 66.0302963256836 61.0327796936035 56.035701751709 51.0391998291016 46.04345703125 41.0487518310547 36.0555114746094 31.0644493103027 26.0768089294434 21.0950222015381 16.1245155334473 11.1803398132324 6.32455539703369 2 1.41421353816986 2.2360680103302
139.230026245117 139.606582641602 140.160629272461 140.890029907227 141.03190612793 141.014190673828 141.056732177734 141.003540039062 141.12760925293 141.428421020508 141.904891967773 142.506134033203 143.01399230957 140.943252563477 136.565002441406 132.230865478516 127.945297241211 123.71337890625 119.540786743164 115.433967590332 111.400177001953 107.447662353516 103.585716247559 99.8248443603516 96.1769180297851 92.6552734375 89.2748565673828 86.0523071289062 81.3019027709961 76.3216857910156 71.34423828125 66.3701705932617 61.4003257751465 56.4358024597168 51.4781494140625 46.5295600891113 41.5932693481445 36.6742401123047 31.78049659729 26.9258232116699 22.1359443664551 17.4642486572266 13 8.60232543945312 5 0 0
144.222045898437 144.58561706543 145.120635986328 145.825241088867 146.030822753906 146.013702392578 146.054779052734 146.00341796875 146.123229980469 146.413803100586 146.874099731445 147.488983154297 147.732864379883 143.387588500977 139.086303710937 134.833236694336 130.633071899414 126.491104125977 122.413230895996 118.40608215332 114.477073669434 110.634536743164 106.887794494629 103.247276306152 99.724624633789 96.3327560424805 91.7877960205078 86.8331756591797 81.8840637207031 76.941535949707 72.0069427490234 67.0820388793945 62.1691246032715 57.2712860107422 52.3927459716797 47.5394554138184 42.7200202941895 37.9473304748535 33.2415390014648 28.6356430053711 24.1660919189453 19.7230834960938 15.5241746902466 10.7703294754028 6.08276271820068 1.41421353816986 1
