old/dist_rivers.asc
NCOLS 720 
NROWS 300 
XLLCORNER -180 
YLLCORNER -60 
CELLSIZE 0.5 
NODATA_value -9999 
[rows 220 to 239 of 300, columns 517 to 563 of 720]
399.335693359375 397.333618164062 395.384613037109 393.489501953125 391.649078369141 389.512512207031 386.374176025391 383.275360107422 380.217041015625 377.200225830078 374.225860595703 371.295043945312 368.408752441406 365.568054199219 362.774047851562 360.027770996094 357.330383300781 354.682952880859 352.086639404297 349.542572021484 347.051879882813 344.61572265625 342.235290527344 339.911743164063 337.646270751953 335.440002441406 333.294158935547 331.209899902344 329.188385009766 327.230804443359 325.338287353516 323.511962890625 321.753021240234 320.0625 318.441528320312 316.891143798828 315.412414550781 314.006378173828 312.673950195312 311.416107177734 310.233795166016 309.127807617188 308.098999023438 307.148162841797 306.276031494141 305.483215332031 304.770416259766
403.910888671875 401.931579589844 400.005004882812 398.131896972656 396.313018798828 393.401824951172 390.294769287109 387.227325439453 384.200469970703 381.215148925781 378.272399902344 375.373138427734 372.518463134766 369.709350585938 366.946868896484 364.232055664062 361.566040039062 358.949859619141 356.384613037109 353.871459960938 351.411437988281 349.005737304688 346.655456542969 344.361724853516 342.125701904297 339.948516845703 337.831329345703 335.775207519531 333.781372070313 331.850860595703 329.98486328125 328.184387207031 326.450622558594 324.784545898438 323.187255859375 321.659759521484 320.203063964844 318.818115234375 317.505920410156 316.267303466797 315.103149414062 314.014343261719 313.001586914062 312.065704345703 311.207336425781 310.427124023438 309.725677490234
408.496032714844 406.5390625 404.634399414062 402.782806396484 400.431030273438 397.316009521484 394.239776611328 391.203277587891 388.207427978516 385.253173828125 382.341461181641 379.473327636719 376.649719238281 373.871643066406 371.14013671875 368.456237792969 365.820983886719 363.235473632812 360.700714111328 358.217803955078 355.787872314453 353.411926269531 351.091156005859 348.826599121094 346.619384765625 344.470611572266 342.381378173828 340.352752685547 338.385864257812 336.481811523438 334.6416015625 332.866333007812 331.157073974609 329.514801025391 327.940551757812 326.435302734375 325 323.635589599609 322.342987060547 321.123016357422 319.9765625 318.904388427734 317.9072265625 316.985809326172 316.140777587891 315.372802734375 314.682373046875
413.090789794922 411.155700683594 409.272521972656 407.442016601562 404.338958740234 401.254272460938 398.20849609375 395.202484130859 392.237182617188 389.313507080078 386.432403564453 383.594848632812 380.801788330078 378.054229736328 375.353179931641 372.699615478516 370.094573974609 367.539123535156 365.034240722656 362.581024169922 360.180511474609 357.833770751953 355.541839599609 353.305816650391 351.126770019531 349.005737304688 346.943786621094 344.942016601563 343.00146484375 341.123138427734 339.30810546875 337.557403564453 335.872009277344 334.252899169922 332.701080322266 331.217437744141 329.802978515625 328.458526611328 327.184967041016 325.983123779297 324.853820800781 323.797790527344 322.815734863281 321.908386230469 321.076324462891 320.320159912109 319.640411376953
417.694854736328 415.781188964844 413.919067382812 411.363586425781 408.270751953125 405.216003417969 402.2001953125 399.224243164062 396.289031982422 393.395477294922 390.544494628906 387.737030029297 384.974029541016 382.256469726563 379.585296630859 376.961547851562 374.386169433594 371.860198974609 369.384613037109 366.960479736328 364.588806152344 362.270629882812 360.006958007812 357.798828125 355.647308349609 353.553405761719 351.518127441406 349.542572021484 347.627685546875 345.774505615234 343.984008789062 342.257202148438 340.595062255859 338.99853515625 337.468505859375 336.005950927734 334.611724853516 333.286651611328 332.031616210938 330.847381591797 329.734741210937 328.694396972656 327.727020263672 326.833282470703 326.013793945312 325.269134521484 324.599761962891
422.307952880859 420.415283203125 418.389770507812 415.2890625 412.225677490234 409.200439453125 406.214233398438 403.267913818359 400.362335205078 397.498413085938 394.677093505859 391.899230957031 389.165771484375 386.477691650391 383.835906982422 381.241394042969 378.695129394531 376.198089599609 373.751251220703 371.355621337891 369.01220703125 366.721954345703 364.485931396484 362.305114746094 360.180511474609 358.113098144531 356.103912353516 354.153930664062 352.264099121094 350.435455322266 348.668884277344 346.965423583984 345.325927734375 343.751373291016 342.242614746094 340.800537109375 339.425994873047 338.119812011719 336.882781982422 335.715667724609 334.619201660156 333.594055175781 332.640960693359 331.760467529297 330.953155517578 330.219635009766 329.560302734375
426.929748535156 425.057647705078 422.309143066406 419.237396240234 416.203063964844 413.206970214844 410.249938964844 407.332794189453 404.456420898437 401.621704101562 398.829528808594 396.080810546875 393.376403808594 390.71728515625 388.104370117188 385.53857421875 383.020874023438 380.552215576172 378.133575439453 375.765899658203 373.450134277344 371.187286376953 368.978332519531 366.82421875 364.725921630859 362.684448242188 360.700714111328 358.775695800781 356.910339355469 355.105621337891 353.362426757812 351.681671142578 350.064270019531 348.511108398438 347.023040771484 345.600921630859 344.245544433594 342.957733154297 341.738189697266 340.587738037109 339.506988525391 338.496673583984 337.557403564453 336.689758300781 335.894317626953 335.171600341797 334.522033691406
427.931060791016 429.330871582031 426.251098632813 423.207977294922 420.202331542969 417.234954833984 414.306640625 411.418273925781 408.570678710938 405.764709472656 403.001251220703 400.281158447266 397.605346679688 394.974670410156 392.390106201172 389.8525390625 387.362884521484 384.922058105469 382.531036376953 380.190734863281 377.902099609375 375.666076660156 373.483612060547 371.355621337891 369.283081054688 367.266937255859 365.308074951172 363.407470703125 361.566040039062 359.78466796875 358.064239501953 356.405670166016 354.809814453125 353.277496337891 351.809600830078 350.406921386719 349.070190429688 347.800231933594 346.597747802734 345.463470458984 344.398040771484 343.402099609375 342.476287841797 341.621124267578 340.837219238281 340.124969482422 339.484893798828
428.544036865234 433.266662597656 430.215057373047 427.2001953125 424.222808837891 421.283752441406 418.3837890625 415.523773193359 412.704498291016 409.926818847656 407.191589355469 404.499694824219 401.851959228516 399.249298095703 396.692565917969 394.182708740234 391.720550537109 389.307067871094 386.943145751953 384.629699707031 382.367614746094 380.157867431641 378.001312255859 375.89892578125 373.8515625 371.860198974609 369.925659179688 368.048919677734 366.230804443359 364.472229003906 362.774047851562 361.137084960937 359.562225341797 358.050262451172 356.602020263672 355.218231201172 353.899688720703 352.647125244141 351.461242675781 350.342681884766 349.292144775391 348.310211181641 347.3974609375 346.554473876953 345.78173828125 345.079711914062 344.448822021484
429.214385986328 434.165863037109 434.200408935547 431.213409423828 428.263946533203 425.352783203125 422.480773925781 419.648651123047 416.857299804688 414.107482910156 411.400054931641 408.735870361328 406.115753173828 403.540588378906 401.01123046875 398.528533935547 396.093414306641 393.706756591797 391.369384765625 389.082244873047 386.846221923828 384.662200927734 382.531036376953 380.453674316406 378.430969238281 376.463806152344 374.553070068359 372.699615478516 370.904296875 369.16796875 367.491485595703 365.875671386719 364.3212890625 362.829162597656 361.400054931641 360.034729003906 358.73388671875 357.498260498047 356.328491210938 355.225280761719 354.189208984375 353.220886230469 352.320861816406 351.489685058594 350.727813720703 350.035705566406 349.413787841797
429.941864013672 434.885040283203 438.206573486328 435.2470703125 432.325103759766 429.441497802734 426.596984863281 423.792388916016 421.028503417969 418.306121826172 415.626037597656 412.989105224609 410.396148681641 407.848022460938 405.345520019531 402.889556884766 400.48095703125 398.120574951172 395.809295654297 393.547973632812 391.337463378906 389.178619384766 387.072357177734 385.019470214844 383.020874023438 381.077423095703 379.189910888672 377.359252929688 375.586212158203 373.871643066406 372.216339111328 370.62109375 369.086700439453 367.613922119141 366.203491210938 364.856140136719 363.572540283203 362.353424072266 361.199401855469 360.111083984375 359.089111328125 358.134063720703 357.246398925781 356.426696777344 355.675415039063 354.992950439453 354.379730224609
430.726135253906 435.660430908203 440.59619140625 439.300567626953 436.40576171875 433.54931640625 430.73193359375 427.954437255859 425.217590332031 422.522186279297 419.869018554687 417.258911132812 414.692657470703 412.171081542969 409.695007324219 407.265258789062 404.882690429687 402.548126220703 400.262420654297 398.0263671875 395.840881347656 393.706756591797 391.624816894531 389.595947265625 387.620941162109 385.700653076172 383.835906982422 382.027496337891 380.276214599609 378.582885742188 376.948272705078 375.373138427734 373.858276367188 372.404357910156 371.012115478516 369.682281494141 368.41552734375 367.212463378906 366.073760986328 365 363.991760253906 363.049591064453 362.173980712891 361.365478515625 360.624450683594 359.951385498047 359.346618652344
431.566925048828 436.49169921875 441.418182373047 443.373443603516 440.505401611328 437.675689697266 434.885040283203 432.134246826172 429.424041748047 426.755187988281 424.128509521484 421.544769287109 419.004760742188 416.509307861328 414.059173583984 411.655181884766 409.298187255859 406.988952636719 404.728302001953 402.51708984375 400.356079101563 398.246154785156 396.188079833984 394.182708740234 392.230804443359 390.333190917969 388.490661621094 386.704010009766 384.974029541016 383.301452636719 381.687042236328 380.131561279297 378.635711669922 377.200225830078 375.825744628906 374.513031005859 373.262634277344 372.075256347656 370.951477050781 369.891876220703 368.897003173828 367.967376708984 367.103515625 366.305877685547 365.574890136719 364.910949707031 364.314422607422
432.4638671875 437.378540039062 442.295135498047 447.213592529297 444.623443603516 441.820098876953 439.055816650391 436.331298828125 433.647308349609 431.004638671875 428.404022216797 425.846221923828 423.33203125 420.862213134766 418.437561035156 416.058898925781 413.726959228516 411.442596435547 409.20654296875 407.019653320312 404.882690429687 402.796478271484 400.761779785156 398.779388427734 396.85009765625 394.974670410156 393.153900146484 391.388549804688 389.679351806641 388.027069091797 386.432403564453 384.896087646484 383.418823242188 382.001312255859 380.644195556641 379.348114013672 378.113739013672 376.941650390625 375.832397460938 374.78662109375 373.804748535156 372.887390136719 372.034942626953 371.247894287109 370.526641845703 369.871612548828 369.283081054688
433.416656494141 438.320648193359 443.226806640625 448.135009765625 448.759399414062 445.982055664062 443.243713378906 440.545104980469 437.886962890625 435.27001953125 432.695037841797 430.162750244141 427.673950195312 425.229339599609 422.829742431641 420.475921630859 418.168640136719 415.908630371094 413.696746826172 411.533721923828 409.420318603516 407.357330322266 405.345520019531 403.385681152344 401.478515625 399.624816894531 397.825347900391 396.080810546875 394.391937255859 392.759460449219 391.184112548828 389.666534423828 388.207427978516 386.807434082031 385.467254638672 384.187469482422 382.968658447266 381.811462402344 380.716430664062 379.68408203125 378.714935302734 377.809478759766 376.968170166016 376.191436767578 375.479705810547 374.833282470703 374.252593994141
434.424896240234 439.317657470703 444.212799072266 449.110229492188 452.912780761719 450.161071777344 447.448333740234 444.775238037109 442.142517089844 439.550903320312 437.001129150391 434.493957519531 432.030090332031 429.610290527344 427.235290527344 424.905883789062 422.622772216797 420.38671875 418.198516845703 416.058898925781 413.968597412109 411.928405761719 409.939025878906 408.001220703125 406.115753173828 404.283325195312 402.504669189453 400.780487060547 399.111511230469 397.498413085938 395.941925048828 394.442657470703 393.001281738281 391.618438720703 390.294769287109 389.030853271484 387.827270507813 386.684631347656 385.603424072266 384.584197998047 383.627410888672 382.733581542969 381.903137207031 381.136444091797 380.433959960937 379.795989990234 379.222900390625
435.488220214844 440.369171142578 445.252746582031 450.138854980469 455.027465820313 454.356689453125 451.669128417969 449.021148681641 446.413482666016 443.846832275391 441.321868896484 438.839385986328 436.400054931641 434.004608154297 431.65380859375 429.348358154297 427.088989257813 424.87646484375 422.711486816406 420.594818115234 418.527191162109 416.509307861328 414.541900634766 412.625732421875 410.761474609375 408.949859619141 407.191589355469 405.487365722656 403.837829589844 402.243713378906 400.705627441406 399.224243164062 397.800201416016 396.434112548828 395.126556396484 393.878143310547 392.689453125 391.560974121094 390.493286132812 389.486846923828 388.542144775391 387.659637451172 386.839752197266 386.082885742188 385.389404296875 384.759674072266 384.193969726562
436.606231689453 441.474792480469 446.346282958984 451.220581054688 456.097564697266 458.568420410156 455.905700683594 453.282470703125 450.699462890625 448.157348632812 445.656829833984 443.198608398438 440.783386230469 438.411895751953 436.084869384766 433.802947998047 431.566925048828 429.37744140625 427.235290527344 425.141143798828 423.095733642578 421.099761962891 419.153900146484 417.258911132812 415.415466308594 413.624237060547 411.885894775391 410.201171875 408.570678710938 406.995086669922 405.475036621094 404.011138916016 402.604034423828 401.254272460938 399.962493896484 398.729217529297 397.555023193359 396.440399169922 395.385894775391 394.391937255859 393.459014892578 392.587554931641 391.777984619141 391.030700683594 390.346008300781 389.724273681641 389.165771484375
437.778472900391 442.634155273438 447.493011474609 452.354949951172 457.219848632813 462.087646484375 460.157592773438 457.558746337891 455 452.482055664062 450.005554199219 447.571228027344 445.179748535156 442.831787109375 440.528106689453 438.269317626953 436.056182861328 433.889373779297 431.769622802734 429.697570800781 427.673950195312 425.699432373047 423.774719238281 421.900451660156 420.077362060547 418.306121826172 416.587310791016 414.921691894531 413.309814453125 411.752349853516 410.249938964844 408.803131103516 407.412567138672 406.078796386719 404.802429199219 403.583953857422 402.423919677734 401.322814941406 400.281158447266 399.299377441406 398.377960205078 397.517303466797 396.7177734375 395.979797363281 395.303680419922 394.689758300781 394.138305664063
439.004547119141 443.846832275391 448.692535400391 453.541625976562 458.393920898438 463.249389648438 464.424377441406 461.849548339844 459.314697265625 456.820526123047 454.367706298828 451.956848144531 449.588714599609 447.263916015625 444.983154296875 442.747100830078 440.556457519531 438.411895751953 436.314117431641 434.263732910156 432.261505126953 430.308044433594 428.404022216797 426.550109863281 424.746978759766 422.995269775391 421.295623779297 419.648651123047 418.055023193359 416.515319824219 415.030120849609 413.600036621094 412.225677490234 410.907531738281 409.646179199219 408.442169189453 407.295959472656 406.208068847656 405.178985595703 404.209106445312 403.298889160156 402.448760986328 401.659057617188 400.93017578125 400.262420654297 399.656097412109 399.111511230469
