old/dist_rivers.asc
NCOLS 720 
NROWS 300 
XLLCORNER -180 
YLLCORNER -60 
CELLSIZE 0.5 
NODATA_value -9999 
[rows 280 to 299 of 300, columns 141 to 187 of 720]
510.862030029297 507.212982177734 503.587127685547 499.984985351562 496.407104492188 491.808898925781 487.135498046875 482.468658447266 477.808532714844 473.155364990234 468.509338378906 463.870666503906 459.239593505859 454.616333007812 450.001098632812 445.394195556641 440.795867919922 436.206359863281 431.626007080078 427.055023193359 422.493774414062 417.942565917969 413.401733398437 408.871612548828 404.352569580078 399.844970703125 395.349212646484 390.865692138672 386.393585205078 381.922760009766 377.465240478516 373.021453857422 368.591918945312 364.177154541016 359.777709960937 355.394134521484 351.027069091797 346.677093505859 342.344848632812 338.031066894531 333.736419677734 329.461669921875 325.207611083984 320.975067138672 316.764892578125 312.578002929687 308.415313720703
514.281066894531 510.656433105469 507.055236816406 502.932403564453 498.262969970703 493.600036621094 488.943756103516 484.294342041016 479.651947021484 475.016845703125 470.389190673828 465.769256591797 461.1572265625 456.553405761719 451.957977294922 447.371215820312 442.793395996094 438.224822998047 433.665771484375 429.116546630859 424.577423095703 420.048797607422 415.530975341797 411.024322509766 406.529205322266 402.046020507812 397.573883056641 393.10302734375 388.645080566406 384.200469970703 379.769653320312 375.353179931641 370.951477050781 366.565124511719 362.194702148437 357.840759277344 353.503875732422 349.184753417969 344.884033203125 340.602416992188 336.340606689453 332.099395751953 327.879547119141 323.681945800781 319.507446289062 315.35693359375 311.231414794922
517.725769042969 514.058349609375 509.392761230469 504.733581542969 500.080993652344 495.435150146484 490.796295166016 486.164581298828 481.540222167969 476.923461914062 472.314514160156 467.713592529297 463.120941162109 458.536804199219 453.961456298828 449.395141601562 444.838165283203 440.290802001953 435.753356933594 431.226165771484 426.709503173828 422.203735351562 417.709228515625 413.226318359375 408.754211425781 404.283325195312 399.824951171875 395.379577636719 390.947570800781 386.529418945312 382.125640869141 377.736694335937 373.363098144531 369.005432128906 364.664215087891 360.340118408203 356.03369140625 351.745635986328 347.476623535156 343.227325439453 338.99853515625 334.790985107422 330.605499267578 326.442962646484 322.30419921875 318.190185546875 314.101898193359
520.524719238281 515.869140625 511.220123291016 506.577728271484 501.942230224609 497.313781738281 492.692596435547 488.078887939453 483.472839355469 478.874725341797 474.284729003906 469.703094482422 465.130096435547 460.565948486328 456.010955810547 451.465393066406 446.929534912109 442.403656005859 437.888122558594 433.383209228516 428.889251708984 424.406646728516 419.934509277344 415.463592529297 411.004852294922 406.558715820312 402.125610351562 397.705932617187 393.300140380859 388.908721923828 384.532196044922 380.171020507812 375.825744628906 371.496978759766 367.185241699219 362.891174316406 358.615386962891 354.358581542969 350.121398925781 345.904602050781 341.708953857422 337.535186767578 333.384155273438 329.256744384766 325.15380859375 321.076324462891 317.025238037109
522.360961914062 517.721923828125 513.089660644531 508.46435546875 503.846221923828 499.235412597656 494.632171630859 490.036743164062 485.449279785156 480.870056152344 476.299285888672 471.737213134766 467.184112548828 462.640258789062 458.105895996094 453.581298828125 449.066802978516 444.562713623047 440.069305419922 435.586975097656 431.114837646484 426.643890380859 422.184783935547 417.737945556641 413.303771972656 408.882629394531 404.474975585938 400.081237792969 395.701904296875 391.337463378906 386.988372802734 382.655212402344 378.338470458984 374.038757324219 369.756683349609 365.492828369141 361.247833251953 357.022399902344 352.817230224609 348.633056640625 344.470611572266 340.330718994141 336.214202880859 332.121978759766 328.054870605469 324.013885498047 320
524.238525390625 519.6162109375 515.0009765625 510.392974853516 505.792449951172 501.199554443359 496.614532470703 492.03759765625 487.468963623047 482.908905029297 478.357604980469 473.815368652344 469.282440185547 464.759063720703 460.245574951172 455.742248535156 451.249389648437 446.767272949219 442.295135498047 437.824157714844 433.36474609375 428.917236328125 424.482025146484 420.059509277344 415.650085449219 411.254180908203 406.872222900391 402.504669189453 398.151977539062 393.814666748047 389.493255615234 385.188262939453 380.900238037109 376.629791259766 372.377502441406 368.143981933594 363.929931640625 359.736022949219 355.562927246094 351.411437988281 347.282318115234 343.176330566406 339.094390869141 335.037322998047 331.006042480469 327.001525878906 323.024780273437
526.156799316406 521.551513671875 516.953552246094 512.363159179688 507.780456542969 503.205718994141 498.63916015625 494.080963134766 489.531402587891 484.99072265625 480.459167480469 475.936981201172 471.424438476563 466.921844482422 462.429443359375 457.947601318359 453.475463867188 449.004455566406 444.544708251953 440.096588134766 435.660430908203 431.236602783203 426.825500488281 422.427520751953 418.043060302734 413.672576904297 409.316497802734 404.975311279297 400.649475097656 396.339508056641 392.045928955078 387.769256591797 383.510101318359 379.26904296875 375.046661376953 370.843627929688 366.660614013672 362.498291015625 358.357360839844 354.238616943359 350.142822265625 346.07080078125 342.023376464844 338.00146484375 334.005981445312 330.037872314453 326.09814453125
528.115539550781 523.527465820312 518.947021484375 514.374389648438 509.809753417969 505.253387451172 500.705505371094 496.166290283203 491.636047363281 487.114990234375 482.603363037109 478.101440429688 473.609558105469 469.127899169922 464.655792236328 460.184753417969 455.724700927734 451.275970458984 446.838897705078 442.413818359375 438.001129150391 433.601196289062 429.214385986328 424.841156005859 420.481872558594 416.136993408203 411.807006835937 407.492340087891 403.193511962891 398.911010742187 394.645416259766 390.397247314453 386.167053222656 381.955505371094 377.763153076172 373.590698242188 369.438751220703 365.308074951172 361.199401855469 357.113433837891 353.050994873047 349.012908935547 345 341.01318359375 337.053405761719 333.121612548828 329.218780517578
530.114135742188 525.543518066406 520.980834960938 516.426208496094 511.8798828125 507.342102050781 502.813079833984 498.293090820312 493.782348632813 489.281097412109 484.789642333984 480.308227539062 475.836120605469 471.365051269531 466.904693603516 462.455413818359 458.017456054688 453.591217041016 449.177032470703 444.775238037109 440.386199951172 436.010314941406 431.648010253906 427.299652099609 422.965728759766 418.646636962891 414.342864990234 410.054870605469 405.783203125 401.5283203125 397.290832519531 393.071228027344 388.870147705078 384.688171386719 380.525939941406 376.384124755859 372.263336181641 368.164367675781 364.087890625 360.034729003906 356.005615234375 352.001434326172 348.022979736328 344.071228027344 340.147033691406 336.251403808594 332.385314941406
532.152221679688 527.599304199219 523.054504394531 518.51806640625 513.990295410156 509.471282958984 504.961395263672 500.460784912109 495.969757080078 491.488555908203 487.016418457031 482.545349121094 478.084716796875 473.634887695312 469.196105957031 464.768768310547 460.353118896484 455.949554443359 451.558410644531 447.180053710937 442.814849853516 438.463226318359 434.125549316406 429.802276611328 425.493835449219 421.200653076172 416.923248291016 412.662078857422 408.417663574219 404.190551757812 399.981262207031 395.790344238281 391.618438720703 387.466125488281 383.334045410156 379.222900390625 375.13330078125 371.066040039062 367.021789550781 363.001373291016 359.005584716797 355.035217285156 351.091156005859 347.17431640625 343.285583496094 339.425994873047 335.596496582031
534.229370117188 529.694274902344 525.167602539062 520.649597167969 516.140502929688 511.640502929688 507.149871826172 502.668884277344 498.196746826172 493.725646972656 489.264739990234 484.814392089844 480.374847412109 475.946411132812 471.529418945312 467.124176025391 462.731018066406 458.350311279297 453.982391357422 449.627624511719 445.286437988281 440.959167480469 436.646301269531 432.348236083984 428.0654296875 423.798309326172 419.54736328125 415.313140869141 411.096099853516 406.896789550781 402.715789794922 398.553649902344 394.410949707031 390.288360595703 386.186492919922 382.106018066406 378.047607421875 374.012023925781 370 366.012298583984 362.049713134766 358.113098144531 354.203338623047 350.3212890625 346.467895507812 342.644134521484 338.851013183594
536.345031738281 531.828002929688 527.319641113281 522.820251464844 518.330017089844 513.849182128906 509.377075195312 504.905944824219 500.444793701172 495.993957519531 491.553649902344 487.124206542969 482.705902099609 478.299072265625 473.903991699219 469.521026611328 465.150512695312 460.792785644531 456.4482421875 452.117248535156 447.800170898438 443.497467041016 439.209503173828 434.936767578125 430.6796875 426.438751220703 422.214385986328 418.007171630859 413.817596435547 409.646179199219 405.493530273437 401.360198974609 397.246765136719 393.153900146484 389.082244873047 385.032470703125 381.005249023438 377.001312255859 373.021453857422 369.066375732422 365.136962890625 361.234008789062 357.358367919922 353.510955810547 349.692718505859 345.904602050781 342.147644042969
538.498840332031 534 529.510131835938 525.029541015625 520.557373046875 516.086242675781 511.624847412109 507.173553466797 502.732543945312 498.302124023437 493.882568359375 489.474212646484 485.077301025391 480.692199707031 476.319213867188 471.958679199219 467.610961914062 463.2763671875 458.955322265625 454.648223876953 450.355407714844 446.077362060547 441.814453125 437.567138671875 433.335906982422 429.121185302734 424.923522949219 420.743377685547 416.581329345703 412.437866210938 408.313598632812 404.209106445312 400.124969482422 396.061859130859 392.020416259766 388.001281738281 384.005218505859 380.032897949219 376.085083007812 372.16259765625 368.266204833984 364.396759033203 360.555114746094 356.742218017578 352.958923339844 349.206237792969 345.485168457031
540.690307617187 536.209838867188 531.737731933594 527.266540527344 522.804931640625 518.353149414062 513.911499023438 509.480133056641 505.059387207031 500.649566650391 496.250946044922 491.863800048828 487.488464355469 483.125244140625 478.774475097656 474.436492919922 470.111694335938 465.800384521484 461.502990722656 457.219848632812 452.951446533203 448.698120117187 444.460357666016 440.238586425781 436.033264160156 431.844879150391 427.673950195312 423.520965576172 419.386444091797 415.27099609375 411.175140380859 407.099487304688 403.044677734375 399.011291503906 395 391.011505126953 387.046508789062 383.105743408203 379.189910888672 375.299865722656 371.436401367188 367.600311279297 363.792510986328 360.013885498047 356.265350341797 352.547882080078 348.862426757812
542.918029785156 538.446838378906 533.985046386719 529.532836914062 525.090454101562 520.658264160156 516.236389160156 511.825164794922 507.424865722656 503.035797119141 498.658203125 494.292419433594 489.938781738281 485.597564697266 481.269165039062 476.953887939453 472.652099609375 468.364166259766 464.090515136719 459.831481933594 455.587524414062 451.359069824219 447.146514892578 442.950347900391 438.77099609375 434.609008789062 430.464874267578 426.339080810547 422.232177734375 418.144714355469 414.077301025391 410.030487060547 406.004913330078 402.001251220703 398.020111083984 394.062164306641 390.128173828125 386.218841552734 382.334930419922 378.477203369141 374.646514892578 370.843627929688 367.069488525391 363.324920654297 359.610900878906 355.928375244141 352.278289794922
545.165100097656 540.712463378906 536.26953125 531.83642578125 527.413513183594 523.0009765625 518.599060058594 514.208129882812 509.828399658203 505.460174560547 501.103790283203 496.759490966797 492.427673339844 488.108581542969 483.802642822266 479.510162353516 475.231536865234 470.967102050781 466.717254638672 462.482421875 458.263031005859 454.059478759766 449.872192382812 445.701690673828 441.548400878906 437.412841796875 433.295501708984 429.196929931641 425.117645263672 421.058197021484 417.019195556641 413.001220703125 409.0048828125 405.030853271484 401.079803466797 397.152374267578 393.249298095703 389.371276855469 385.519134521484 381.693603515625 377.895477294922 374.125640869141 370.384948730469 366.674255371094 362.994476318359 359.346618652344 355.731628417969
547.448608398438 543.014709472656 538.590759277344 534.176940917969 529.773559570312 525.380798339844 520.9990234375 516.628479003906 512.269470214844 507.922241210937 503.587127685547 499.264465332031 494.954528808594 490.65771484375 486.374328613281 482.104766845703 477.849334716797 473.608489990234 469.382568359375 465.171997070312 460.977233886719 456.798645019531 452.63671875 448.491912841797 444.364715576172 440.255615234375 436.165100097656 432.09375 428.042053222656 424.010620117188 420 416.010803222656 412.043701171875 408.099243164062 404.178192138672 400.281158447266 396.408874511719 392.562103271484 388.741546630859 384.948059082031 381.182373046875 377.445373535156 373.737884521484 370.060791015625 366.415069580078 362.801605224609 359.221374511719
549.768127441406 545.353088378906 540.9482421875 536.553833007812 532.170104980469 527.797302246094 523.435791015625 519.085754394531 514.747497558594 510.42138671875 506.107696533203 501.806732177734 497.518829345703 493.244354248047 488.983642578125 484.737030029297 480.504943847656 476.287719726563 472.085784912109 467.899566650391 463.729461669922 459.575897216797 455.439361572266 451.320281982422 447.219177246094 443.136535644531 439.072875976562 435.028747558594 431.004638671875 427.001159667969 423.018920898437 419.058471679688 415.120452880859 411.205535888672 407.314361572266 403.447631835938 399.606048583984 395.790344238281 392.001281738281 388.239624023438 384.506164550781 380.801788330078 377.127288818359 373.483612060547 369.871612548828 366.292236328125 362.746459960938
552.123168945312 547.727111816406 543.341491699219 538.966613769531 534.602661132812 530.249938964844 525.908752441406 521.579345703125 517.262023925781 512.957092285156 508.664916992188 504.385772705078 500.119995117187 495.867919921875 491.629943847656 487.406402587891 483.197692871094 479.004180908203 474.826293945312 470.664428710938 466.519012451172 462.390533447266 458.279388427734 454.186096191406 450.111083984375 446.054931640625 442.018096923828 438.001129150391 434.004608154297 430.029083251953 426.075103759766 422.143341064453 418.234375 414.348876953125 410.487518310547 406.650970458984 402.839904785156 399.055145263672 395.29736328125 391.567352294922 387.865966796875 384.193969726562 380.552215576172 376.941650390625 373.363098144531 369.817535400391 366.292236328125
554.513305664062 550.136352539062 545.770080566406 541.414794921875 537.070739746094 532.738220214844 528.417419433594 524.108764648438 519.812438964844 515.528869628906 511.258239746094 507.0009765625 502.757385253906 498.52783203125 494.312652587891 490.112243652344 485.926940917969 481.757202148437 477.603393554687 473.465942382812 469.345275878906 465.241882324219 461.156158447266 457.088623046875 453.039733886719 449.010009765625 445 441.010192871094 437.041198730469 433.093536376953 429.167785644531 425.264617919922 421.384613037109 417.528442382812 413.696746826172 409.890228271484 406.109588623047 402.355560302734 398.62890625 394.930358886719 391.260772705078 387.620941162109 384.01171875 380.433959960938 376.888580322266 373.363098144531 369.871612548828
