rasters/edaphic/S_CEC_CLAY.asc
NCOLS 720 
NROWS 300 
XLLCORNER -180 
YLLCORNER -60 
CELLSIZE 0.5 
NODATA_value -9999 
[rows 72 to 107 of 300, columns 80 to 159 of 720]
0 0 0 0 0 0 0 0 0 0 0 0 1.25999999046326 14.0799999237061 50.4732339560054 37 23.567151734609 3.78081384736613 12.2171312090934 37 37 62.0535320879892 62.3762837971465 63 42.2986405148575 0.364629974216255 36 27.5987916708687 56 56 56 56 56 53.0890918436237 40.2567329703803 59.5 52.2013594851425 28.1274091420015 36.5795185348571 1.34338867250467 0 0 0 53.9614537279779 56 56 56.5096365680058 60.7993953759553 56 46.5 56 47.0746557321809 55.6541751859961 56.1041799529572 64.9565827333272 65.4732339560054 65.4732339560054 56.3276235080037 62.042662405575 56.3276235080037 56.2159017304805 56.0926044489169 56 56 56.1456104480017 56.0463022244585 56.0463022244585 56 56.1456104480017 40.2778133467508 40.5824417920066 55.0868364719879 83.1726395364485 52.6274091420015 48.9305466980285 48.908993469999 49.3299813653282 54.9275593790545 44 0.800857464010327
0 0 0 0 0 0 0 0 0 0 0 0 0 8.18132766728161 40.4354591415048 50.4732339560054 29.0214138846717 8.28479667692948 5.83918627661154 14.6114346581426 36.595931010267 37 37 61.7447137401966 1.14668227801309 30.3533177219869 0.729259948430275 29.8293476208256 55.6359738799958 56 56 56 56 46.8458248140039 37.6916496280079 59.0267660439946 32.6466822780131 31.5 0 26.9807268639884 28 1.38390311022677 0 0 26.9807268640197 54.6566112927791 56 84 84 60.7993953759553 40.6025577843842 53.3977636168598 62.042662405575 65 73.9865634631591 91 78.3227517091573 65 65 65.0173633949253 65.1274091420015 68.4131052610044 64.2912208960033 55.6886677454017 56.2912208960033 59.8543895519983 60.2912208960033 62.4710902959825 59.0822264824222 53.6624751423481 40.5824417920066 52.7644548520087 63.8361882459981 46.2178357593627 49.7567329703803 56.1456104480017 83.8842444041376 74.3132220538576 50.5045102575078 1.18545406573874e-12
0 0 0 0 0 0 0 0 0 0 0 0 0 1.2141326996899 10.6095928369219 40.3167866354097 62.2282646325344 14.3647972898541 3.87173455293649 2.87918623846456 9.43143459138537 26.0743037368668 36.649806876722 37 41.8254065588521 42.2986405148575 32.6466822780131 2.29336455602618 29.8293476208256 56 56 56 56 56 56 46.8458248140039 59.3725908579985 41.0650634978488 22.9947240411687 0 0 1.14668227801309 31.5 0 0 0 45.3819342741616 64.1813314880331 69.4903634319942 56 56 56.2159017304805 65 65 63.8169151099865 90.5267660439946 77.6905777979965 63.586081510164 48 62.9274494046317 56.1698346839042 72.0182013060002 72.9100653000104 72.144694494828 72 72 72 46.3793235507807 64.2912208960033 56 60.0759532262387 81.0535320879892 68.6772482908427 61.2256456362593 61.3249538598025 63.7087791039967 69.054994176043 79.1642020120443 84 42.0000000000471
0 0 0 0 0 0 0 0 0 0 0 0 0 0 1.2141326996899 7.33066348891273 14.8447961409189 62.0367868850804 6.29999995231628 0 0.713062076309273 4.30531039108311 13.8444964856388 36.649806876722 37.4732339560054 63 41.7673489445007 30.3533177219869 2.0172617372188e-11 35.1363929739294 55.2719477599917 56 56 56.2449186715449 56.2912208960033 57.5168665322626 56.2912208960033 59.3725908579985 62.8320763855602 2.2528500836043 10.7986405148595 32.6466822780295 0.364629974215138 32.282052303798 0.364629974215138 0 0 0 54.9807268639884 56 56 65 65 65 65.1504822468481 91 91 59.2012861960137 58.3640261200042 64.9358868283098 77.5291983027306 95.9408942878598 97 97 97 89.4929211671303 96.1081360059898 97 87.5605829848564 72.4550326500052 81.8179869399979 81.5254022513751 82 56.4732339560054 56.0463022244585 56.1456104480017 56.1919126724601 69.4732339560054 82.4854916331477 41.6359738799958
0 0 0 0 0 0 0 0 0 0 0 0 0 0 0 0 4.90239808953294 7.3765307796861 6.1623980799962 0 0 0 4.35918625753805 24.3391862766115 36.7794001560023 63 1.51131225222823 0 0 30.717947696202 1.14668227801309 35.3447529839925 52.2078345883015 55.2719477599917 57.9006916757307 72 61.371256084261 56 37.5987916708687 56 58.554968521056 63 21.8480417631556 11.1632704890727 30.3533177219869 32.2462535460085 0.208359992704986 0 0 54.9807268639884 56 65 65 64.8543895519983 62.2997856339977 68 90.2173438419911 70.2826561580089 79.9186300380048 49.0637432458254 96.0807662322846 90.4903634319942 74 89.9122103637515 95.5438955199834 96.2719477599917 49.6745201520191 96.8907921639988 97 96.2355451479913 76.7644548520087 39.9521095943078 81.6359738799958 81.5433694310789 82 67.4129483191538 60 56 58.8351164159867 62.464698620319
0 0 0 0 0 0 0 0 0 0 0 0 0 0 0 0 0 0 0 0 0 0 3.70000004768372 11.8400001525879 29.7223549025185 49.5267660439946 62.5267660439946 63 1.14668227801309 0.364629974215138 40.7873282626293 0 29.1741006048182 17.3447529839929 24.1706519196953 65.3897203339873 56.7462535460085 57.4175583087194 56.1456104480017 56.1919126724601 62.8725908579985 62.6353700257849 32.6466822780131 32.6466822780131 0.364629974215138 30.3533177219869 38.6268052877905 18.2372988916706 0.655247016007479 18.4012074101732 60.4479100235214 65 65 66.314737479883 64.3854768861193 78.7173438419911 76.0878450651543 91.0347266509857 97 97 77.2315110528599 77.7280522400083 57.9595632928682 76.2719477599917 57.9595632928682 97 97 94.1092078360012 97 97 92.2597909379817 72 72 56.5824417920066 76.9421222020688 81.7765564449535 68.5096365680058 57.417558239287 27.3048424004814 0
0 0 0 0 0 0 0 0 0 0 0 0 0 0 0 0 0 0 0 0 0 0 2.96000003814697 36.4612413441297 37 32.1627415901003 38.2089738987667 50.3227517091573 63 63 32.6466822780131 1.14668227801309 0 0 2.29336455602618 41.1194243166469 75.8811555959929 80.3543895519983 95.6531033559846 74.0652728962437 63.7087791039967 56 59.5 63 63 32.6466822780131 1.14668227801309 39.3570352824026 24.1706519196953 0 28 65 65 68 68 79.9186300380048 70.2826561580089 94 97 97 73.3918639940102 88.6010571731201 64.584330823397 83.5726774846177 83.8562785833887 97 92.1376494397179 95.1889022382744 95.5438955199834 96.0404367071318 81.6973830999323 72.144694494828 70.1615324645691 65.7815843279975 72 75.2396272801687 81.6359738799958 72 56.5824417920066 56.0926044489169
0 0 0 0 0 0 0 0 0 0 0 0 0 0 0 0 0 0 0 0 0 0 2.87918623846456 9.43143459138537 26.1281796033218 37 37 36.3265516779923 63 62.7511308290827 63 62.217947696202 32.6466822780131 31.5000000000165 51.0546772071294 62.6353700257849 78.599103292195 79.3576050420326 63.8080873275399 60.6995617653668 46.7462535460085 46.0538243208739 59.5 63 63 62.6353700257849 31.5 20.5 38.1659554140247 18 28 63.8169151099885 65.0546039180006 68 68 68 78.7173438419911 58.3640261200042 72.3361882459981 96.8321544970915 96.1081360059898 96.1081360059898 89.3250756642218 48.7280522400083 87.0583966054613 97 78.6916496280079 90.7064696080591 96.5282859208117 45.0118040450995 56.8145569758698 76.2719477599917 88.7851764120131 72.4550326500052 72 72 72 72 72 72
0 0 0 0 0 0 0 0 0 0 0 0 0 0 0 0 0 0 0 0 0 0 0 0.713062076309273 5.7853104101566 14.8175590118904 36.8480319503205 18.8646300262895 5.29100237440524e-11 53.6547550986358 56.6848341203412 63 62.1991425359909 62.1991425359909 42.2986405148575 2.29336455602618 52.2013594851425 155 56 46 42.7679125105735 55.908993469999 59.3725908579985 30.3001502371058 62.2563384376123 62.6151805903748 2.29336455607794 43.1911083630787 36.6887455454244 36.3640261200042 28.324115536493 33.5713631125436 66.1177725739956 67.9453960819994 68 61.4281392916943 61.4281392916943 68 68.8878302451035 68.6956833769146 68.2360646551407 67.6102796660127 83.027837874006 69.055675748012 97 97 97 97 77 71.5998258966279 92.0284416037167 74.6188444040071 90.5813699619952 79.0813699619952 76.2123711880123 72.4550326500052 72 72 75.0853284869824 80.6723764919963
0 0 0 0 0 0 0 0 0 0 0 0 0 0 0 0 0 0 0 0 0 0 0 0 0 3.13918622892782 9.58438937551318 36.478076463324 11.0272972335003 50 63 54.1279890546412 41.6918260164631 38.3159947932534 41 36.0620676310354 41.2636944294481 155 107.301929294021 155 107.997282818383 52.6745201520191 53.0102112967011 106.535900541619 93.5 49.1745201520191 91.648344969512 155 155 45.6359738799958 56 51.091006530001 64.7451817159971 65.5824417920066 97 82.5 68 68 68 90.1627399239904 90.1627399239904 71.5237300555479 90.1627399239904 71.5237300555479 91.5013604287246 96.3043166230854 97 97 78.2248816796452 96.472162125994 97 97 80.1370457100073 68.8372600760096 78.3664583787402 83.8993569019931 72 76.5 72 71.7087791039967
0 0 0 0 0 0 0 0 0 0 0 0 0 0 0 0 0 0 0 0 0 0 0 0 0 0 1.2141326996899 4.4604220993333 12.3606783677562 41.3240645098963 61.9457803550793 63 40.6279890546412 30.0637080857932 32.6326387835681 94.3704471979757 153.645659917232 155 155 155 155 126 155 155 155 155 155 155 155 46.572989949562 56 56 51.0289388989656 80.1627399239904 81.972162125994 68 68 68 68 57.582013010754 68 68 68 68 68 68 68 68 95.944324251988 68 68 68 68 68 86.99900223954 68.527837874006 71.9768488530545 76.4479099540889 72.1041800918221 66.7425084926896
0 0 0 0 0 0 0 0 0 0 0 0 0 0 0 0 0 0 0 0 0 0 0 0 0 0 0 0 1.2141326996899 7.59066370911551 28.9441971944704 38.9304983558636 44.6343534147105 34.2988025384587 21.3451892915271 38 155 98.6295528020243 80.3212024301595 127.055675748012 116.058396605461 124.416486377982 152.912949730391 152.178797569969 155 153.343681153981 155 131.253116027215 155 155 56 65.1407972405054 56 51.091006530001 66.1905777979965 68 68 68 68 68 67.7633830219973 67.7633830219973 62.7002143660023 62.2997856339977 65.9143087478784 60.5665449284075 67.5267660439946 67.6064311268193 68 68 68 68 67.6723764919963 67.3447529839925 55.9146733509338 81.972162125994 73.4986395712754 71.7694036889166 79.2703728555615 76.5
0 0 0 0 0 0 0 0 0 0 0 0 0 0 0 0 0 0 0 0 0 0 0 0 0 0 0 0 0 1.49233399615336 12.0770019017717 38 43.4385317628763 82.4518171599709 12.1340106405187 38 98.6295528020243 155 153.944324251988 97 97 82.5 68 64.1456104480017 64 63.4357595139936 124.391928927244 155 155 155 124.944324251988 50.2655266820348 56 53.5 58.1456104480017 68 67.9453960819994 67.9453960819994 67.878456582685 58.8958199776103 50.3598362868999 50.2730195900031 58.6723764919963 62.0449673499948 53.0832020072075 50 18.2497814518679 33.570350067152 59.3276235080037 68 67.6723764919963 67.3447529839925 64.58704984293 67.3447529839925 58.7765565143859 59 68 96.3043166230854 83.027837874006 72
0 0 0 0 0 0 0 0 0 0 0 0 0 0 0 0 0 0 0 0 0 0 0 0 0 0 0 0 0 0 6.75700218958937 28.0646679160128 38 15 13.8698333152652 40.1295528020243 155 155 153.416486377982 96.472162125994 77.1167858592579 94.8886485039759 97 97 80.5 49.0642404860064 152.779440667975 155 155 155 155 125.472162125994 56 56.1638117540019 56 65.5532929613339 60 64.9479100235214 64.7840982695195 65 65 65 50.2730195900031 50 50.3276235080037 67.8958199776103 67.8958199776103 59 67.3447529839925 58.6723764919963 58.8958199776103 50.8554613820098 50.8554613820098 58.7997856339977 68 68 68 50.3276235080037 67.6723764919963 88.6173309091046
0 0 0 0 0 0 0 0 0 0 0 0 0 0 0 0 0 0 0 0 0 0 0 0 0 0 0 0 0 0 2.25233398661662 24.6926761368819 38 26.5 15 15 61.0030194443911 155 93.2003013191921 81.444324251988 39.6916496280079 58.2222046836308 97 97 95.7987138039863 64.0231511469455 38.8778566638201 150.558881335949 155 155 155 111.5 56.2184156720025 56.148962370031 62.1518702415763 57.3302443860062 47.5287200494201 59.1757532664275 56.0694533019715 59.1707254528159 64.4539608199938 64.4539608199938 52.2980862572048 50 50 50 50 67.3447529839925 58.6723764919963 50 50.5510669936178 73.332154427659 72.6445386179902 53.6274091420015 68 68 59.3276235080037 59 58.7765565143859 68
0 0 0 0 0 0 0 0 0 0 0 0 0 0 0 0 0 0 0 0 0 0 0 0 0 0 0 0 0 0 0.732334005690103 12.8646676385895 38 26.5 24.1041799876734 82.4518171599709 155 155 111.5 44.4986414091915 40.7513591249266 44.555675748012 96.3917371047608 79.8993569019931 64.0231511469455 64.1456104480017 49.2098509340081 64 155 155 155 111.5 59.9431167925666 56.0520899764786 62 62 62 62.2010522770772 67.7815843279975 62 56.2422968589375 68 50.5510669936178 50 50 50 50 50 50 50 55.9146733509338 59.3276235080037 51.0738770540123 68.4186300380048 67.8958199776103 68 67.3447529839925 55.9146733509338 50 68
0 0 0 0 0 0 0 0 0 0 0 0 0 0 0 0 0 0 0 0 0 0 0 0 0 0 0 0 0 0 0 11.3999998569489 38 26.5 24.5642404860064 32.5681965043228 97.7430380559742 161.218415672002 83.027837874006 97 49.7837279880204 57.29080682089 90.7429262436352 64.0728052240008 64.6856289610886 64 67.9271947759992 109.843681153981 155 155 155 155 107.301929294021 60.5 58.0568832074334 62 62 64.8958200470428 62 67.563168655995 61.8669109770637 50.3276235080037 50.2730195900031 50.2730195900031 50.2730195900031 50.3598362868999 50 50 68 59 50 90.7627010562551 91 50.7462535460085 50.3276235080037 50.4318035303934 50.1041800223897 50.6552470160075 50.4550326500052 67.9363344500487
0 0 0 0 0 0 0 0 0 0 0 0 0 0 0 0 0 0 0 0 0 0 0 0 0 0 0 0 0 0 0.78766597523641 12.9753315863612 38 26.9732339560054 62.8245349072189 19.0754798991498 38 131.472162125994 95.944324251988 95.944324251988 90.7660773905807 64.0231511469455 64 65.9271947759992 66.0728052240008 64.1456104480017 66 65.6563188460189 111.156318846019 155 155 109.5 103.604389049174 108.380083765982 67.9453960819994 62.2010522770772 62.1638117540019 56 61.7815843279975 51.091006530001 53.408993469999 61.53928746906 52.8907921639988 56 53.1092078360012 64.3034785731456 50 50 58.6723764919963 58.4357595139936 49.6881418985732 50.0521680185774 83.4808761574593 90.0990743740391 68 67.7997856339977 68 68 57.2002143660023 62.5
0 0 0 0 0 0 0 0 0 0 0 0 0 0 0 0 0 0 0 0 0 0 0 0 0 0 0 0 0 0 2.30766595616292 25.1076659171583 38 39.5 38.6081360059898 30.4423610125108 102.5 117.5 68 67.8775406989438 67.8543895519983 67.9271947759992 64.1224593010562 64.0728052240008 66.6856289610886 68 65.9734970698901 64 155 155 155 83.0292933711737 49.5021438598633 59.4186538550756 65.408993469999 65.2594043557716 56 56 56 54.9807268639884 51.1820130600021 43.2633830219973 50 50 55.8907921639988 49.7567329703803 37 43.5 37.2366169780027 37 46.3900322255902 56 56.9635973879996 57 65.9143087478784 62.2997856339977 57 57 57 62.5
0 0 0 0 0 0 0 0 0 0 0 0 0 0 0 0 0 0 0 0 0 0 0 0 0 0 0 0 0 0 3.63698089801279 26.2739617960256 37.5813699619952 38.6081360059898 15.6082628952392 34.476269025494 102.5 100.530704349094 68 68 67.9271947759992 64.6359748840332 64.0728052240008 68 68 66.8715190279871 67.4357595139936 64.6856289610886 153.343681153981 155 65.6563188460189 63.5995712679954 52.8726689000973 52.5995712679954 39.9874547578637 67.4175582079934 96.664308855318 56.7462535460085 55.3067764715992 56 56 46.6099677744098 43.5 50 58.6723764919963 56.436831344005 37 43.7366169780027 41.2717086333364 37 37 55.6541751859961 56 56.5 57 57 57 57 57 57
0 0 0 0 0 0 0 0 0 0 0 0 0 0 0 0 0 0 0 0 0 0 0 0 0 0 0 0 0 0 3.33882235185445 20.802521594847 22.551851218111 14.3285932192069 18.9241597065106 38 82.102570571148 93.6744312794537 67.7517294064258 68 68 67.9363344500487 67.7997856339977 68 68 53.0642404860064 36.9635973879996 66.8715190279871 63.5085647379944 107.843681153981 107.843681153981 64 42.779518510233 42.3276235080037 65 52 68.864679098158 96.2248075550259 58.2548182840029 56 56.2184156720025 56.3326513216153 67.7815843279975 56.1706532981324 50.6552470160075 68 37.1794210763813 47.7717086333364 37 37 37 46.1541751859961 56 56.5 55.8001502370531 50.3276235080037 50.6552470160075 54.027837874006 57 57
0 0 0 0 0 0 0 0 0 0 0 0 0 0 0 0 0 0 0 0 0 0 0 0 0 0 0 0 0 0 3.62414714395581 15 14.8285932192069 14 14 38 47.8758647379291 57.9768488530545 57.2638799159536 68 68 48.6677042628756 62.5 68 84.9692919750738 68 52.0509890209515 35.9635973879996 36.9635973879996 45.8720109453588 37.1620577508884 38.0192731360116 38.0192731360116 38.0192731360116 64.6237944523121 49.9972809804669 64.190996649854 56.1638117540019 56.1638117540019 60.5520899764786 53.7548182840029 56.9613180985668 50.0289388989656 43.2633830219973 37 37 37 37 43.2633830219973 37 37 47 57 57 62.7002143660023 68 67.2719477599917 67.2719477599917 48 52.3361882459981
0 0 0 0 0 0 0 0 0 0 0 0 0 0 0 0 0 0 0 0 0 0 0 0 0 0 0 0 0 0 4.47815843627137 15 14.5 14 14.3414788967021 26 47.9271947759992 48.5824417920066 54.3640261200042 67.7020753293704 67.563168655995 67.7997856339977 69.8019292940206 101.938583950148 117.5 68 66.6856289610886 52.6794210763813 35.0728052240008 37 65 65 65.0173633949253 65.0364026120004 96.3993569019931 96.3993569019931 96.2083602521391 61.0824417920066 60.3361882459981 64.780824389589 63.9807268639884 52.8993569019931 50.9035508778033 37.5642404860064 62.3015644125612 47.1863838221864 37.1794210763813 56.6851352058008 47.6272323556273 38.1284809720129 68 68 68 68 68.527837874006 72.3231744784943 48 48 48 48
0 0 0 0 0 0 0 0 0 0 0 0 0 0 0 0 0 0 0 0 0 0 0 0 0 0 0 0 0 0 3.27815849911789 14.8580298097268 14.5182013060002 14 42.4261229459877 55.4565827333272 29.9290852709059 62.2569616418475 64.0728052240008 68 56.436831344005 68 167 115.698070705979 68 68 68 68 38.1284809720129 42.8547055168746 66.4271947759992 64.0959563709463 65.3993569019931 66.190996649854 80.690996649854 80.5 64.6006430980069 95.2344733179798 56.964669218011 52.5 37 37 37 37 47.1863838221864 57.3727676443727 61.4486950141726 51.9357595139936 62.6863838221864 68 68 72.9708016972694 83.027837874006 83.027837874006 81.2441098859857 48 48 48 48 48
0 0 0 0 0 0 0 0 0 0 0 0 0 0 0 0 0 0 0 0 0 0 0 0 0 0 0 0 0 0 2.07815839833882 10.789079170452 15 14 14.9828705240112 41 66.0342589519776 66.7045894782522 68 68 68 68 115.516057645977 64.5718588703895 55 68 68 68 67.9421222020688 64.1456104480017 67.8179869399979 66.0675137631923 66.285200229084 60.5179666116753 75.6980707059794 95.6923319390373 79.8993569019931 80.5 77.5291983027306 37 37 37 37 37 37 37.5096365680058 50.8361882459981 51.3458248140039 37 68 68 81.972162125994 95.944324251988 96.3043166230854 73.0561729881931 49.0076195898726 48 48 48 48.3640261200042
0 0 0 0 0 0 0 0 0 0 0 0 0 0 0 0 0 0 0 0 0 0 0 0 0 0 0 0 0 0 1.52184156589839 10.5109207818643 15 14 14 14 14 14 67.6874600022635 68 68 68 70.9073955510831 50 42 54.5267660439946 54.5267660439946 67.8179869399979 58 62.8179869399979 58 57.3428144805443 54.6814384007392 27.3048424004814 0.324115536493037 26.9807268639884 64.6006430980069 64 68.0728052240008 38.1284809720129 37.9828705240112 37.9828705240112 37 37 51.0546039180006 60.6117217775233 40.6025577843842 58.611512780421 42.1452201899593 67.9305466980285 68 67.9247588765759 67.8495177531519 68 68 67.5202183535659 68 51.7921654116985 48.1157555264299 58.3640261200042
0 0 0 0 0 0 0 0 0 0 0 0 0 0 0 0 0 0 0 0 0 0 0 0 0 0 0 0 0 0 2.68907914661011 11.2419700949058 14.5 14 14 16.7849359069207 18.4565818143691 14 31.7440218907175 68 67.5267660439946 78.4994254727569 49.7087791039967 42 42 42 42 54.8179869399979 58 58 58 58 19.0583947675451 28 38.4895838348674 29.7308000310344 80.5 64 71.7087791039967 71.7087791039967 70.4831353056535 57 39.4649083446663 37 68 62.2184156720025 56.2184156720025 37.3458248140039 56 62 68 68 55.4732339560054 67.2719477599917 48.7280522400083 68 68 68 58.3640261200042 68
0 0 0 0 0 0 0 0 0 0 0 0 0 0 0 0 0 0 0 0 0 0 0 0 0 0 0 0 0 0 2.08907924197755 14.6939132645299 22.5070788328697 14.9100653000104 14 40 40 11.8551201365462 14 82.2526746239801 55.3276720611036 42 63 42 42 42 42.1986164470864 50 30.0556757480597 58 58 58 29 3.25003292886391e-11 55.2256456362593 65.4438698157483 49.4100653000104 64 64 84 84 83.3811555959929 82.7623111919859 59 65.9431167925666 56 56 55.4875864460199 56 62 68 48.7280522400083 48.7280522400083 58.3640261200042 68.1638117540019 54.9358868283098 58.3640261200042 68 68 68
0 0 0 0 0 0 0 0 0 0 0 0 0 0 0 0 0 0 0 0 0 0 0 0 0 0 0 0 0 0 0.867237683660554 4.73475840316242 14.9293789306362 63.1081360059898 26.5267660439946 49 43.41295015707 14.4732339560054 14 28.4580924555228 58 63.2912208960033 84 62.2355451479913 42 42 42 50 58 58 58 58 58 58 57.9271947759992 54 72.6445386179902 64 64.7280522400083 91.5345659914961 85.6732667588893 80.2738151127938 58.8958199776103 67.3447529839925 62.2184156720025 56.2184156720025 56 56 56 61.7815843279975 67.6359738799958 68 68 68 75.9281411296105 82.5 68 68 68 68
0 0 0 0 0 0 0 0 0 0 0 0 0 0 0 0 0 0 0 0 0 0 0 0 0 0 0 0 0 0 0 1.7672376598187 11.4115631043468 39.5 46.7758842440902 43.6769369087779 57.8958199776103 40.1289583063654 14 13.7451817159971 36 71 62.2355451479913 42 42 42 42 42 58 58 58 58 58 57.9635973879996 56.0115755734727 54.7098509340081 52.3996976879776 67.4281411296105 51.1010571731201 89.2224786852898 61.7390529706327 67 50 55.9146733509338 59.7991823055796 59.9431167925666 56 56 64.2912208960033 56 52.2150637499731 62.6863838221864 62.1221433361799 67.5202183535659 68 68 65.6103327787578 65.5350916553337 67.6881418985732 68
0 0 0 0 0 0 0 0 0 0 0 0 0 0 0 0 0 0 0 0 0 0 0 0 0 0 0 0 0 0 0 0.58907923980778 7.71809449160087 32.082303984052 64 40.436831344005 49 40.3276235080037 27.1504822121319 14 35.1991425359909 70.5267660439946 50.2912208960033 58 42.3838253449203 42 42.0926044489169 47.5487087274814 58 58 58 58 58 57.0364026120004 78.2098509340081 57.8554613820098 57 42.3137971068937 42.5 51.3740767631232 35.2730195900031 49.9817986939998 54.9715583962833 50.0347266509857 50 55.856065513013 52.9652733490143 56 63.6847900459763 55.9635973879996 46.4817986939998 37 37 37 47.7361200840464 67.6359738799958 68 68 55.4732339560054 57.4649083446663
0 0 0 0 0 0 0 0 0 0 0 0 0 0 0 0 0 0 0 0 0 0 0 0 0 0 0 0 0 0 0 0 2.79127989143244 20.2246154249694 64 51.563168655995 48.6723764919963 44.8797134844823 40 18.4565818143691 14 56.8634514607413 58 58 58 58 55.2574878314781 50 58 58 58 58 58 58.4841276331684 96.0991524161379 80.5 54.7993953759553 50 42.7548182840029 35.5460391800062 42.4131833031032 35.7644548520087 50 53.0347266509857 53.1092078360012 56 56 55.9693851400197 52.0182013060002 55 46.6763331790673 45.7282913666636 37.4732339560054 37.436831344005 37.4004287320046 37.4004287320046 67.5202183535659 67.8842444735701 67.8842444735701 68
0 0 0 0 0 0 0 0 0 0 0 0 0 0 0 0 0 0 0 0 0 0 0 0 0 0 0 0 0 0 0 0 0 7.54021380138149 23.8108782665803 21.2312971324031 40 49 40.3276235080037 40 14.4732339560054 14 50.4580924555228 58 58 58 58 50 58 58 58 58.7098509340081 59.4197018680162 70.7691014261424 64 79.972162125994 53.9010562787861 42.2269804099969 35.2730195900031 42.2269804099969 62.944324251988 47.7750366375688 49.1158335685287 56 56 56 56 52.0182013060002 49 55.6714063213141 52.5289388989656 50 50 43.7366169780027 37 37.3848194096252 68 51.4463405976945 48.7859300379395 48.7280522400083
0 0 0 0 0 0 0 0 0 0 0 0 0 0 0 0 0 0 0 0 0 0 0 0 0 0 0 0 0 0 0 0 0 0 9.32385470246765 63.1857819230896 28.3468966440154 40 57.5057877520201 48.5 40 14.9464679120108 14 58 51.5752411234241 57.7633830219973 57.9247588765759 57.7633830219973 57.5267660439946 57.7633830219973 57.5267660439946 68.3502175553429 70.1445386179902 88.0884084337385 96.2001365312633 66.0728052240008 35.6874597949037 37.844125437211 44.9254953992062 49.7087791039967 49.7087791039967 49.8543895519983 54.908993469999 55 55.6571873573719 55.9693851400197 56 55.5173633254929 50.5947523820536 56 55.5182013060002 50.2530642808894 50.1620577508884 37.4732339560054 37.4732339560054 52.1541751859961 58.1541751859961 49 62.972162125994 78
0 0 0 0 0 0 0 0 0 0 0 0 0 0 0 0 0 0 0 0 0 0 0 0 0 0 0 0 0 0 0 0 0 0 4.98021385860195 20.6441111706258 37.9771205775547 59.4494004032121 48.5 57.3735068806047 40.3094222020035 40.0983922009371 18.4565818143691 36 58 45.2366169780027 51.5 45 45 45 45 45.1199454289666 50.3276235080037 68 61.7577031410625 68 58.5267660439946 44.628743915739 45.8543895519983 42.0463022244585 42 50.3276235080037 50 50 54.908993469999 55.5115755734727 56 56 58 56 56.0479781854731 68 63.9817986939998 50.4914352620056 49.6571873573719 67.6541751859961 69.5320575048032 69.8960836248073 72.8179869399979 78
0 0 0 0 0 0 0 0 0 0 0 0 0 0 0 0 0 0 0 0 0 0 0 0 0 0 0 0 0 0 0 0 0 0 0 7.97087790345642 62.4458672493495 45.2630419354463 63.563168655995 45.0449673499948 57.5 57.6541751859961 27.195342601872 28.4580924555228 58 51.5 47.2282913666636 45 45 45 47.5 50 58.6723764919963 50 50.6552470160075 59 46 42 47.1793434118008 49.8543895519983 42 55.9146733509338 50.3276235080037 50.1456104480017 58 58 56.0115755734727 57.9635973879996 57 56.0364026120004 65.168999895243 53.5 49.0364026120004 49 49 58.5 68 68 69.8960836248073 78
