rasters/edaphic/S_CEC_CLAY.asc
NCOLS 720 
NROWS 300 
XLLCORNER -180 
YLLCORNER -60 
CELLSIZE 0.5 
NODATA_value -9999 
[rows 108 to 143 of 300, columns 320 to 399 of 720]
0 0 0 0 0 0 0 0 0 0 0 0 0 0 0 0 0 0 0 0 0 0 0 0 0 0 2.74034258137168 19.8516060868011 40.6552470160075 29.3560430097469 8.04859182270256 3.84359786636085 5.3850223006841 4.98803075564564 2.71702618630713 1.56325712081635 8.03931106818346 19.3474527976491 56.8361882459981 51.1600703765153 48.1702868571609 70.0085647379944 57 57.0463022244585 56.9439542472811 63.9079216399875 64.4356814718948 36.8732980849546 36.7276876369529 23.8814725649066 1.31460589246202 19.4514185868349 46.2935258404231 44.8267606750946 56.3361882459981 64.5267660439946 48.159096039353 57.5114197660689 2.01379720618019 26.7959365586354 41.8730624213086 32.1378331522815 5.36807316288503 0 0 0 0 0 0 0 0 0 0 0 0 0 0 0 0 0
0 0 0 0 0 0 0 0 0 0 0 0 0 0 0 0 0 0 0 0 0 0 0 0 0 0 4.4405151153765 47.8654977750317 58 40.2083599753469 31.0742612515189 30.4103903120291 40.8078310633046 43.1581564376071 26.2395546656318 23.2858422907003 42.311144305103 62.4817986939998 41.0926044489169 62.6349508971351 70.3437300011317 57 61.0993082235432 65 54.9965994084979 56.9172951635411 29.3554613820223 53.0471405130517 54.2855692644698 56 45.8822274260044 56.9760109419797 57 57 64.7087791039967 64.9536977755415 59.0874979319713 20.9020320363171 51.5641131716902 50.6852091225518 58.2805124979861 29.0799471929895 9.89847971365864 0.75 0 0 0 0 0 0 0 0 0 0 0 0 0 0 0 0
0 0 0 0 0 0 0 0 0 0 0 0 0 0 0 0 0 0 0 0 0 0 0 0 0 1.28113510582437 13.7798883711236 35.8875961188072 58.632095869062 64.1706514602163 41.310494032015 43.5691655058435 56.6326219579665 60.4175582079934 59.3693652149545 39.2184156720025 45.436831344005 51.1955028178335 46.4850243370439 56.9305466980285 56.7815843279975 56.6177725739956 50.4271947759992 54.6727410950516 51.554968521056 52.6274091420015 56 56 55.4962292261131 45.1177725739956 48.8009050981509 34.3629542899927 35.4574685494284 35 52.7607078951927 55.944324251988 49.6439981794204 24.5252563218005 9.19234181246575 40.8332358020278 54.307362264135 20.9583620030381 20.4822690318819 0.75 0 0 0 0 0 0 0 0 0 0 0 0 0 0 0 0
0 0 0 0 0 0 0 0 0 0 0 0 0 0 0 0 0 0 0 0 0 0 0 0.0764454838990137 2.53674479696915 9.2606632615752 40.2823741352504 59.3853340630785 74.0843807280411 75.6541751859961 73.1618989055407 55.935340662136 44.1809412299907 44.9305466980285 45 35.2752988794359 45 45 45 45.2175776914952 45.3011205084614 48.2988154633155 49.2548182840029 50.3272589049484 56 56 54.9807268639891 51.1786071897371 34.7686449619052 27.6018120342179 0 1.01927313601163 49.5168665322626 52 48.5305132081704 38.0283296906516 36.5355349032326 39.0908409095735 34.1417801562888 68.5031469386068 21.7075237507355 9.8713531095858 2.65462380890461 0.733618825033766 0 0 0 0 0 0 0 0 0 0 0 0 0 0 0 0
0 0 0 0 0 0 0 0 0 0 0 0 0 0 0 0 0 0 0 0 0 0.0349465067392836 3.05400443513584 9.58907936313978 19.644776556509 41.2408848532057 41.6734483220077 62.0781741241634 69.831287043232 53.8447529839925 32.3993569019931 1.03747444201184 36.2133157037075 45 45 45 50.2997856339977 47.0856912521216 52.06136131491 56 56 56 56 56.1620577508884 53.9614537279767 45.3819342741616 55.2036240684358 0 0 0 0 28 29.0192731360116 28 26.9807268640356 48.9453960819994 58.6359738799958 43.6794210763813 32.7502041598588 8.72813977579743 19.5070395856523 15.6855059220667 9.41626841998893 2.0529985739945 0.120460691682587 0 0 0 0 0 0 0 0 0 0 0 0 0 0 0
0 0 0 0 0 0 0 0 0 0 0 0 0 0 0 0 0 0 0 0 0.0349465067392836 4.04531082197508 16.4771312188677 47.9817986939998 59.5 56.0364026120004 40.1967844018741 40 40 35.1713046619848 1.07950875655105 56.563168655995 45 45 45 45 50.5636655499513 54.9807268639884 29.0192731360263 56 56 56.5096365680058 45.8681075962593 1.52890970401745 40.4710902959825 0 0.764454852019699 42 0.764454852008726 0 0 28.5096365680058 27.2238126060791 3.13796285092481e-11 36.5795185348571 45.7708759299815 38.2901490659927 35.3854768861193 29.407921339421 20.8747199350022 24.081682621471 51.7383221339661 30.7006046240447 19.5298817378201 15.3695935902219 12.3266816256087 12.4114778219722 11.2540047010321 6.20008613012386 1.34749487149354 0.0414989771597301 0 0 0 0 0 0 0 0 0
0 0 0 0 0 0 0 0 0 0 0 0 0 0 0 0 0 0 0 0 2.36974317706257 16.0762791144116 48.6006430980069 67.4884244265273 55.9635973879996 58.1998497629469 57.2788073420232 48.9246519163213 19.7696966208459 23.2462535460085 43.3618824599813 43.3618824599813 43.3618824599813 43.6667204281327 36.4893887601572 43.4453960819994 42 28.5096365680058 55.9189711245558 56 68.9807268639884 0 68.0729023302005 27.6018120342179 0 8.89090486155587e-13 21.7644548520087 42 20.4786318090401 0 0 42 42.0926044489169 32.3447044308927 0.764454852008726 0 19.274276664444 39 39 45.370525040234 36.3796306575119 38.0642404860064 45.2912208960033 56 60.5 57.2912208960033 61.1456104480017 59.9199648117424 41.42826635696 16.8368750557779 6.66128502752988 0.994946485281611 0 0 0 0 0 0 0 5.22346900139765
0 0 0 0 0 0 0 0 0 0 0 0 0 0 0 0 0 0 0 1.53387588552843 13.7299573126615 46.9554505783773 57.4453960819994 55.3640261200042 64.5373727826826 64.6647819246841 67.9336158539707 24.9730681184789 0 0 0 7.19909398289104 14.3981879657821 42 42 42 44.6545159719806 51.0755821167684 61.3090319439611 40.4710902960296 53.340368557749 0.486173322097674 3.0578194080349 1.52890970401745 0 7.07936350957547e-11 42.2430866263326 42 20.2355451479913 0 21 41.2355451479913 48.1798693999803 40.4710902959825 28.199093982891 0 0 18.7901490659919 7.39472365560531 27.4646692180407 27.4646692180407 44.5237799364178 50.413918489836 55.6758844287907 60.3361882459981 64.9536977755415 64.4804638195361 57 47.6723764919963 56.6723764919963 31.7219167124251 5.25536413123446 0 0 0 0 0 0 1.67999994754791 18.6634691648088
0 0 0 0 0 0 0 0 0 0 0 0 0 0 0 0 0 0 0 7.20925064850962 47.8487583280496 62.7316919581657 57.899093958267 55.9457080430347 56.8960836248073 62.633830219973 0 0 0 1.52890970401745 41.4786318090401 41.4786318090401 20.2355451479913 14.8084474954503 42 42 63.2782815299111 40.4710902959825 27.6018120342179 0 0 0 0 0 0 0 63 41.2355451479913 0 0 29.7280027679504 24.0899346999896 0 0 0 0 0 0 19.500000000032 35.4107814604516 53.4126075331693 10.8076733531527 57 57 39.6552470160075 48.3276235080037 57 57 57.6703305262747 57 56.4536977755415 15.1177093434298 7.887730091723 5.18610272739005 1.817601819868 0.058972233784019 0 0 1.67999994754791 51.2238104727925
0 0 0 0 0 0 0 0 0 0 0 0 0 0 0 0 0 0 0 15.2476228584099 65.5 57 67.9336158539707 62.633830219973 0 0 1.52890970401745 7.72046217385093 40.4710902959825 21.2430866610488 28.199093982891 76.0364502461422 21.7644548520087 6.90154541234436e-11 84 43.5289097040175 0 0 0 0 0 0 0 0 0 5.80424467720828e-11 55.8009050981509 20.2355451479913 0 0.486173322097674 17.9585605558925 0 1.30362682058727e-12 7.19909398289104 0 0 0 0 19.5 43.7740917205811 47.5 42 40.6727410950516 34.7974277766733 52.8286174957568 56.1991425359909 61.7006284411156 65.8371822337512 35.2836010987709 35.8918639940102 31.0463022244585 39.7777549552428 27.1919126724601 49.4623009600457 12.2184159210531 6.86940047136167 2.84713051136743 0.598972253071926 1.67999994754791 28.3765303028489
0 0 0 0 0 0 0 0 0 0 0 0 0 0 0 0 0 0 0 14.4722486502752 64.6758448518127 48.7587107928766 3.0578194080349 27.1946610035459 0 0 0 1.52890970402842 42 42 61.9924584869424 48.4346382119251 34.0364511651002 0 40.4710902959825 82.4710902959825 26.6701842788745 0.243086661048837 0 0 0 0 0 0 0 21 21 0 0 41.8032155981259 24.0899346999896 0 41.2355451479913 21 0 0 0 0 0 45.7451817159971 47.2997856339977 35 35 35 35 35 35 58.6081360059898 35 35 35 35 35 35 31.1456104480017 27.1919126724601 19.6809308007771 8.23173449953084 7.90483975160241 23.1397447765121
0 0 0 0 0 0 0 0 0 0 0 0 0 0 0 0 0 0 0.0291220900342854 10.2648009247928 42.0599398953732 69.6991425359909 54.4580924555228 26.1282277218175 0 0.76445485200914 1.52890970402842 21.7644548520087 62.2355451479913 42 20.2355451479913 42 0 0 0 28.0879853563156 0 20.2355451479913 0 0 0 0 0 0.486173322097674 1.52890970402842 42 25 0 2.57164608593723 0 0 0 13.8009060171103 21.5213681909599 0 0 0 0 1.40150056202697 45.6145231138807 42 38.5 35 35 35 35 35 35 35 35 35 35.5903533444873 35 35 35 35 31.1456104480017 30.2173200249202 27.3822274260044 24.4914352620056
0 0 0 0 0 0 0 0 0 0 0 0.0298501415799689 0.0597002831599379 0.0597002831599379 0 0 0 0.0305781931256525 1.7834691869353 13.8638459238933 48.4016077990629 45.586081510164 39.0404366724156 0.764454852008726 28.199093982891 43.0075414783413 62.7569133042349 82.4710902959825 61.2280036349337 41.7569133389512 40.9924584869424 62.7569133389512 0 0 0 0 40.4710902959825 0 0 3.84926555662549e-13 0.764454852008726 1.52890970401745 20.7569133389525 21.7644548520432 42 37.6727375128549 0 0 0 0 0 0 21 0.243086661048837 0 0 1.52890970401745 42 42 42 42 42 38.6274091420015 35 35 35 35 35 35 35 36.2661798675339 36.8565332120212 36.6539609886945 35 35 35 35 32.371256084261 27.1456104480017 47.2355451479913
0 0 0 1.60000002384186 1.60000002384186 0.800000011920929 0.0873662701028561 0.116488360137141 0.0873662701028561 0 0.0371306635460991 3.00852267282904 4.29229199817405 2.69713068543261 0 0 0.0917345793769576 3.5740473152591 13.1344755988223 35.1450196094522 41.4500838130973 1.52890970401745 7.96354883489977 42.7644548520087 82.4710902959825 42 1.52890970401745 1.52890970401745 0 0 0 0 0 0 0 0 2.85778748891956e-11 26.1330899337669 1.00754151306854 40.5194090144222 21 14.8084475301775 42 41.7569133389512 28.1231802251778 21.0000000000235 0.243086661048837 4.93495597136287e-13 0 0 0 0 20.2355451479926 20.7569133389512 0.764454852008726 28.199093982891 42 42 42 42 42 42 42 39.6998497629469 35.0405144724383 35 35 35 34.7974277766733 34.3629542899927 34.3629542899927 84.1022704192307 51.653531095159 23.4992451389022 35 35 35 35 46.2526746239801 34.9176072625038
0 0 0 1.60000002384186 20.0719477719126 2.42912212579707 5.65824431878019 6.852249990658 3.34852275930299 0.111391990638297 2.03999996185303 9.72989382281042 30.4000000953674 3.71494639468255 0.16599591297845 1.12830865274572 5.88218412497737 16.6132730102168 42 42 62.2355451479913 42.7644548520087 62.2355451479913 41.2355451479913 13.800906017109 0.405144446653474 20.2355451479913 40.4710902959825 20.2355451479913 0 0 0 0.324115536493037 0 0 0 0 0 44.4257534670738 83.7569133042349 63 42 42.7644548520087 61.4710902959825 0 21.7644548520432 42 28.199093982891 21.7644548520087 0.486173322097674 0.486173322097674 0.76445485200914 28.199093982891 7.96354883489977 42 42 42 40.9924584869424 42 42 42 40.4710902959825 40.4710902959825 41.8725908579985 41.8320763855602 35.0868946695631 35 35 21.7644548520197 1.52890970401745 4.1453630285745e-13 1.00754151305756 18.1370457100073 35 35 34.3629542899927 33.7259085799855 17.5000000000007 5.99924513890221 0
0 0 1.98000001907349 5.5017557670505 5.5017557670505 3.17087795764943 20.1164883601371 25.7146891004213 10.8372608038503 5.09999990463257 2.03999996185303 28.7259946447877 9.08068506737593 7.71552473000761 12.4821609267204 15.057266886711 30.1738742462039 28.199093982891 42 55.8009050981509 41.7451817159971 41.7451817159971 35 35 35 35 35 0.839617933334008 0 0 0 28.0000000000006 37.2746760996594 0 0 0 0 0 37.580298131985 62.4786317743239 62.2355451479913 42 42 20.2355451479913 0.486173322097674 40.7141769570314 41.2355451479913 42 41.2355451479926 41.2355451479913 42 42 42 41.2355451479913 34.0364511651002 0 0.764454852008726 40.7141769570314 42 42 42 0 0 0 0 21.0000000000004 42 38.6274091420015 42 41.2355451479913 42 37.0975780137264 34.7974277766733 35 35 35 35 34.3629542899927 35 0
0 0 1.98000001907349 49.7501478975081 3.96000003814697 2.34175585569422 4.68351182625819 7.99263365577296 28.514003191859 5.09999990463257 0.982869317380415 1.96573863476083 6.82805160450304 28.8082872567987 43.8880447742652 20.2355451479913 21.2430866610488 42 42 39.6998497629469 35.2548182840029 35.0405144724383 35 35 12.7748462811123 18.1370457100073 34.3629542899935 29.0007548610978 52.7644786690796 28.695157564817 6.06409786602517e-11 56 20.1156381109872 0 0 0 0 0 41.5138266779023 63 42 42 42 21.0000000000345 42 42 42 14.3981879657821 42 28.199093982891 34.2795378261491 41.2355451479922 42 0.243086661048837 0 0 0 41.4786318090401 40.4710902959825 14.5653608691177 20.2355451479913 0 0 0 0 20.8313944892504 42.0862127732534 42.5096365680058 42.5096365680058 42.1855209967965 44.1448794039747 17.5 16.8629542899927 0 0 12.0221230520577 42 38.6274091420015 35 5.99924513890256
0 0 1.90792284661834 3.81584569323668 3.81584569323668 0 0 0.982869317380415 1.96573863476083 1.96573863476083 0 0.0917345793769576 10.3209194190599 46.9715583962833 0 7.19909398289146 34.0364511651008 29.7199846727625 0.719984672762513 21.2912208960033 54.2018120834673 41.2355451479913 40.4710902959825 40.4710902959825 17.9353949109382 0 0 11.5007548610978 55.1758844287907 53.9614537279767 53.9614537279767 18.4012074101732 0 0 0 0 0 0 0 42.000000000011 42 42 42 41.7569133389512 41.2355451479913 35.5653608691177 42 20.2355451479917 42 42 42 42 41.2355451479913 21 0.764454852008726 0 21 42 42 42 21.7644548520197 41.2355451479913 41.2355451479913 0 0 0 0 0 1.30362682058727e-12 21.7644548520197 42 35 0.202572223326737 0 0 0.764454852008726 42 42 41.8725908579985 35
0 0 0 0 0 0 0 0 0 0 2.31682541405524 8.02284019273204 21.8420378879373 44.4068210932724 0.243086661048837 42 19.0583947675451 28.6643089247505 0 0 40.4710902959825 0 0 27.6018120342179 0 0 0 27.5 26.4989281699886 0 0 0 0 0 0 0 0 0 0 28.199093982891 21.7644548520087 42 42 42 42 41.7569133389512 42 0.764454852008726 21.2430866610488 34.800906017109 34.27953782615 42 42 14.565360869119 42 1.52890970401745 21.2430866610488 42 42 42 42 20.2355451479913 20.2355451479913 0 0 0 1.70065342364685 21.7536338458146 42 42 42 35.1274091420015 17.9344734866805 1.27409142001454 0.202572223326737 21.7644548520432 35.2548182840029 35.0405144724383 34.3629542899931 17.5
0 0 0 0 0 0 0 0 0 0.871967237278568 8.36487710716455 34.8356326680956 42.0347266509857 21.2430866610488 42 42 0 0 0 0 0 0 0 0 0 0 1.00107183001313 1.0010718300258 0 0 0 0 0 0 0 0 0 0 0.764454852043233 42 42 34.800906017109 7.96354883489977 41.2355451479913 0 0.243086661072372 42 41.2355451479913 1.52890970402842 20.7569133389857 42 7.96354883489977 21 41.7569133389512 42 42 42 42 21.0000000000013 41.7569133389512 40.4710902959825 1.52890970401745 0 0 0 7.96354883489977 42.0810288754442 42 42.3358471594471 42.1855209967965 42.8590563610061 1.52890970401745 42 34.3629542899927 35 38.3725908579985 42 37.098499437984 34.7974277766733 6.63629084891863
0 0 0 0 0 0 0 0 0 4.41173456788487 28.8140412779842 42 37.6461261824442 42 42 41.2355451479913 0 5.82181631275266 19 0 0 0 0 0 0 1.00107183001143 27.4263135195432 27.6622918771848 0 0 0 1.30362682058727e-12 1.00754151305756 0 0 0 0 1.30362682058727e-12 28.199093982891 42 42 35.5653608691177 28.199093982891 14.8084475301665 0.243086661050141 21.7644548520087 20.4786318090401 0 20.2355451479913 0 41.2355451479913 41.2355451479926 42 1.52890970401745 34.0364511651002 20.2355451479913 40.4710902959834 40.4710902959825 20.2355451479913 20.2355451479922 21 41.9124233994109 0 0 26.9807268639901 18.4012074101732 0 3.13796285092481e-11 18.4012074101732 23.4935789220285 42 42 34.800906017109 17.5 35 35 37.3001502370531 35 29.6378005711051 17.0655265133195
0 0 0 0 0 0 0 0 0.0305781931256525 10.082312572231 43.9715583962833 42 42 42 41.2355451479913 14.0208415659286 0 3.12212768653673e-11 18.3083503719921 0 0 0 0 0 27.5 26.7188637188082 0 12.4865340592394 0 0.243086661048837 1.52890970401745 28.199093982891 42 42 0.521368190959889 0 0 21 42 42 42 42 42 42 41.2355451479913 40.9924584869424 21 0 0 0 0 2.3534719710361e-11 21 42 13.800906017109 0 0.76445485200914 4.1453630285745e-13 0 0 34.0364511651015 28 24 0 0 0 0 0 4.1453630285745e-13 87.7708759299803 42 42 20.7569133389512 42.1990949018491 35.7644548520087 35.7644548520087 35.1215433478825 34.3629542899945 29.1222982089803 0
0 0 0 0 0 0 0 0.0305781931256525 3.63289103996686 19.002246052566 49.2269804099969 42 42 41.2355451479913 0 36.6167007439842 18.3083503719921 18.3083503719921 0.471714079188291 0 0 0 8.290726057149e-13 42.4861733220977 18.3083503719921 18.3083503719921 0 0 21.7644548520087 42.0752411234241 42.4732339560054 42.3118581014268 43.9916743886609 20.2355451479913 0 0 0.764454852008726 42 42 42 42 28.199093982891 21 0.521368190983423 27.1915524698335 0 0 0 0 0 0 0 21.0000000000345 41.2355451479913 0 0.521368190960778 42 34.800906017109 6.4346391308832 0 0.243086661083345 28 24.1456104480017 0 0 0 0 0 21 42 42 41.2355451479913 0 56 56 56 47.4204805461849 36.9036340713501 1.34338867250467 0.324115536493037
0 0 0 0 0 0 0 1.77173452692487 12.4566170172449 44.8907921639988 42 42 42 20.2355451479913 0 0 0 6.29353039194095 0 0 0 2.08547276383955 2.19460130311465e-11 0 0 0 0.764454852008726 21.5213681909599 42.2366169780027 50.6530502432395 54.6020071674187 48.2633830219973 28.8876350771865 0 4.67843603978823e-11 42 42 42 42 42 42 42 41.7569133389512 7.96354883489977 28.199093982891 7.19909398289104 0 0 0 0 0 0 3.45077270617218e-11 40.9924584869424 0 0 34.0364511651002 21.7644548520087 13.800906017109 0.764454852008726 2.3534719710361e-11 0.764454852008726 28.7644548520087 0 0 0 0 0 7.44218064393988 42 41.2355451479913 0 28 56 56 56 56 56 56 9.59879167086869
0 0 0 0 0 0 0.870578166899609 8.79289109439985 31.5931480258129 42 41.7569133389512 40.4710902959825 20.2355451479913 0 0 0 0 0 0 0 0 0 0 0 5.52715091526089e-13 1.78372798803499 42 44.3144260978182 52.7717086333364 48.2633830219973 42 42 21 0.764454852008726 21.7644548520087 42 42 42 42 42 42 42 42 40.4710902959825 40.4710902959825 40.4710902959825 20.2355451479913 0 0 0 0 0 0 0 0 0 0 20.2355451479913 0.764454852019699 21.7644548520087 0 20.2355451479913 41.546087733106 9.92290720736173 0 7.19909398289146 21.5213681909599 42 42 42 0 0 28.0000000000017 56 56 56 56 56 56 56
0 0 0 0 0 0 4.300471075474 27.6384154844165 44.8907921639988 20.2355451479913 0 0 0 0 0 24.1301666847448 25.4447821976672 0 0 0 0 0 0 1.01927313601163 56 42.1620577508884 48.2633830219973 42 42 42 42 42 21.7644548520087 21.0000000000358 42 42 42 42 42 42 42 41.2355451479926 42 0.764454852008726 0 0 19.5000000000012 0.968255196936306 12.8151268189673 0 0 0 0 0 0 0 0 0 34.800906017109 40.4710902959825 21 0 13.800906017109 54.7736489162103 28.199093982891 14.3981879657821 42 42 42 42 0 9.27467609965942 56 54.9807268639889 56 56 56 56 55.6758844287907 56
0 0 0 0 0 0.0917345793783379 9.90346918302462 42.1092078360012 14.1192338015819 0 0 0 0 0 0 0 0 0 0 0 0 1.34338867250467 29.0192731360116 56 56 53.6003023120224 42 42 44.3035324900877 44.3144260978182 48.7366169780027 42.2366169780027 42 42 42 42 42 42 42 41.2355451479913 21.7644548520087 42 41.9453960819994 20.9453960819994 0.225723318197853 1.4197018680162 37.5802981319838 0.709850934008102 18.7901490659919 0 0 0 0 0 0 0 0 3.45077270617218e-11 28.199093982891 0.764454852008726 21.7644548520087 0 0 21 42 42 42 42 42 42 0 0 53.9614537279767 3.13796285092481e-11 53.9614537279767 54.6566112927791 53.9614537279767 54.9807268639884 0 56
0 0 0 0 0 5.26483949768807 9.16060109052532 44.8907921639988 0 0 0 0 0 4.1453630285745e-13 7.96354883489977 14.3981879657821 20.2355451479913 13.800906017109 0 0 0 36.8024148203464 46.4012074101732 55.3517688575815 55.6758844287907 49.2548182840029 41.4786318090401 44.1530502432395 52.6103327787578 45.9833487773218 50.2550574106582 54.5267660439946 42 42 42 42 42 42 42 42 42 42 42 39 39 19.274276664444 18.7901490659919 12.8151268189673 0 0 0 0 0 0 0 0 0 0 13.800906017109 21 42 1.52890970401745 0 0 42 42 42 42 42 42 0 0 0 0 0 0 0 0 0.318327784472906 56
0 0 0 0 0.0349465067392836 11.0947326034811 45.1092078360012 42 0 0 0 0.873662688009972 21.8736626880225 42 41.2355451479913 21 1.00754151305756 1.00754151305756 7.96354883489977 40.4710902959825 6.43463913088232 26.9807268639884 0 0 26.9807268640197 0.521368190959889 42 42 42 42 42 42 42 42 42 42 42 41.2355451479926 42 42 41.9453960819994 39 39 39 19.5 0 0 0 0 0 0 0 0 0 0 0 0 0 0.764454852008726 21.7644548520432 42 42 21 0 21.0000000000345 42 42 42 42 42 21 0 0 1.00107183001143 36.9273853495546 5.42845175794455e-13 0.682744080254756 0.318327784472906 55 56
0 0 0 0 0.959999978542328 14.5231667825693 48 41.8543895519983 0 0 1.71259872507365 46.8970772112678 43.1029227887322 42.1092078360012 21 22.8368954729542 42 42 20.2355451479913 0 0 0 0 3.13796285092481e-11 0 0.521368190970862 42 42 28.199093982891 42 42 42 42 42 42 42 42 21.7644548520432 35.5653608691177 42 39 39 39 37.5802981319838 0 0 0 0 0 0 0 0 0 0 0 0 0 0 20.2355451479913 42 42 42 42 21.7644548520087 20.2355451479913 42 42 42 42 42 42 0.764454852008726 0 0 26.4989281699886 26.4989281699886 0 27.5 55.0182013060002 56
0 0 0 0 0.959999978542328 8.3952462996218 28.7376367694784 38.0530059990847 1.16336370719619 24.7644548520087 44.0807662322846 45.1092078360012 47.9652733490143 44.8907921639988 44.5432368633857 43.5289097040175 40.4710902959825 0 0 0 0 0 0 0 0 0 6.43463913088232 0 0 40.4710902959825 34.0364511651002 40.9924584869424 40.4710902959825 40.4710902959825 13.8009060171199 26.9132709399224 42 21.2430866610488 28.199093982891 42 39.0719672434935 39 46.2901490659919 0 0 0 0 0 0 0 0 0 0 0 0 0 0 4.1453630285745e-13 1.52890970405196 42 42 42 42 42 4.1453630285745e-13 42 42 42 42 42 42 34.800906017109 0 0 0 0 0 55 55.5 56
0 0 0 0 0 0.79023250005982 9.61875196530786 30.945950136323 37.5728052240008 42.8282272377144 47.9016077990629 47.7815843279975 42.5213681562437 48.4056993129586 42 21.7644548520087 0 0 0 0 0 0 0 0 0 0 0 0 0 0 0 0 0 0 0 13.800906017109 0 21 42 42 40.5546039180006 47.5142208018583 27.5 0 0 0 0 0 0 0 0 0 0.324115536493037 0.324115536493037 0 0 0 7.19909398289104 42 42 42 42 42 42 42 42 42 42 40.4710902959825 40.4710902959825 40.9924584869424 0 0 0 0 0 0 45.5726155694034 55.3285936786859 56
0 0 0 0 0 0 7.45635954199998 31.5 41.0519581875963 37.091006530001 42 41.908993469999 39.591006530001 39.408993469999 42 42 21 13.800906017109 0 0 0 0 0 0 0 0 0 0 0 0 0 0 0 0 0 0 0 0 4.1453630285745e-13 21 42 48.2633830219973 42 1.52890970401745 0 0 7.96354883489977 0.76445485200914 21.7644548520087 1.52890970401745 21.7644548520087 1.34338867250467 56 56 10.6180648068803 0 0 0 40.4710902959825 40.9924584869424 34.0364511651006 35.5653608691177 42 42 42 42 41.2355451479913 0 0 0 0 0 0 0 0 0 0 4.51886901998738e-11 52.9978563399771 26.4989281699886
0 0 0 0 0 0 6.45520310286774 36.5355026625428 38.0620968259836 41.3947726681406 39.5620676310354 41.908993469999 41.0519581875963 37.461868490306 40.4710902959825 13.8009060171325 6.43463913088232 0 0 0 0 0 0 0 0 0 0 0 0 0 0 0 0 0 0 0 0 0 20.2355451479913 20.2355451479913 21.7644548520432 42 42 42 21.7644548520197 42 21.7644548520432 40.9572636180802 41.2355451479913 41.2355451479917 44.3996976879776 56 56 56 56 28 0 0 0 21.5213681909599 34.0364511651002 41.2355451479913 42 42 42 42 21 0 0 0 0 0 0 0 0 0 0 0 0 0
0 0 0 0 0 0 2.87918623846456 4.42976441034696 7.38314808208903 37.9925362869652 39.591006530001 36.7858522379168 29.9844929775039 0 0 0 0 0 0 0 0 0 0 0 0 0 0 0 0 0 0 0 0 0 0 0 0 0 0 0 42 42 42 42 42 42 42 42 42 42 42 56 56 56 56 1.01927313601163 0 0 0 0 0 41.2355451479926 41.7569133389512 20.2355451479913 6.9560073218422 40.7141769570314 20.2355451479913 0 0 0 0 0 0 0 0 0 0 0 0 0
0 0 0 0 0 0 0.040042874068363 9.89810171651297 37.091006530001 41.908993469999 38.6429647175974 37.1820130600021 17.8265516779923 36.609057599798 0 0 0 1.74732537601994 1.15147601740266 1.74732537601994 1.74732537601994 0 0 0 0 0 0 0 0 0 0 0 0 0 0 0 0 0 0 0 42 42 42 42 42 42 42 42 42 42 42.3358471594471 56 56 56 56 1.01927313605764 0 0 0 0 0 0 0 0 0 3.45077270617218e-11 0 0.277813329392688 1.74732537601994 1.74732537601994 1.74732537601994 1.1514760174152 0 0 0 0 5.52715091526089e-13 0.648231072986075 0.324115536493037 0
