rasters/edaphic/S_CEC_CLAY.asc
NCOLS 720 
NROWS 300 
XLLCORNER -180 
YLLCORNER -60 
CELLSIZE 0.5 
NODATA_value -9999 
[rows 36 to 71 of 300, columns 160 to 239 of 720]
27.5390142140019 37.6126761958177 38 38 37.2530183850877 37.1423544633532 26.129678172168 11.51066403446 15.69798755254 38 38 38 27.7473234608595 10.4609855736167 3.17832988571879 0.0276659847731534 0 0 0 0 0 0 0 0 0 0 0 0 9.52034207397134 36.8656946156216 37.2341498330293 38 38 37.0884148231725 18.3083503719921 0 0 12.4865340592394 36.6167007439842 36.6167007439842 36.6167007439842 38 38 38 37.5282859208117 37.3083503719921 25.293530391941 19.6916496280079 19.6916496280178 1.38329925601579 19.6916496280079 14.6059959658594 1.38329925601579 11.4450612984918 10.1038750993233 8.87904783104655 8.16749346823387 5.30240520580626 0.944864459839573 0.0829979543194603 0 0 0 0 0 0 0 0 0 0 0 0 0 0 0 0 0 0 0 0
4.44933600368693 10.3910060035272 14.1633402008099 12.6433402198834 9.60334025803033 6.59100605121093 10.529335936072 38 38 38 38 38 38 38 12.6856535667811 3.17832988571879 0.0276659847731534 0 0 0 0 0 0 0 0 0 0 0 0 6.09154475316842 0.285457271767293 0 0 0 0 0 0 0 0 0 3.75056639930916e-13 19.6916496280079 38 38 38 38 38 38 38 38 37.7800644511804 19.0000000000008 19.6916496280079 19.2517785303687 24.1301666847448 12.3352822535132 25.5134659407606 27.0616429562238 12.1354368634593 9.27592466617542 7.84899377627001 5.59665978965339 2.52899384302721 0.138329923865767 0.0276659847731534 0 0 0 0 0 0 0 0 0 0 0 0 0 0 0
0.759999990463257 0 0 0 0 0 9.88000011444092 37.6956741761744 38 38 38 38 38 38 38 14.910321330206 6.16299788670457 2.27999997138977 0 0 0 0 0 0 0 0 0 0.911585176827498 25.5134659407606 25.5134659407606 38 38 38 38 38 38 13.0269318815211 1.38329925601579 0.911585176827498 7.20511556877838 38 38 38 38 38 38 38 38 38 38 38 37.5601289023608 38 38 32.1781836872473 37.3083503719921 25.6647177464868 19.6916496280178 18.528285920833 37.3083503719929 38 38 14.5653113584377 9.02398353833057 3.99366185440742 0.842997944782717 0 0 0 0 0 0 0 0 0 0 0 0 0 0
0.759999990463257 0.0276659847731534 0.898329914329024 4.04899381527466 6.35665978879571 4.07665980872688 8.55366201824742 38 38 38 38 38 38 38 38 38 37.2530184024458 4.07665980872688 0.248993862958381 0.138329923865767 0.0276659847731534 0 0 0 0.759999990463257 4.40865162600472 9.17238472821201 37.1322833179725 38 37.8893360609074 37.9446680130956 38 38 38 38 38 38 37.704471582852 37.3812771722518 37.4642751526085 1.38329925601579 38 31.8646680893895 37.3913483523487 37.7233401349103 38 38 38 38 38 38 0.691649628007895 0 12.4865340592394 36.6167007439842 38 38 25.5134659407606 19 1.38329925601579 19.0000000000213 36.8366362928038 31.9084547873525 30.6766594836199 25.5503216735287 5.45832985710856 0.0276659847731534 0 0 0 0 0 0 0 0 0 0 0 0 0
0.165995908638921 1.71366187433859 8.99631779197599 27.0149896849089 38 28.4796576962891 20.4239838634375 24.8179874380991 38 37.6403421892699 37.3347426614575 13.0269318815211 38 32.1781836872473 38 31.4089937190495 32.1413279544792 18.9593153925783 11.6359753356772 5.16865161646797 0.759999990463257 0 0 0 0.759999990463257 3.79999995231628 6.75700195984985 9.68633821234978 18.7510061283626 38 38 38 38 37.2676657645704 38 33.3016696478385 22.3443257856787 17.2863376748614 36.8656946069426 37.5020122740832 37.1423544633532 27.7050100879246 18.2269811571486 26.48933596554 25.9360162613978 21.7633400967634 37.6680081827222 38 37.7800644511804 37.7800644511804 38 38 13.0269318815211 1.38329925601579 1.38329925601579 1.38329925601579 19.6916496280292 38 37.5282859208117 19.6916496280079 7.20511556879967 26.1364318256751 18.7800644511804 37.3083503719921 38 16.2919918554248 4.55999994277954 0.759999990463257 0 0 0 0 0 0 0 0 0 0 0 0
5.3199999332428 7.97430530722672 27.0149896849089 38 38 38 38 32.8736621899088 23.6706643413512 16.4433399511392 16.4649557995196 30.4100715824436 38 38 38 38 38 38 28.4796576962891 9.23946124868745 0.815331960009564 0 0 0 0 0 0 0.0276659847731534 9.93533207530817 37.7233401349103 38 38 38 38 38 38 38 12.1600003068911 6.64633802075724 8.84334003782755 8.8710060226007 10.2949898860382 24.2923341782092 8.27700194077637 4.44933600368693 21.3760163186183 28.2436824559793 24.5851142709725 33.1402510100432 38 38 38 32.1781836872473 38 38 38 38 38 38 38 13.0269318815211 19.4717140791883 30.7948844312319 37.5282859208117 37.806338115267 37.308350354634 20.0773442245561 0.78766597523641 0 0 0 0 0 0 0 0 0 0 0 0
5.3199999332428 8.3600001335144 19.7599992752075 37.834004074003 38 38 38 37.7233401349103 37.1700204394473 20.8926761932447 22.578672065452 37.5573442089133 35.0706639772396 38 38 38 37.5282859208117 38 37.5282859208117 16.4506645183049 4.58619213436648 0 0 0 0 0.0829979543194603 0.193661893412074 1.79665983733711 13.4179873427317 38 38 38 38 38 32.1781836872473 26.3563673744947 38 22.2743462416264 0.759999990463257 0 1.51999998092651 6.81233392939616 7.54466793508626 2.98466799230672 0.732334005690103 3.77233396754313 11.4829980410078 37.4466803045369 20.6583303555923 18.9446680130956 29.2803425325927 38 38 38 38 38 38 38 38 38 13.0269318815211 38 32.1781836872473 32.1781836872473 32.6407890227822 22.8875735519447 14.6585805299791 5.51366182665487 0.981327868648484 0.221327878185227 0.138329923865767 0.0276659847731534 0 0 0 0 0 0 0 0
3.28899383349047 8.63665998124594 37.7233401349103 38 38 38 38 29.5570023629661 15.8216701229603 17.4946473811981 22.6209856507683 38 38 38 38 38 38 38 38 38 38 7.20511556876845 0.911585176827498 0.174793332674679 0.898329914329024 3.06766594662618 10.1713075540366 16.7623136052475 30.6766594836199 38 38 38 38 38 38 31.981381722754 16.7813823729679 6.83999991416931 0.759999990463257 0 0.759999990463257 19.8836823224649 19.8836823224649 0.759999990463257 0.759999990463257 6.92299786848877 27.0149896849089 38 38 26.2826559089583 14.3846680876742 27.7473234608595 32.1413279544792 37.3360163654443 38 38 38 38 38 38 38 38 38 19.6916496280178 37.3083503719921 31.0148199800523 38 27.7473234608595 14.9757249219701 14.5653118179167 11.248651531495 4.80899381441698 0.898329914329024 0.0276659847731534 0 0 0 0 0 0
18.2269811571486 38 38 38 38 38 38 29.7229982889632 28.7693361753483 38 38 38 38 38 38 38 38 38 38 38 38 38 38 27.9801966279861 12.7409859958064 11.676659943099 27.332333663225 38 38 38 38 38 38 38 38 38 27.0149896849089 8.88565384420432 1.51999998092651 0 0.732334005690103 2.92933602276041 2.92933602276041 0.732334005690103 0.759999990463257 21.5420122359363 38 38 38 38 10.5846679056183 7.51700195031311 10.4463384325526 11.9940043982522 27.0003418806634 38 38 38 38 38 38 38 38 38 32.1781836872473 37.0884148231725 37.0884148231725 37.7800644511804 37.0884148231725 38 38 27.7473234608595 12.7409859958064 6.32899379534349 2.501327849575 0.193661893412074 0.138329923865767 0.0276659847731534 0 0
38 38 38 38 38 38 38 38 38 38 38 38 38 38 38 38 38 38 38 38 38 38 38 38 38 38 38 38 37.5282859208117 32.1781836872473 38 19.6916496280292 38 38 38 38 38 22.3296782024936 1.51999998092651 0 0 0 0 0 0.732334005690103 5.94166999984029 11.9110064439328 14.9233399615336 14.9233399615336 10.4463379730735 4.47700198846008 0.0276659847731534 0.898329914329024 7.0613278010336 19.6916491685289 33.6059955063803 38 37.7800644511804 37.7800644511804 38 38 38 38 38 38 19.2199355488196 1.16336370719619 0 0 2.166837479151e-11 31.9582481384277 37.7800644511804 38 38 14.4169103982957 11.9025641558117 8.97744899282002 3.17832988571879 0.0276659847731534 0
38 38 38 38 38 38 38 38 38 38 38 38 38 38 38 38 38 38 38 38 37.7800644511804 32.1781836872473 25.5134659407606 38 38 25.5134659407606 38 38 37.7874695284924 38 38 38 37.8616700674552 38 37.3636823588965 37.114688469901 14.191005726104 5.94166999984029 0.732334005690103 0 0 0 0 0 0 0 0 0 0 0 2.30766595616292 6.21832984757182 12.7133200023542 28.4796576962891 38 38 38 18.5282859208117 0 36.6167007439842 36.8366362928038 37.5282859208117 31.9582481384277 38 38 38 38 32.1781836872473 0.439871097639207 11.6436326255053 36.8366362928038 38 37.3083503719921 36.8366362928038 31.2665985104198 18.5282859208117 38 8.09798786896791 0.759999990463257 0
37.3083503719921 37.0884148231733 19.2199355488196 37.5601289023608 38 38 38 38 38 38 38 38 25.5134659407606 38 38 38 38 38 38 38 38 38 38 38 38 38 38 38 25.0523339302538 32.6523343117236 37.834004074003 38 32.541670372631 29.7636819774268 24.3883502956982 5.88633803029398 2.19700201707031 0 0 0 0 0 0 0 0.0553319695463068 0.0553319695463068 0.0276659847731534 0 0 0 3.06766594662618 37.5020122740832 38 38 38 38 38 19.4717140791883 19.6916496280079 7.20511556876845 7.20511556877838 38 38 38 38 27.7473234608595 29.8466799230672 37.1687467181023 38 13.0269318815211 38 19.6916496280079 0.691649628017822 0.943428158376583 38 38 25.564813988938 6.75700195984985 0.759999990463257 0
38 38 38 38 38 38 38 38 38 38 38 38 38 38 38 38 38 38 38 38 22.3175410978657 33.4428283578841 37.7132690242459 37.7800644511804 38 38 37.4190143110847 23.021327149962 38 38 31.9476660697462 30.0956737947046 37.2530184024458 21.5420122359363 3.71700199799682 0.732334005690103 0 0 0 0 0 0 0.0276659847731534 0.138329923865767 3.53066396517382 6.06698153947606 7.1166597705799 7.09504391352045 7.30025039797631 7.31911896739276 11.1015243100561 20.3774494183525 33.5229975260237 38 38 38 38 38 38 38 38 38 37.7800644511804 38 38 28.9629980600813 11.4553320475556 9.71400419712294 14.1849556070693 37.6126761958177 38 25.5134659407606 19.6916496280292 38 37.2266261303385 25.2313484788995 6.70166999030354 0.732334005690103 0 0
38 38 38 38 38 38 32.1781836872473 19.2199355488196 38 38 38 38 38 38 38 38 38 38 38 38 38 38 38 13.0269318815211 38 38 15.8493356395753 27.3599996566772 38 38 34.33832974181 31.4089937190495 21.8886514153387 15.6703215590878 8.60899398779373 4.04899381527466 0.898329914329024 0.0276659847731534 0 0 0 0 1.54766596569967 8.18098559354785 17.7275205483247 25.5134659407606 32.1781836872473 38 31.2347555288708 37.7800644511804 32.1781836872473 38 38 38 38 38 19.6916496280079 30.7948844312315 36.8366362928038 38 38 38 38 38 38 38 27.0149896849089 10.9166597142171 8.55366180586602 13.6799998456967 37.1700204394473 37.6403421892699 38 26.7790139851201 9.63100601306396 3.66167002845052 0.732334005690103 0 0 0
37.5282859208117 37.0884148231725 37.3083503719921 38 32.1781836872473 13.8698333152765 38 38 38 38 38 38 38 32.1781836872473 38 38 38 38 38 38 38 38 38 38 37.6403421892699 24.5543462043371 10.6676658599378 27.7473234608595 38 38 38 38 38 38 38 27.0149896849089 8.99631779197599 1.79665983733711 0.193661893412074 0.0829979543194603 0 0 2.27999997138977 23.5876659362318 38 38 38 38 25.1248684325915 25.5134659407606 38 38 37.5282859208117 38 37.0565718416234 38 1.38329925601579 7.20511556876845 19.6916496280079 38 38 38 38 38 38 38 38 38 38 17.4946473811981 12.1046678778658 11.9110059844537 11.15100622373 5.94166999984029 0.732334005690103 0 0 0 0 0
37.3083503719921 38 38 38 38 38 38 19.6916496280079 13.8698333152765 19.6916496280079 38 37.3083503719925 37.5282859208117 38 38 13.0269318815211 38 38 38 38 38 38 38 37.1423544459951 13.4310059653802 8.98166996169332 15.5319916439011 31.4089937190495 38 38 38 38 38 37.7233401349103 38 38 29.9443261671484 17.4946473811981 13.1006438065365 6.10766590847921 0.759999990463257 0 1.57533195047282 9.09233413052545 17.8119918363513 37.2530183850877 37.3083503719921 26.3348848863634 12.1654945491608 11.405494328958 14.4238788932306 16.166680436424 37.0492853723321 37.1964127115546 32.1781836872473 38 38 38 38 38 38 38 38 38 38 25.5134659407606 38 38 37.3083503719929 38 25.708993942639 5.45832985710856 0.78766597523641 0 0 0 0 0 0 0
38 38 19.6916496280079 32.1781836872473 38 37.5601289023608 38 38 38 37.3083503719921 38 25.5134659407606 38 25.5134659407606 38 32.1781836872473 38 37.3083503719921 36.6167007439854 37.1423544459951 17.2033397118629 14.9233399615336 12.6433402198834 7.40633801122049 2.95700200753357 19.9390142920112 37.0040245308084 37.1976864328995 37.6956741761744 38 38 37.2530184024458 26.7236820155738 14.1633402008099 16.4986719120064 37.1423544633532 37.2806843785399 38 37.5573442436295 20.7543462520208 0.759999990463257 0 3.03999996185303 9.43897331860693 11.3170021323689 12.5473236429153 12.3683095711069 5.94166999984029 0.732334005690103 0 0 2.19700201707031 5.12633803983072 10.1304673111065 25.7308095472024 37.2530184024458 37.7510061283626 38 38 38 38 38 38 37.834004074003 37.834004074003 38 38 38 38 32.1781836872473 38 22.7999999523163 1.51999998092651 0 0 0 0 0 0 0
37.3083503719921 38 36.6167007439842 37.7800644511804 38 25.5134659407606 37.5282859208117 37.3083503719929 38 19.6916496280079 25.5134659407606 38 38 38 37.5282859208117 38 38 38 25.7016702200431 6.64633802075724 2.19700201707031 0 0 0 0.732334005690103 3.66167002845052 6.59100605121093 8.84334026756707 25.1760165006741 37.0870224938069 25.96368225485 9.71400396738342 6.13533189325236 6.32899379534349 11.51066403446 12.5473236429153 12.6433402198834 11.8833399996806 10.3910060035272 4.42167001891377 0.732334005690103 0 3.03999996185303 21.4866802577109 36.8933605917157 6.07999992370605 4.55999994277954 2.27999997138977 0 0 0 0 0 0.732334005690103 3.66167002845052 9.63100601306396 37.0316905242606 38 38 38 38 38 38 38 33.6059955063803 33.2463376956503 38 38 38 38 32.3087972055043 9.87999987602234 1.51999998092651 0 0 0 0 0 0 0
37.2415676528268 37.8543895519983 37.976848922487 1.38329925603708 18.5282859208117 37.3083503719929 7.20511556876845 38 25.5134659407606 37.7800644511804 38 37.5282859208117 38 38 38 28.604813491312 15.6833397222573 13.4310059653802 7.4616699807668 1.49233399615336 0 0 0 0 0 0 0 0.732334005690103 3.66167002845052 5.85867204552083 3.66167002845052 3.77233396754313 12.3683095711069 38 38 36.9763585460352 3.03999996185303 0 0.78766597523641 3.93832987618205 6.24599584970309 3.88299790663574 1.49233399615336 3.66167002845052 4.39400403414062 2.19700201707031 0 0 0 0 0 0 0 0 0 2.19700201707031 7.40633801122049 14.9233399615336 37.0870224938069 30.2616697033436 37.1976864155414 37.6403421892699 38 38 38 38 26.2826559089583 21.1970017873308 20.3263385383144 37.5573442436295 16.7623136052475 6.60565364307503 0.759999990463257 0 0 0 0 0 0 0
12.4098509093841 34 34 35.9271947759992 37.9271947759992 38 38 38 38 19.6916496280079 19.6916496280079 38 38 37.6956741761744 37.0593565003547 8.22167020096958 0.732334005690103 0 0 0 0 0 0 0 0 0 0 0 0 0 0 3.03999996185303 23.0343462320896 37.1146884872591 25.96368225485 8.16633823142327 2.19700201707031 0 2.27999997138977 23.5599999427795 38 21.5420122359363 0.759999990463257 0 0 0 0 0 0 0 0 0 0 0 0 0 0 2.19700201707031 5.18167000937703 7.37867202644734 8.11100603213744 11.8833404591596 26.7513479916679 37.1423544633532 37.1700204394473 37.2253523916355 19.6916496280079 38 9.82466813621555 10.6400003433228 11.4276660714615 4.58766592755269 0.759999990463257 0 0 0 0 0 0 0
34 34 22.8278378986301 28.791006505377 11.791006505377 37.8543895519983 37.9271947759992 25.5134659407606 38 37.5282859208117 32.1781836872473 38 37.6117501749356 25.2036824941263 6.64633802075724 2.19700201707031 0 0 0 0 0 0 0 0 0 0 0 0 0 0 0 0.732334005690103 3.66167002845052 5.85867204552083 3.66167002845052 0.732334005690103 0 0 2.25233398661662 22.9790142538643 36.948692561262 8.22167020096958 0.732334005690103 0 0 0 0 0 0 0 0 0 0 0 0 0 0 0 0 0 0 0.732334005690103 3.66167002845052 6.59100605121093 7.32334005690103 8.8710060226007 11.1786722085031 10.5016699426198 22.1636822938547 22.7999999523163 22.039999961853 1.51999998092651 0 0 0 0 0 0 0 0
33.9271947759992 34 34 33.3811555959933 34 34 34 34 34 34 28.791006505377 36.2899426802841 13.274689199499 4.42167001891377 0.732334005690103 0 0 0 0 0 0 0 0 0 0 0 0 0 0 0 0 0 0 0 0 0 0 0 0.732334005690103 3.66167002845052 4.39400403414062 2.19700201707031 0 0 0 0 0 0 0 0 0 0 0 0 0 0 0 0 0 0 0 0 0 0 0 0 0 1.46466801138021 2.95700200753357 6.70166999030354 5.96933598461344 1.49233399615336 0 0 0 0 0 0 0 0
31.4175582079934 20.9025820855582 34 34 33.8032155634096 34 28.791006505377 34 34 34 34 12.5650573736031 2.80346320793587 0 0 0 0 0 0 0 0 0 0 0 0 0 0 0 0 0 0 0 0 0 0 0 0 0 0 0 0 0 0 0 0 0 0 0 0 0 0 0 0 0 0 0 0 0 0 0 0 0 0 0 0 0 0 0 0 0 0 0 0 0 0 0 0 0 0 0
15.7821881822085 17.7109227640195 33.1284809720129 34.527837874006 34 34 34 34 22.8278378986301 34 25.1352460775008 6.07049267949682 0 0 0 0 0 0 0 0 0 0 0 0 0 0 0 0 0 0 0 0 0 0 0 0 0 0 0 0 0 0 0 0 0 0 0 0 0 0 0 0 0 0 0 0 0 0 0 0 0 0 0 0 0 0 0 0 0 0 0 0 0 0 0 0 0 0 0 0
32.6466822780295 63 63 63 62.217947696202 63 39.4986414091915 34.695683446347 34 34 23.8067139983534 3.40000009536743 0 0 0 0 0 0 0 0 0 0 0 0 0 0 0 0 0 0 0 0 0 0 0 0 0 0 0 0 0 0 0 0 0 0 0 0 0 0 0 0 0 0 0 0 0 0 0 0 0 0 0 0 0 0 0 0 0 0 0 0 0 0 0 0 0 0 0 0
63 63 63 53.3480417631556 63 63 63 63 63 34.695683446347 28.5034903016323 13.6919919334341 9.17674575885058 5.14972201855056 1.08702370043768 0 0 0 0 0 0 0 0 0 0 0 0 0 0 0 0 0 0 0 0 0 0 0 0 0 0 0 0 0 0 0 0 0 0 0 0 0 0 0 0 0 0 0 0 0 0 0 0 0 0 0 0 0 0 0 0 0 0 0 0 0 0 0 0 0
32.6466822780131 63 42.2986405148575 61.8533177219882 21.597281029715 63 63 63 63 63 62.4903634319942 49 49 32.9464676629602 7.03837293578806 0.0356745604547319 0 0 0 0 0 0 0 0 0 0 0 0 0 0 0 0 0 0 0 0 0 0 0 0 0 0 0 0 0 0 0 0 0 0 0 0 0 0 0 0 0 0 0 0 0 0 0 0 0 0 0 0 0 0 0 0 0 0 0 0 0 0 0 0
63 63 63 63 63 63 63 62.8320763855602 60.6003004741062 54.9275593790545 49 49 49 49 17.2664673577844 2.06702371951117 0 0 0 0 0 0 0 0 0 0 0 0 0 0 0 0 0 0 0 0 0 0 0 0 0 0 0 0 0 0 0 0 0 0 0 0 0 0 0 0 0 0 0 0 0 0 0 0 0 0 0 0 0 0 0 0 0 0 0 0 0 0 0 0
63 63 62.721718470089 72.4572636180802 61.6727410950516 60.6003004741062 37.5987916708687 56 56 56 52.6274091420015 49 49 49 35.7794435793374 8.19674573977709 1.33674562362081 5.25674569991475 6.23674571898824 3.26107110131305 0.17837280227366 0.0356745604547319 0 0 0 0 0 0 0 0 0 0 0 0 0 0 0 0 0 0 0 0 0 0 0 0 0 0 0 0 0 0 0 0 0 0 0 0 0 0 0 0 0 0 0 0 0 0 0 0 0 0 0 0 0 0 0 0 0 0
63 72.909880781809 69.6018120342179 29.5289097040175 54.9807268639889 56 56 56 56 56 56 52.5 49 49 49 27.2805149112477 21.6145621595352 36.7237694974352 49 22.558888077633 15.2848403300041 9.35178017601204 4.42497310573882 0.990668984354054 0.085182108956511 0 0 0 0 0 0 0 0 0 0 0 0 0 0 0 0 0 0 0 0 0 0 0 0 0 0 0 0 0 0 0 0 0 0 0 0 0 0 0 0 0 4.83625681404653e-13 0 0 0 0 0 0 0 0 0 0 0 0 0
64.2302691891599 56.3981879657821 84 82.9572636180802 56.1620577508884 56 56 55.6758844287907 56 56 55.7451817159971 49 49 49 49 49 49 49 49 49 49 44.1820130600021 30.6866122521009 15.4758843312912 6.6437234842109 0.865182080346282 0 0 0 0 0 0 0 0 0 0 0 0 0 0 0 0 0 0 0 0 0 0 0 0 0 0 0 0 0 0 0 0 0 0 0 0 0 0 0.89186399401018 49 32.8989428268799 24.500000000001 0 0 0 0 0 0 0 0 0 0 0 0
84 84 84 84 84 84 84 83.8379422491116 56 52.6274091420015 49.2548182840029 49.1679236144398 49 49 49 49 49 49 49 49 49 49 49 43.9421222020688 28.4775164495279 11.2039399973614 7.303940361473 4.18394022881628 0.978758234300689 0.085182108956511 0 0 0 0 0 0 0 0 0 0 0 0 0 0 0 0 0 0 0 0 0 0 0 0 0 0 0 0 0 0 0 0 0 0 4.02590149053421e-11 48.7163989012291 49 49 25.1082628952392 0 0 0 0 0 0 0 0 0 0 0
84 84 84 84 82.4710902959852 84 83.4903634319942 55.3048424004814 56 56 56 56 56 56 55.7451817159971 49 49 49 49 49 49 48.3917371047608 44.1820130600021 39 39 39 39 29.483124006168 15.1413284525803 10.4967454536748 8.15674579528218 8.15674579528218 5.7995340577855 2.65041207568284 0.257861439828268 0.141970181594185 0.028394036318837 0 0 0 0 0 0.137601872320084 2.79520372556668 2.79520372556668 1.2141326996899 0 0 0 0 0 0 0 0 0.364629974215759 0.364629974215759 11.9453227928706 0 1.14668227801309 0 0 0 0 0 0 0 47.2162720119796 49 49 0.89186399401018 0 0 0 0 0 0 0 0 0 0
63 73.5 82.4710902959834 84 54.8692782617646 56.3981879657821 70 47.4204805461849 37.5987916708687 56 56 56 56 54.9275593790545 51.3001502370531 49 49 49 49 49 44.1820130600021 40.7140705648053 42.343807233126 45.7140705648053 39 39 40.7140705648053 44.1820130600021 39.3640261200042 39.3640261200042 39.3640261200042 39.3640261200042 39.3640261200042 21.1997148809349 15.973488644793 8.59627478873275 1.58839397909838 0 0 1.25999999046326 6.4230166225433 11.6319007924943 13.029502850301 16.8629569523049 31.5 1.14668227801309 0 0 0 0 0 0.364629974215138 1.14668227801309 32.6466822780131 32.6466822780131 63 63 60.7066354439738 0 9.29080682089005 0 0 0 0 0 0 0 0 48.1081360059913 56 63 11.9453227928706 1.14668227801309 0 0 0 0 0 0 0
32.0677484228009 62.7451817159971 84 84 70.6445484161377 28.7963759315642 74.7993953759553 56 19.1975833417374 56 55.6758844287907 20.4397536821965 37.5987916708687 56 56 56 56 55.3048424004814 56 53.6998497629469 49.2548182840029 43.9568936133733 44.1820130600021 49 43.9421222020688 39 44 49 49 48.7163989012291 49 49 49 49 44.1820130600021 25.4313492544239 2.37567447462404 0 0 1.25999999046326 35.7405744384349 62.6353700257849 63 2.29336455602618 32.6466822780131 32.6466822780131 0.782052303797951 0 0 0.364629974215138 10.7986405148575 42.2986405148575 63 63 61.8533177219869 63 63 20.0859687774868 0 40.6010571731217 32.0070788328712 25.3918639940102 0 0 0 0 0 0 16.3846582718911 54.8533177219889 63 31.5000000000013 0 0 0 0 0 0 6.21804438499059e-13 1.51131225222823
68.8186690783837 84 84 58.2614434764707 55.9120146436844 71.1307217382354 58.2614434764707 70.5096365680058 56 56 37.2746760996594 56 57.0192731360116 56.5096365680058 56.5096365680058 57.0192731360116 56.1620577508884 56 56.0405144724383 56.2548182840029 58.3996995258938 63 63 63 45.9688888488082 45.7140705648053 44.1820130600021 49 49 49 49 49 49 49 49 21.7688229122322 3.52728050506241 0 0 1.2141326996899 15.3656747602013 62.2158635763994 63 63 63 63 32.6466822780131 1.14668227801309 1.92873458181104 2.29336455602618 21.8480417631726 61.071265418189 61.4358953924041 41.5165882110596 63 63 31.5 0 2.29336455602618 1.92873458181104 16.1010571731201 47.2162720119807 49 0.89186399401018 0 0 1.14668227801309 63 1.51131225233175 55.5255583355726 40.3699059330478 10.7986405148575 61.8533177219869 41.5165882110596 62.6353700257849 30.3533177219869 0 0 31.5000000000518 63
