rasters/edaphic/S_CEC_CLAY.asc
NCOLS 720 
NROWS 300 
XLLCORNER -180 
YLLCORNER -60 
CELLSIZE 0.5 
NODATA_value -9999 
[rows 36 to 71 of 300, columns 0 to 79 of 720]
10.6723776986271 13.7751610858149 14.0560897873133 11.5850096714937 6.15301973076103 1.76693788315957 0 0 0 0 0 0 0 0 0 0 0 0 0 0 0 0 0 0 0 0 0 0 0 0 0 0 0 0 0 0 0 0 0 0 0 0 0 0 0.158164294631408 5.19508102547693 11.8117780055019 11.8492827885665 5.44972234346625 0.58972234217972 0.41280562563931 0.176916694842763 0 0 0 0 0 0 0 0 0 0 0 0 0 0 0 0 0 0 0 0 0 0 0 0 0 0 0 0
36.5717044758335 35.6531033559846 35.6531033559846 38.1830601539846 28.7857912935643 2.47999995946884 0 0 0 0 0 0 0 0 0 0 0 0 0 0 0 0 0 0 0 0 0 0 0 0 0 0 0 0 0 0 0 0 0.176916694842763 2.03280564342627 8.68972245919369 15.1697227253648 16.7897231051192 16.7897231051192 21.1345841009815 31.6429436051395 79.994504210588 81 38.8522504694481 34.1691684135531 29.4860836007839 21.3923663737712 16.3929547836181 16.5323666823777 15.1295028549061 8.63075023191897 1.91486116283964 0.117944463228509 0.176916694842763 0.41280562563931 0.530750097546877 0.41280562563931 0.176916694842763 0 0 0 0 0 0 0 0 0 0 0 0 0 0 0 0 0
8.2279450733893 8.64468938396648 12.6315492634618 15.0571281637241 10.7173555493062 2.41665941641072 0 0 0 0 0 0 0 0 0 0 0 0 0 0 0 0 0 0 0 0 0 0 0 0 0 0 0 0.0589722316142543 1.91486116283964 8.63075023191896 15.1697227253648 16.7897231051192 21.6497227270802 31.0471121780263 60.7066395233453 81 81 81 81 81 81 81 81 81 81 79.994504210588 78.0513884279671 79.994504210588 81 59.1456109461028 27.1584169532119 20.0297228068049 22.4163617163678 28.7784168040547 32.6081398363107 29.4860836007839 21.6497227270802 15.1697227253648 8.68972245919369 2.20972234260856 0.58972234217972 0.58972234217972 0.58972234217972 0.58972234217972 0.58972234217972 0.58972234217972 0.58972234217972 0.58972234217972 0.41280562563931 0.176916694842763 0 0 0 0
0 0 0 0 0 0 0 0 0 0 0 0 0 0 0 0 0 0 0 0 0 0 0 0 0 0 0 0 0 0 0 0 0.0589722316142543 6.77486130503311 22.2984172618184 59.1456109461028 81 81 81 81 81 81 81 81 81 81 81 81 81 81 81 81 81 81 81 81 81 81 81 81 81 81 81 81 60.7066395233453 35.7301951528794 34.1691684135531 34.1691684135531 34.1691684135531 34.1691684135531 34.1691684135531 34.1691684135531 34.1691684135531 34.1691684135531 29.4860836007839 21.6497227270802 11.9297224600514 5.43096991721771 0.49596031508577 0.477207923553474
0.0143996926307397 0 0 0 0 0 0 0 0 0 0 0 0 0 0 0 0 0 0 0 0 0 0 0 0 0 0 0 0 0 0 0.176916694842763 6.89280575958256 27.099445610179 81 81 81 81 81 81 81 81 81 81 81 81 81 81 81 81 81 81 81 81 81 81 80.5311900033952 81 81 81 81 81 81 81 81 81 81 81 81 79.0568842173784 79.5256942139832 81 81 81 81 81 81 22.745585814122 15.6081469854407 14.6429507542696
6.01824490306183 5.91510753143529 3.16501100349827 0.823897474600471 0.15361902368324 0 0 0 0 0 0 0 0 0 0 0 0 0 0 0 0 0 0 0 0 0 1.67897223638263 8.39486130546195 15.1107504980901 16.7897231051192 16.7897231051192 21.6497227270802 35.7301951528794 81 81 81 81 81 81 81 81 81 81 81 81 81 81 81 81 81 81 81 81 81 81 81 81 81 81 81 81 81 80.0623800067904 78.0513884279663 78.0513884279663 78.0513884279663 65.6417270500594 26.6160328360763 0 0 0 0 0 0 0 0 0 0 0 0
36.8080873275399 29 24.7646903772659 21.7499393394053 14.7418852480318 4.6397532673623 0.743147604866867 0.0691649641026483 0 0 0 0 0 0 0 0 0 0 0 0 0 0 0 0 0 0 4.8600001335144 50.2200002670288 81 81 81 81 81 81 81 79.0568842173784 78.0513884279663 78.0513884279663 78.0513884279663 39.0256942139832 65.6417270500594 78.0513884279663 78.0513884279663 78.0513884279663 81 81 81 81 81 81 81 81 81 81 80.5311900033952 79.0568842173784 78.0513884279663 78.0513884279663 65.6417270500594 0 0 0 0 0 0 0 0 0 0 0 0 0 0 0 0 0.937619993209616 0.937619993209616 0 0 0
0 0 43.8169238517587 72.0875912323596 60.9324078687565 23.276335364512 12.6836527059249 9.631049259186 6.89796944993787 4.34452182028095 0.0923893557970264 0 0 0 0 0 0 0 0 0 0 0 0 0 0 0 4.80102789756062 48.981583407469 79.2898053048843 81 81 81 68.5903386220931 0 1.47430578601763 2.94861157203366 0 0 0 79.0568842173784 80.5311900033952 81 27.7679343278475 15.3582729499406 2.94861157203366 0 0 0 0 0 0 0 0 0 0 0 0 0 0 0 0 0 0 0 0.468809996604808 2.94861157203366 2.94861157205482 54.3839671639237 81 81 81 81 81 81 81 81 81 81 81 81
15.415945415231 3.16702724403615 1.9010033912674 37.3203138635724 63.0656228938858 37 34.371256084261 31.7425121685219 58.1456104480017 21.1163450964513 8.21940048745491 2.20449733831488 0.633405434920735 0.633405434920735 0.570064898371909 0.316702717460368 0.0633405452278853 0 0 0 0 0 0 0 0 0 1.56102777315412 7.80513898064035 18.9092504321712 28.5702784762648 58.642611429865 79.4077497594337 81 81 68.5903386220931 39.0256942139832 0 0 0 0 0 26.6160328360763 78.0513884279663 65.6417270500594 0 0 0 0 0 0 0 0 0 0 0.468809996604808 2.94861157203366 2.94861157203366 2.94861157203366 2.94861157203366 2.94861157203366 2.94861157203366 2.94861157203366 54.3839671639237 81 81 81 81 81 81 81 81 80.7106111492089 81 81 81 81 81 79.8005458491985 79.1798693999792 71.5195855517957
29.9344878763749 42.804082479431 14.3934231697299 76.5305550556248 35.3131635794901 61.6865440143736 45.5703491481939 45.5240469237355 36.7087791039967 33 51.4242911741444 22.7280534852612 31.6702379075472 36.7002156112552 33.7091853377745 22.5286824188156 9.9500914326321 3.60109675125746 0.020141466250784 0 0 0 0 0 0 0 0 0 0.0225696196138388 1.67387587122331 8.00826555282537 20.7323768942548 55.4564875078436 79.3713471474333 81 81 80.2144316358083 80.7106111492089 79.1798693999792 79.1798693999792 79.1798693999792 71.5195855517957 63.8593017036121 79.1798693999792 79.1798693999792 79.1798693999792 80.7106111492089 27.7679343278475 27.7679343278475 27.7679343278475 81 81 81 81 81 80.7106111492089 79.1798693999792 79.1798693999792 79.1798693999792 79.1798693999792 79.1798693999792 79.1798693999792 79.1798693999792 79.1798693999792 79.1798693999792 71.5195855517957 47.4296508518061 31 31 31 31 31 31 31 31 31 31 31 31 31
84.8201111898943 69.5923820340243 83.8329727559642 42.6081360059902 0.887596101449041 17.8265516780023 45.7163342464986 0 14.5000000000076 32.3265516953504 28.8477644854609 37.5389747386697 87 85.8005458491985 85.8757869379064 68.2909180056068 43.2633830219973 6.60201447999572 3.68764272103375 2.05111353930438 0.812248641190475 0.0211135143527069 0 0 0 0.0677088588415164 0.157987337296872 2.08569621478303 5.18569611073654 9.79653181356026 12.4796579453397 12.2483947927698 13.3293792750542 19.7549465268873 29.0359734985261 30.8172589058104 31.0211867634411 31 31 31 31 31 31 31 31 31 31 31 47.4296508518061 79.1798693999792 79.1798693999792 79.1798693999792 79.1798693999792 79.1798693999792 79.1798693999792 31 31 31 31 31 31 31 31 31 31 31 30.8205788889025 31 31 30.6151806250911 31 31 31 31 31 31 31 31 31 31.3094222020035
0.362515477706465 0.501988164594872 1.05567574801205 36.7087791039967 32.3265516779923 28.9777649103769 30.5168665322626 10.0570352577948 18.5829728826773 18.3543895520065 5.66861083795977 47.8905473920042 30.371256084261 36.5717044758335 19.8693658599348 12.010669997928 85.4164863779819 28.5875912323596 9.41376827740695 22.573630850491 7.31892955891276 0.579999983310699 0 1.88256963391895 4.4528481314478 8.26312674470408 11.2847974047702 14.8693799454369 31 31 31 31 17.8565322158188 13.6745189453883 14.8693799454369 19.6488230266732 28.6102789188609 31 31 31 31 31 31 31 31 31 31 31 31 31 31 31 31 31 31 31 31 31 31 31.1157555264299 31.7280522400083 31.1157555264299 31 31.2315110528599 31.7280522400083 31.7280522400083 31.7280522400083 31.7280522400083 31.4797816464341 31 31 30.4357595139936 31 31 31 31 31 31 31 39.4016077990629
37.4453466099415 14.3307478075332 18.9408462955471 28.6400076809769 1.77566035134209 1.44286176345318 0.32479394384237 23.5013595097665 5.13461482970836 18.3543900114774 32.1587061403683 24.9451427990035 37.8173921703613 44.8969008261862 57.9088721200499 16.4959223896585 1.58351362201807 7.25212445998054 23.9422317821361 12.1415494808984 6.93888628754545 0.579999983310699 0 2.48000001907349 30.5486076077232 31 31 31 31 31 31 31 31 31 31 31 31 31 31 31 31 31 31 31 31 31 31 31 31 31 31 31 31.1157555264299 31.7280522400083 31.7280522400083 31.7280522400083 31.7280522400083 31.7280522400083 51 51 50.7517294064258 47.4393456411614 31.7280522400083 31.7280522400083 31.3640261200042 31 31 37.5718607083057 50.2719477599917 50.2719477599917 34.6764098852686 31.7280522400083 31.7280522400083 31.7280522400083 31.7280522400083 31.7280522400083 31.1157555264299 31 31.0983922009371 39.8094222020035
69.2387683412795 12.2514752268432 4.73886478004009 7.41331864599727 9.27006494946206 6.06454062461853 2.87007601321743 12.5194973458618 50.9053299347707 4.44296520170046 23.5013595097673 0.219935548819603 32.732846238832 5.05921797511188e-11 86.4964633524094 16.016527826038 16.4198996088972 7.32635739907772 5.81310179549063 1.16655090256729 0 0 0 2.41229116023197 7.28201271992359 13.4143036790263 26.4794428905014 31 30.641157777805 30.641157777805 30.2563384028961 25.1221424172218 0.179421111097809 10.3658040143258 29.8715190279871 31 31 31 31 31 31 25.1221424172218 0 10.1863829032456 26.2506233892347 31 31 31 31.4797816464341 34.7921654116985 50.5202183535659 50.0925266488942 46.8230152133926 37.6876162347356 31.4797816464341 31.2315110528599 31.1157555264299 31 47.2078345883015 50.2719477599917 50.2719477599917 37.5718607083057 31 50.6359738799958 50.5202183535659 43.700087051686 34.6764098852686 31.7280522400083 31 31 31 30.2563384028961 29.8715190279871 30.4357595139942 31 50.2719477599917 51 48.571733393991 48 48
13.286121809724 4.10492474881889 0 0 0 0 0 8.80619143513602 12.6967828347627 49.9294462110048 17.6750197886971 31.8978351502159 0.691649628007895 17.8265516779923 17.8265516779923 42.1065080049892 5.22000002861023 0 0 0 0 0 0 0 0 1.81486077507744 7.94715184471035 30.1803168498051 5.50238998076327 1.12848097201288 31 30.1874936939018 30.1936314550144 31 20.8136170967717 30.2921258779088 30.3680506681706 28.0128477296181 31 31 0 0 0.56424048600644 30.6151806250911 31 20.8136170967717 31 31 50.2719477599917 33.5137050674158 50.2719477599917 50.2719477599917 50.2719477599917 37.5718607083057 31 31 31 31 31 31 31 31 31 31.1157555264299 31.4797816464341 31 31 47.2078345883015 40.6359738799958 31 1.12848097201288 1.12848097201288 1.12848097201288 1.12848097201288 0.358842222195006 31 37.5718607083057 50.5202183535659 48.568824719859 48.0719672434935
0 0 0 0 0 0 0 0 1.67665946430886 3.88647474363219 6.21827619436572 5.11729125236462 4.23088588363047 2.1861241430818 4.52890776954617 4.13408986376851 3.51130626591459 0.225696187459329 0.225696187459329 0.157987337296872 0.0677088588415164 0 0 0 0 0 1.7922911554636 3.3896715409988 5.27224128978752 7.56226624928044 8.52201295919985 7.8343039807202 7.8343039807202 9.92941794054522 9.61224097855684 7.15481080449718 7.37229119403941 13.6174307280484 31 16.0642404860064 0 5.49303820786923 30.8205788889025 31 31 31 31 31 31 31 31 31 31.0347266509857 31.2184156720025 32.0681961377465 32.9874299054619 31.993714952731 31 31 31 31 40.4565527688983 49.1434667879788 49.1434667879788 49.1434667879788 49.1434667879788 40.0717333939905 31 31 31 31 31 31 31 31 31 31 31 40.6359738799958 50.8842444735701
0 0 0 0 0 0 0 0 0 0 0 0 0 0 0 1.86000001430511 5.31049366809461 7.10278459381869 8.89507609389157 9.49250659391586 8.1051394204258 5.62513916293373 3.10000002384186 0.620000004768372 0 0 0 0 0 0.0225696196138388 1.97284810803478 3.92312660947431 3.32569622431978 2.08569621478303 6.74167090973679 10.0899368642006 10.1456962984695 14.8693799454369 25.4331513634984 30.2563384028961 0.564240486014539 26.2506233892347 31 31 31 31 31 31 31 31.0347266509857 31.2184156720025 34.1092078360012 33.8907921639988 31 31 31 31 31 30.8205788889025 29.8715190279871 25.1221424172218 8.09912359803649e-12 30.8205788889025 1.12848097201288 0.743661597103943 0.743661597103943 0 0.384819374908937 0.56424048600644 0 0 0 25.5069617921308 31 31.1157555264299 31.1157555264299 31 31 31 40.7517294064258
0 0 0 0 0 0 0 0 0 0 0 0 0 0 0 1.86000001430511 4.3400000333786 6.19999980926514 8.06000018119812 30.2100633265342 30.6163164709043 30.1197848393998 16.2434683823718 0.620000004768372 0 0 0 0 0.00717684409673776 2.53127701507428 9.33348006004052 31 23.2334051078608 14.8693799454369 24.4282661079094 31 31 31 15.5 0.179421111097503 30.6151806250911 31 31 31 31 31 31 31.1092078360012 36.8907921639988 35.8623505602821 31 31 31 31 31 30.8205788889025 29.8715190279871 14.9357595139936 0 0 0.56424048600644 5.87785758277817 1.12848097201288 31 31 31 5.87785758277817 31 31 21.5012467784694 11.3148638752411 5.87785758277817 20.8136170967717 31 41.3640261200042 51 44.4281392916943 31.3640261200042 31 41
0 0 0 0 0 0 0 0 0 0 0 0 0 0 0 0 0 0 1.7922911554636 4.80201258598034 7.21430386108207 6.61687336105778 2.98715192577266 0.597430385154533 0 0 0 0.0225696196138388 2.17000000737255 8.30339659902021 30.6151806250911 26.2506233892347 30.4357595139942 31 31 31 31 31 31 26.0712022781372 31 31 31 31 31 31 31 34 34.1092078360012 31 31 31 31 30.2563384028961 10.1863829032283 0 0 0 3.65186755773515e-13 1.34689664402504 37 31 29.8715190279871 29.8715190279871 30.8205788889025 31 31 31 31 31 31 31 30.2563384028961 29.8715190279871 30.2563384028961 31 50.2719477599917 50.8842444735701 34.7921654116985 41.3640261200042
0 0 0 0 0 0 0 0 0 0 0 0 0 0 0 0 0 0 0 0 0 0 0 0 0 0 0.64256962438221 3.83284813101895 11.158798023836 31 30.6151806250911 31 16.0642404860319 30.6151806250911 31 31 31 31 31 31 26.2506233892347 31 31 31.143934486987 31.1092078360012 31 34.8845071167297 36.7815843279975 36.7815843279975 31 31 31 0 0 0 0 0 7.01550748197514 37 37 37 10.1863829032283 0 0 0 10.1863829032283 30.4357595139942 30.8205788889025 31 31 10.1863829032283 0 0 0 0 0 0 24.571733394018 49.7765567217457 51
0 0 0 0 0 0 0 0 0 0 0 0 0 0 0 0 0 0 0 0 0 0 0 0 0 0 1.24000000953674 17.9800000190735 31 31 30.8205788889025 31 31 31 31 31 31 31 31 31 31 31 36.7815843279975 36.7815843279975 33.8907921639988 31 31 31 31 31 31 31 16.0642404860064 1.12848097201288 0 0 0 19.1734483220381 37 37 37 37 36.1124039159091 0 0 0 0 29.8715190279871 30.641157777805 30.8205788889025 31 5.87785758277817 1.12848097201288 0.179421111097503 0 0 0 0 0 16.7582426925759
0 0 0 0 0 0 0 0 0 0 0 0 0 0.0451392392276776 0.0451392392276776 0.0225696196138388 0 0 0 0 0 0 0 0 0 0 1.2174303899229 6.70715206925265 21.3163162975275 30.7671269597649 31 31 31 31 30.6151806250911 31 31 31 31 31 31 29.8715190279871 30.4357595139936 31 31 31 31 31 31 31 31 31 30.2563384028961 29.8715190279871 0 0 7.01550748197514 36.8200003775439 36.9191862263548 36.8383724179933 37 19.1734483220077 0 0 0 0 0 0.214147779441354 0.214147779441354 0 0 0 25.1221424172218 29.8715190279871 29.8715190279871 0 0 0 0 0
0 0 0 0 0 0 0 0 0 0 0 0 0 1.24000000953674 1.78167087592934 0.620000004768372 0 0 0 0 0 0 0 0 1.88256963391895 4.4528481314478 6.40312638145016 6.40312638145016 8.72513930598488 16.6616712157703 31 31 31 31 20.8136170967717 31 31 31 31 31 14.9357595139936 0 0 14.9357595139936 31 31 31 31 31 31 15.5 0 0 0 0 24.3661226491292 27.5505467319995 37.0567491036626 37 36.3265516779923 0 0 0 0 1.50693795230096 5.28775179098802 23.7069377702452 37 37 29.9464241673525 0.277813329394178 0.277813329392688 0 0 0 0 0 0 0 0
0 0 0 0 0 0 0 0 0 0 0 0 0 1.24000000953674 1.24000000953674 0.620000004768372 0 0 0 0 0 0 0 0 2.48000001907349 30.5486076077232 31 31 20.8436835672427 9.23229132755382 20.8329365046033 20.4668568711438 5.87785758279554 31 31 30.7743038125407 31 31 30.4357595139936 10.1863829032283 0 0 0 0 15.679421111123 31 31 31 31 31 15.5 0 0 0 3.03996643162787e-11 15.576186287345 40.4561723516958 41.295508216049 88.7608347903497 12.1579412995116 0 0 0 0.0269379332274698 4.23875870355405 36.4881792773571 23.8273655539687 14.5575587916876 13.751410371744 12.3785843292802 46.7275953724658 48 1.74732537601994 7.5619434962474 30.6628379253787 15.7195865245161 1.15147601740266 0 0 0
0 0 0 0 0 0 0 0 0 0 0 0 0 0 0 0 0 0 0 0 0 0 0 0 2.41229116023197 7.28201271992359 12.174303899229 21.7783293009292 8.56715196434848 3.05486078461418 2.79224115584427 6.24962167055435 9.13707667059253 10.5719874457181 10.9343036599528 15.2743042633407 30.6994180965838 31 10.1863829032283 0 0 0 0 0.56424048600644 31 31 31 31 30.2563384028961 29.8715190279871 20.552186917554 21.3218256673719 0.0307855510342021 0 2.43197322888105e-12 10.7904491424561 149.863243784466 74.6787975699678 0 0 0 0 0 2.22000002861023 21.5534896589035 7.26531042923008 4.30531039108311 1.42612415261855 0 2.77516041540913 9.35537458285757 13.1953740440571 9.78931565173246 5.61257181315381 4.86919153822396 6.83525053470286 5.3329996970425 1.5705349445343 0 0.0698930134785671
0 0 0 0 0 0 0 0 0 0 0 0 0 0 0 0 0 0 0 0 0 0 0 0 0 0 0.597430385154533 1.19486077030907 1.19486077030907 0 0 0 0 0 0 4.27229105966732 29.97719027762 10.1863829032283 0 0.461541354100723 0.564240486007097 1.12848097201288 5.87785758277817 31 31 31 31 31 31 30.8205788889025 30.4357595139936 0 2.63470703472204 0.112848093729664 0.451392374918658 9.41284780762737 0.112848093729664 0 2.9871518109029 0 0 0 0 1.42612415261855 1.42612415261855 0.713062076309273 0 0 0 0 0 0 0 0 0 0 0 0 0 1.88505345034537
0 0 0 0 0 0 0 0 0 0 0 0 0 0 0 0 0 0 0 0 0 0 0 0 0 0 0 0 0 0 0 0 0 0 0 1.7922911554636 0 1.00488571506803 0.518436711528874 2.87430369853973 19.5816514576899 30.6614557014529 23.7048355377324 30.3229114029058 30.526038009807 28.0128477296181 31 26.2506233892347 30.0509401390849 31 15.3205788889025 0 0.225696187459329 13.0770882156245 42.5569630190025 42.3312668662594 18.5999994277954 3.09999990463257 0 0 0 0 0 0 0 0 0 0 0 0 0 0 0 0 0 0 0 0 0 0
0 0 0 0 0 0 0 0 0 0 0 0 0 0 0 0 0 0 0 0 0 0 0 0 0 0 0 0 0 0 0 0 0 0 0 0 0 0 0 1.19486077030907 3.60715193054104 6.66201260028546 7.25944310030975 6.70715183951313 15.1056963019002 31 30.4357595139936 30.2563384028961 29.8715190279871 10.1863829032283 0 0.692481359592735 6.53854410781225 89.935883847693 153.456010812799 151.424745090949 81.4430378652394 3.09999990463257 0 0 0 0 0 0 0 0 0 0 0 0 0 0 0 0 0 0 0 0 0 0
0 0 0 0 0 0 0 0 0 0 0 0 0 0 0 0 0 0 0 0 0 0 0 0 0 0 0 0 0 0 0 0 0 0 0 0 0 0 0 0 0 0.0225696196138388 2.13083545401071 14.1650758320577 27.0629731426315 31 14.9357595139936 14.9357595139936 0.0533551706480409 7.20488552433317 33.6644178482881 41.4882284288154 0 0 3.71830795080348 20.969810401867 18.0357589591471 2.9871518109029 0 0 0 0 0 0 0 0 0 0 0 0 0 0 0 0 0 0 0 0 0 0
0 0 0 0 0 0 0 0 0 0 0 0 0 0 0 0 0 0 0 0.112848093729664 0.225696187459329 0.225696187459329 0 0 0 0 0 0 0 0 0 0 0 0 0 0 0 0 0 0.338544281188993 3.88993659545646 17.1356327812004 28.2836841013003 32.6927214580193 125.610711167151 0 0 0.597430385154533 0.597430385154533 6.31284792035292 91.7586709863318 155 5.6424048600644 99.3591532602367 21.5572786331177 13.3857593536377 3.09999990463257 0 0 0 0 0 0 0 0 0 0 0 0 0 0 0 0 0 0 0 0 0 0 0
0 0 0 0 0 0 0 0 0 0 0 0 0 0 0 0 0 0 0 3.09999990463257 8.90835414556767 6.19999980926514 0 0 0 0 0 0 0 0 0 0 0 0 0 0 0.225696187459329 0.451392374918658 9.86424018254603 31.3385443332633 54.5242369309196 109.242845952075 152.178797569968 0 0 7.06170511003792 0 0 0 6.08715171553547 44.979873000178 113.179871890485 59.1667755542261 20.2740542695835 6.92417912775048 0 0 0 0 0 0 0 0 0 0 0 0 0 0 0 0 0 0 0 0 0 0 0 0 0
0 0 0 0 0 0 0 0 0 0 0 0 0 0 0 0 0 0 0 3.09999990463257 6.19999980926514 6.19999980926514 0 0 0 0 0 0 0 0 0 0 0 0 3.43854420317968 16.1770885970942 35.002785131307 44.7840517764526 46.708480429802 152.178797569968 149.357595139936 50.9319135971833 0 3.09999990463257 0 0 0 3.09999990463257 6.19999980926514 9.29999971389771 18.4871513514239 30.7743037778244 21.4743036218058 3.09999990463257 0 0 0 0 0 0 0 0 0 0 0 0 0 0 0 0 0 0 0 0 0 0 0 0 0 0
0 0 0 0 0 0 0 0 0 0 0 0 0 0 0 0 0 0 0 0 0 0 0 0 0 0 0 0 0 0 0 0.338544281188993 0.56424048600644 10.2027845158094 34.777088978564 110.192721458019 153.758670986332 155 129.637358381689 0.641204367931475 0.902784784553552 5.36297285652917 2.15012462842741 0 0 0 0 3.09999990463257 77.89164556833 6.19999980926514 0 0 0 0 0 0 0 0 0 0 0 0 0 0 0 0 0 0 0 0 0 0 0 0 0 0 0 0 0 0
0 0 0 0 0 0 0 0 0 0 0 0 0 0 0 0 0 0 0 0 0 0 0 0 0 0 0 0 0 3.43854420317968 16.1770885970942 37.7642411795134 47.4625329695793 51.518416154316 155 151.727405125617 153.081582319805 72.3216413026566 150.711772334124 92.1629726051431 84.4301901356213 11.8955059564706 3.09999990463257 0 0 0 0 2.9871518109029 5.97430362180581 5.97430362180581 0 0 0 0 0 0 0 0 0 0 0 0 0 0 0 0 0 0 0 0 0 0 0 0 0 0 0 0 0 0
0 0 0 0 0 0 0 0 0 0 0 0 0 0 0 0 0 0 0 0 0 0 0 0 0 0 0 3.09999990463257 6.19999980926514 18.5999994277954 95.2569619440258 153.194430430893 151.050316597955 100.043037362467 42.6100647829807 45.3715190279871 27.1100629450645 21.022911229529 21.022911229529 27.1100629450645 21.361455510718 9.18715162016804 3.09999990463257 0 0 0 0 0 0 0 0 0 0 0 0 0 0 0 0 0 0 0 0 0 0 0 0 0 0 0 0 0 0 0 0 0 0 0 0 0
0 0 0 0 0 0 0 0 0 0 0 0 0 0 0 0 0 0 0 0 0 0 0.112848093729664 0.451392374918658 0.487276604081406 0.184616543376101 0.0358842204836888 2.9871518109029 77.7787974746004 18.4871513514239 33.5357598954633 42.3843685955213 29.9843671217168 14.9357595139936 2.9871518109029 0 0 0 0 0 0 0 0 0 0 0 0 0 0 0 0 0 0 0 0 0 0 0 0 0 0 0 0 0 0 0 0 0 0 0 0 0 0 0 0 0 0 0 0 0
