rasters/edaphic/S_CLAY.asc
NCOLS 720 
NROWS 300 
XLLCORNER -180 
YLLCORNER -60 
CELLSIZE 0.5 
NODATA_value -9999 
[rows 180 to 215 of 300, columns 405 to 485 of 720]
20.2567329703803 36 36 36 36 36 36 36 51.748580469583 60.6552470160075 51.3851604267437 69.8800974300426 59.4393735771639 40.3265516779923 13.7178119422918 14.1203055731028 50 44.9461562972012 25.1177725739956 22.1627399239914 0 0 0 0.457234436171394 22.5070354998107 59.5134659407606 34.133118836276 47.8308967851896 43.7089339420809 40.5738770540123 76.7912500909515 22.9186300380048 31.5182013060002 65.9079216399875 55.3793235507807 56.4004287320046 56.144694494828 31.3103382246097 32.0364026120004 33.472162125994 13.4829975708968 1.98286937400163 0.0963597402358305 0 0 0 0 0 0 0 0 0 0 0 0 0 0 0 0 0 0 0 0 0 0 0 0 0 0 0 0 0 0 0 0 0 0 0 0 0 0
36 35.8900322255902 35.3083503719921 26.1541751859961 36 36 36 36 39.8100259317142 33.2291532649679 33.1456104480017 33 40.9271947759992 43 12.2376888080651 28.9260306230485 12.9090372398388 0.941440063682991 14.0374500303236 0 0 0 0 50.4104635835219 58.3646587440965 37.9110587857448 29.4568895053837 33.2720213275245 59.5511505380942 68.0737556433662 30.3315160168774 34.0728052240008 32.2291532649679 49.1713825042432 64.3572978833267 66.5085647379944 67.9857773602255 31.2447625873473 32.6571855194557 7.72904465147393 3.71661663234218 0.385438960943322 0 0 0 0 0 0 0 0 0 0 0 0 0 0 0 0 0 0 0 0 0 0 0 0 0 0 0 0 0 0 0 0 0 0 0 0 0 0 0
17 17 17 17 26.5 36 35.8900322255902 36.4817986939998 40.9040436984862 39.6856271231724 38.3871781008284 33.0546039180006 43.0125700945381 40.8530790626341 27.5464818251604 44.7997856339977 0.214147779441354 21.0299513259123 25.0641131716902 0 0 0 17.7775158285885 56.6641825688133 42.972162125994 32.6762248059633 32.6025816014551 28.9691216786281 75.7551105234033 43.5096603850767 47.2548182840029 36 55.6605084701516 65.2510719299316 66.9363344500487 67.0546039180006 67.9857773602255 50.6188444040071 23.8507202685539 5.21612926393903 0.0963597402358305 0 0 0 0 0 0 0 0 0 0 0 0 0 0 0 0 0 0 0 0 0 0 0 0 0 0 0 0 0 0 0 0 0 0 0 0 0 0 0 0
17 17 17 17 23.2432670296197 35.6541751859961 26.1541751859961 37.7961715708274 36.6935881314561 40.9652733490143 41 33 39 21.2858522379168 43 34.0425504768631 18.5 0.800857464045292 21.4538047531543 0 0.546039180006233 0.297924670629583 22.977643700879 33 58 29.021016889322 41.101870935264 44.5736432045082 32.5654195530648 36.4033383250931 27.8911329499833 39.3807115564508 25.0248028045174 56 65.9275612169707 43.6708011862735 65.0004710612914 62.6078769925754 13.4504918812415 1.2174303899229 0 0 0 0 0 0 0 0 0 0 0 0 0 0 0 0 0 0 0 0 0 0 0 0 0 0 0 0 0 0 0 0 0 0 0 0 0 0 0 0 0
17 17 17 17 17 17 17 36.1771940733342 36.0364026120004 37.6371769655772 40.8121991879778 33.2184156720025 37.7104702888162 22.259505080528 39.5718607083057 47.6552470160075 17.8265516779923 22.7010234283702 21.7451817159971 0.834064238187526 1.30562223316848 0.600643098008594 25.449318898104 24.6582816260171 44.5535320879892 56.1070641759784 35.9861932732549 15.8993569019939 32.1731121113153 19.0983922356533 35.9992689559731 44.0825983012711 32.0331287320698 60.4989281699886 66.2604502286177 42.0398325761286 65.8565754588677 17.705609259695 4.29506134155932 0 0 0 0 0 0 0 0 0 0 0 0 0 0 0 0 0 0 0 0 0 0 0 0 0 0 0 0 0 0 0 0 0 0 0 0 0 0 0 0 0 0
17.2358570395941 17 17 17 17 17 26.1541751859961 35.7641429604059 38.2779702648272 35.5039805041419 36.7011845366845 33 54.9686973562946 45.0546039180006 54.5744807837229 53.5456745769509 10.0281637845323 16.1466822780209 40.6314911277946 39.0024467871975 19.9455040885405 30.4612933625379 33 28.6638117540019 19.0085647379944 6 3.9464679120108 9.47264601886245e-12 26.2269804099969 26.8497027398585 31.1542773554714 48.4079994400103 32.6451913887843 33.9023677027553 38.1779007322617 48.0736589948945 16.3995721993237 4.89567454957833 0 0 0 0 0 0 0 0 0 0 0 0 0 0 0 0 0 0 0 0 0 0 0 0 0 0 0 0 0 0 0 0 0 0 0 0 0 0 0 0 0 0 0
18.6745201520191 21.2502630452581 17 17 17 17 26.5 36.6714063213141 36.2028591618017 35.1798393711523 33.1092078360012 33.4596168838577 45 48.4347654666468 70.7832602890122 42.4583701053903 16.438258889755 61.7987138039863 45.8248757169776 27.7329240388548 48.2735645269131 47.8732478781322 31.5459073060447 27.1066939291955 6.29289685701833 3.49143526200561 11.382495640366 23.3826163056096 0.691649628007895 45.1105279860958 22.5542628314496 34.5202969527512 34.4663983924969 36.7894433763855 24.0984701926728 33.7229887437399 3.47959326763131 0 0 0 0 0 0 0 0 0 0 0 0 0 0 0 0 0 0 0 0 0 0 0 0 0 0 0 0 0 0 0 0 0 0 0 0 0 0 0 0 0 0 0 0
63 63 40.8372600760096 17.0463022244585 17.2912208960033 17 23.2432670296197 36.0413523835132 36.8343814307061 37.1456104480017 35.5039805041419 38.7815843279975 44.8361882459981 25.0535320879899 63.8201313018799 33.3402722473854 62.6541751859961 32.4038293235066 30.5824417920066 38.5434172666728 33.3178019376445 31.6472083669176 26.8292214269196 25.5822026653514 21.3275507774693 25.3971548867902 49.2719190908365 84.9189710551233 85 49.3942560147414 37.3810772533276 40.8389594528025 38.5237300555479 22.0314234678615 29.4578316885838 5.78724294110758 1.11777293791599 0 0 0 0 0 0 0 0 0 0 0 0 0 0 0 0 0 0 0 0 0 0 0 0 0 0 0 0 0 0 0 0 0 0 0 0 0 0 0 0 0 0 0 0
63 63 63 63 25.6916496280079 17.1919126724601 17 36 37.7339712475984 36.091006530001 36.921407023979 34.5728052240008 40.5520899764786 0.819058770046321 43.063168655995 56.2490305319828 44.3276235080037 22.3588422222459 48.295517665588 30.478261769617 30 30 20.4186300380048 16.3420248451689 24.3614156734155 45.0998931712581 48.5224841960366 78.2548182840029 85 57.0695952060542 59.7002143660023 67.2083599753469 42.859631540749 27.6644402197422 7.23077832616247 1.2014989789171 0 0 0 0 0 0 0 0 0 0 0 0 0 0 0 0 0 0 0 0 0 0 0 0 0 0 0 0 0 0 0 0 0 0 0 0 0 0 0 0 0 0 0 0 0
63 63 63 63 44.6916496280079 25 26.8458248140039 36 36 36 34.5546039180006 35.8516134693354 40.3361882459981 0 31.5000000000403 56.4143325649493 46.8305083650633 32.0447924015368 52.6723764919963 22.4650103045699 15.5460391800062 42.0717333939894 43 20.1422098564996 25.0314234678615 30.9857791981417 39.1134906029182 85 84.7451817159971 85 85 59.3726689000973 69.9965847023585 17.4459223695433 5.14581072514161 0.887280519367523 0 0 0 0 0 0 0 0 0 0 0 0 0 0 0 0 0 0 0 0 0 0 0 0 0 0 0 0 0 0 0 0 0 0 0 0 0 0 0 0 0 0 0 0 0
63 63 63 63 63 31.7334014895802 30.5197211828173 35.9305466980285 30.5776242106687 36.4817986939998 36.1532050153139 35.5403831161423 36.1638117540019 22.5 22 29.9379323689646 30 32.2185818100955 52.6723764919963 37.3589983063926 21.2391358535707 18.0824417920066 30.1199454289666 35 30.9480418124037 32.6092078360012 57.3179869399979 43.063188861782 85 85 84.1991425359909 62.8900322255902 52.9646983435267 17.2277978885392 3.01177745084671 1.08000004291534 0 0 0 0 0 0 0 0 0 0 0 0 0 0 0 0 0 0 0 0 0 0 0 0 0 0 0 0 0 0 0 0 0 0 0 0 0 0 0 0 0 0 0 0 0
63 62.8437300011317 63 63 63.0364026120004 63 44.4717140791883 24.5 27.9431167925666 24 35.7815843279975 36.1638117540019 35.6482561784059 22.5 0.910065300051468 29.7022314135692 30.1638117540019 37 55.4300796330587 44.5510669936178 24.6041800223897 29.8263666756389 9.7402076835812 5.91006530001039 34.2719477599928 35.7997856339977 33.8777017910197 83.4528889899841 85 84.7048233971888 44.7462535460085 44 36.1757155221391 14.4109042958636 3.3999999165535 0.200000002980232 0 0 0 0 0 0 0 0 0 0 0 0 0 0 0 0 0 0 0 0 0 0 0 0 0 0 0 0 0 0 0 0 0 0 0 0 0 0 0 0 0 0 0 0 0
53.6365537926356 49.0085647379944 60.8083503719921 63 38.5067773659333 63.2901490659919 44.5 24.4817986939998 24 26.0568841263915 36 36 44.8361882459981 23.1552470160075 0 42.2286851408939 29.4903634319945 24.911478056253 40.8342735596208 52.8958199776103 42.9425754031371 7.86793319205556 15.5460391800062 29.6275941443549 25.4038293235066 34.8623505602821 31.6429647175974 50.5137936273878 59.5 56.1538344000115 37.1605622938869 51.0805271056293 34.5935004076145 26.644710498544 4.04659545935857 0 0 0 0 0 0 0 0 0 0 0 0 0 0 0 0 0 0 0 0 0 0 0 0 0 0 0 0 0 0 0 0 0 0 0 0 0 0 0 0 0 0 0 0 0 0
39.7709537722386 49.272444653948 48.0098996124581 61.4826366745071 43.9453960819994 25 44.2742766991603 31.0746960933073 24.2878690086902 30 35.7815843279975 36 36 40.3361882459981 0.655247016007479 16.4296508518061 49.4212222984179 28.3725908579985 36.6541751859961 44 52.6723764919963 31.1848731810327 18.2005551520114 34 44 30.5096365680058 33.7622282740285 63.0255381471437 50.7400432244918 33.5055247075679 52.9363633682045 66.5282859208117 42.9476753714321 32.0107062338062 4.82543875645217 0 0 0 0 0 0 0 0 0 0 0 0 0 0 0 0 0 0 0 0 0 0 0 0 0 0 0 0 0 0 0 0 0 0 0 0 0 0 0 0 0 0 0 0 0 0
51 47 49.628743915739 47 30.7626281608995 25 44.5 50.2002143660023 36.2002143660023 36 30.2184156720025 36 36 36 36 0.655247016007479 18.4281402106531 29.4539608199944 17.7709537722386 30.3832214137574 43.751729441142 43.8842444735701 43.751729441142 30.4922543013007 34.3640270389622 35.661980086308 26.0123455576493 40.513856198803 35.8352730682128 44.2252264068834 43.0409868458529 62.0261861313548 29.5419080039563 27.1907496785503 6.22698094188234 0.847280496824969 0 0 0 0 0 0 0 0 0 0 0 0 0 0 0 0 0 0 0 0 0 0 0 0 0 0 0 0 0 0 0 0 0 0 0 0 0 0 0 0 0 0 0 0 0
47 47 47 47 31 25.2152198688869 47.9615315702351 41.3634511839491 41.2403879592494 37.9874299054619 36.0636655499513 36 36 36 36 18.6552470160075 24.7106111492089 37.1092078360012 11.429650149947 21.827808527717 44 34.3640270389622 44 21.9651710012182 14.1095971750856 15.0587355535481 31.2627008488953 61 30.9145962196919 45.8993569019931 53.5 42.0125700945381 43.6326219579665 32.0053538254327 16.0210703552565 1.03999999165535 0 0 0 0 0 0 0 0 0 0 0 0 0 0 0 0 0 0 0 0 0 0 0 0 0 0 0 0 0 0 0 0 0 0 0 0 0 0 0 0 0 0 0 0 0
46.2719477599917 46.2719477599917 47 46.6295822043323 25.5149756629561 15 36 47.5 40.4277105104417 37.685262520117 47 39.8329387858832 36.6322520226921 36.6677386120863 36.627224139648 37.7610780775775 4.44146050052351e-13 49.7106111492089 49.4249438789294 27.2433497055011 22.1961025402806 42.3982850719817 5.40042873200489 17.642965062207 16.5000000000094 33.8572153851232 46.9817986939998 27.6670030321884 37.0132469748421 30.2548182840029 36.7451817159971 34.6003023120224 15.2548182840029 31.5410712082747 7.99927127264979 1.00942179798726 0 0 0 0 0 0 0 0 0 0 0 0 0 0 0 0 0 0 0 0 0 0 0 0 0 0 0 0 0 0 0 0 0 0 0 0 0 0 0 0 0 0 0 0 0
40.1437195786952 26.2719477599917 46.2719477599917 30.9389264336695 15 46.2810093919424 36.2184156720025 32.0091203740843 36 44.9143087478784 43.0159212139823 51.9833487773218 35.6531033559846 29.5965312375977 18.0501510057279 35 38.8543895519983 36.9271947759992 43.6723764919963 27.8392771235753 5.03457094400249 12.7853551018844 0.866433101287454 11.7286754129678 33.4817986939998 34 28.7073852293726 39.103312645482 34.4710611010344 30.2548182840029 30.0810288754442 30 48.6998497629469 14.8020172892887 10.4529039514894 0.234093748232207 0 0 0 0 0 0 0 0 0 0 0 0 0 0 0 0 0 0 0 0 0 0 0 0 0 0 0 0 0 0 0 0 0 0 0 0 0 0 0 0 0 0 0 0 0
33.1282272623384 8.45610448001662 41.5 15 15 25.5 36 35.7997856339977 36.2548182840029 52.8458248140039 74 38.3502531462498 29.5468771605136 35 35 35 35 35 35 34.8320763855602 38.265345960908 27.6292411872137 28.7707403005704 60.1555103025358 33.5096365680058 34 42.9073955510831 34.9900223454432 32.6545159719806 34.6003023120224 40.1177725739956 51 50.5813699619952 52.8025576433873 12.9527114664875 2.44860830403857 0 0 0 0 0 0 0 0 0 0 0 0 0 0 0 0 0 0 0 0 0 0 0 0 0 0 0 0 0 0 0 0 0 0 0 0 0 0 0 0 0 0 0 0 0
26.9999999652838 47 41.7002143660023 15.5824417920066 25.1177725739956 15 41.7002143660023 44.9453960819994 55.7567329703803 63.8384675354309 73.7815843279975 60.5267660439946 45.6454831336854 31.5405144377221 35 35 35 35 34.9131052957206 28.1679235797236 31.6274091420015 29.0007548610981 22.3265516779923 16.3811555959929 34 34.4817986939998 35.1380158806895 36.8985140456272 41.8551205960253 36.7451817159971 30 40.1905777979965 32.1648835840133 35.7815843279975 42.6779623303956 8.41397467353844 0.937244845661102 0 0 0 0 0 0 0 0 0 0 0 0 0 0 0 0 0 0 0 0 0 0 0 0 0 0 0 0 0 0 0 0 0 0 0 0 0 0 0 0 0 0 0 0
27 47 47 46.7684888777077 21.0674661290505 31.4732339560054 26.1734194038518 37.7108739087415 62.2403104191693 62.0479781854731 73.9421222020688 48 21.8703888080794 35 34.9271947759992 35 35 35 31.4131052957206 31.6274091420015 0.618844404007064 34.7974277766733 6.52708301290824 1.37885122592196 37.2249145922324 38.7702126743163 38.7716848162655 41.4004287320046 34.6003023120224 30.4004287320046 30.7644548520087 56.7815843279975 53.4708035351855 41.8009692763482 56.991045328304 27.4860594407042 3.25331894094611 0.00655247042044656 0 0 0 0 0 0 0 0 0 0 0 0 0 0 0 0 0 0 0 0 0 0 0 0 0 0 0 0 0 0 0 0 0 0 0 0 0 0 0 0 0 0 0
26.2719477599917 46.3811555959929 26.8044233065478 46.0171294759888 40.1437195786952 58.1006430980069 74 67.6499555551989 41.1798110100829 51.563168655995 55.063168655995 47.4817986939998 46.0813699619952 35 31.121386637166 31.1224593704887 35 35 35 34.3629542899927 17 12.756644975121 32.5939681170362 7.0276867426189 10.5832360952728 51.6260742675378 49.3249538598025 50.3739256317361 52 40.5995712679954 51 50.8725908579985 50.2432670296197 30.0811849596418 36.6905777979965 15.5 5.00779710965414 0.180000007152557 0 0 0 0 0 0 0 0 0 0 0 0 0 0 0 0 0 0 0 0 0 0 0 0 0 0 0 0 0 0 0 0 0 0 0 0 0 0 0 0 0 0 0
2 27.5 53 32.5085647379944 48.1756259521112 66.9723132573811 74 74 69.1820130600021 73.8758647379291 68.8179869399979 47.0636655499513 35 35 1.14668227801309 26.2506233892347 35 35 35 17.4817986939998 17.6188444040071 28.6721621013699 35.0397545340298 0.746253546008518 16.3811555959929 42.5449673499948 39.2997856339977 41.4004287320046 44.7709537722386 30 50.6359738799958 43.835243730303 36.5321829812033 33.5 28.6638117540019 12.9319054052099 4.36644542217255 0.180000007152557 0 0 0 0 0 0 0 0 0 0 0 0 0 0 0 0 0 0 0 0 0 0 0 0 0 0 0 0 0 0 0 0 0 0 0 0 0 0 0 0 0 0 0
5.92719477599917 28.4109032805177 52.5026457304043 19.9914352620056 32.5085647379944 53.8136161778136 66.5885119309839 73.6359738799958 73.6359738799958 64 65.5320575048032 47.3094222020035 35.2184156720025 35 21.4587306664639 28.9857791981417 34.3002833965491 34.7974277766733 0.618844404007064 34 17 35 16.8629542899927 19.7537464539915 0.182013060002078 27.5276867426189 23.941016259015 19 25 31.0115755387565 32.0591343703534 10.3458248140039 53 28.4669732434727 33.1339568324301 20.4933742249329 5.00466363647437 0.00655247042044656 0 0 0 0.808394007708608 1.98000001907349 1.62000003457069 0.839999973773956 0 0 0 0 0 0 0.0485815059220027 1.59694906612484 1.64354440844389 0.819786036279456 0 0 0 0 0 0 0 0 0 0 0 0 0 0 0 0 0 0 0 0 0 0 0 0 0 0
2 30.87366268801 39.6804007676466 19.5983922182952 28.8634462073644 64 64 64 64 52.1706514602163 58.4845955557912 55.5983922009371 47 35.436831344005 37.6274091420015 34.9131052957206 35 17.2974277766733 34.1389066733754 34 0.637045710007271 35 0.637045710029685 0.23151110493422 20.5 42.467100557789 50.2323493101595 19 31.1273310999027 32.0171294759888 7.02349219245998 7.76940460787471 52.4903634319942 27.464669218011 29.3361882459981 30.6848722620746 7.65740041056624 0.180000007152557 0 0 0 1.55999994277954 20.0185431499945 11.3330617182422 2.29096366980895 1.45096363209082 0.725481816045409 0 0 0 0 1.85931476458445 12.8712655214 18.7109227640195 9.46018971310247 0.750828430085358 0 0 0 0 0 0 0 0 0 0 0 0 0 0 0 0 0 0 0 0 0 0 0 0 0
25.9928526108985 31.5601578378748 23.4154286715106 14.5 32.6359738799958 29.1489623353148 48.972162125994 62.944324251988 63.472162125994 64 64 64 47.4078144029406 47 41.2110300010665 35 35 0.618844404034998 34 17 35 35 18.1659846089729 19.2719477599928 35.5 61.3640261200042 19 25.1794211110975 31.436831344005 18.9550326500052 31 31.4004287320046 39 25 25 29.7098509340081 11.8855104983019 0.180000007152557 0 0 0 1.50321187014187 1.90792284661834 1.56102780187156 3.60942190526923 18.8999999761581 1.39999997615814 0 0 0 1.02475377425089 4.02959328595515 19.3768741534702 52.4649509014973 23.9060312247973 3.4221416394951 0 0 0 0 0 0 0 0 0 0 0 0 0 0 0 0 0 0 0 0 0 0 0 0 0
22 6 16.1600703765153 14 23 28.7815843279975 35 35 48.972162125994 34.8320763855602 48.9316476535556 62.9038097795496 63.472162125994 46.563168655995 44.5291964648145 35 33.7259085799855 17.618844404035 33.1843711594036 0.637045710007271 35 40 30.1895494610326 0.637045710036028 35.2106111492089 70.0535320879892 26.9853118088311 35.7780709125997 41.9662177877576 20.0844927673178 19.685184913723 42.3717524605518 55.591006530001 12.9005551273627 8.79216587117753 36.9731071011682 10.0474946130132 0 0 0 0 0 0 0 2.74903629638361 2.74903629638361 1.3745181481918 0 0 0.699999988079071 5.25644542493763 19.9772165365182 19.6302773346953 27.7730195900031 14.7644548520087 7.60903679509375 0.0058244177898806 0 0 0 0 0 0 0 0 0 0 0 0 0 0 0 0 0 0 0 0 0 0 0 0
22 14 6.29122089600332 22.5182013060002 23 23 34.7633830219973 35 35 31.5 34.8320763855602 35 35 35 35 17.4817986940001 22.8278378986301 33.5779400325833 17.6370457100162 18.137045710036 34.1603820666671 35 58 38.8322614226299 0 33.2123308268859 25.9635973879996 22.3586859550066 14.3641772513913 14.4675242113678 16.6794211110975 31.9635973879996 52.8805756833531 28.1588619824891 31.0728052240008 5.17615905925827e-11 8.40305603732176 1.25999999046326 0 0 0 0 0 0 0 0 0 0 0 1.46693799044793 21.2378582926644 35 34.2760595857145 31.3725908579985 35 9.70145413932144 0.332075211069402 0 0 0 0 0 0 0 0 0 0 0 0 0 0 0 0 0 0 0 0 0 0 0 0
22 19.2574878314781 4.96359738799958 6 11.6844728095011 23 22.1896085462723 34.7633830219973 34.8725908579985 31.5546039180006 28.1092078360012 32.6998488439888 35 22.8621994288949 12.7384436691119 33.8032155634096 33.5084866958956 34.4817986939998 34.9635973879996 34.6269902901439 35 18.1370457100269 34.3629542899927 57.0899346999896 17.0182255825508 16.3811555959936 27.6211246123979 23.0231511122292 10.6820130600021 20.7997856339977 10 31.0546039180006 30.3083503719921 21.6359738799958 13.2108206452113 17.1389066646963 33.5801729659829 2.56586727169987 0 0 0 0 0 0 0 0 0 0 0.126019286291264 5.92486383485168 26.4584161258403 34.7815843279975 32.6129541397095 32.6129541397095 34.9594855275617 8.56209450660117 1.18582436859244 0 0 0 0 0 0 0 0 0 0 0 0 0 0 0 0 0 0 0 0 0 0 0 0
21.9073955510831 21.6723764919963 4 6 22.3811555959929 22.6905777979965 23 29.2184156720025 34.9942122479799 32.6998488439888 34.9817986939998 34.8161801247059 34.3032155634096 33.8032155634096 32.7623111919859 0.314371999553499 13.1766977821226 34.9520218145268 33.9635973879996 8.87201094535875 27 30.8543895519983 35 33.8725908579985 28.2548182840029 3.59954699145794 18.7100653246344 24.0595536738666 19.0771512501562 20.7028063149069 31.0173633254929 33.0142208018583 19.2290462277614 12 35.1397390745533 47.7720255252982 37.1624530937353 3.75413266154292 0 0 0 0 0 0 0 0 0 0.128736624002612 1.43867217377446 7.02076038277289 50.863451183949 35.6905777979965 35 29.3146061583032 28.2548182840029 18.6923965967309 3.31130616079599 0 0 0 0 0 0 0 0 0 0 0 0 0 0 0 0 0 0 0 0 0 0 0 0
14 13 4.96359738799958 6 6 14.5 23 35 35.4004287320046 34.436831344005 34.5757380173804 34 34.3629542899935 5.47795498136205 10.3640261200042 23.0490791757165 8.0213191017374 31.9549838028546 0.826600525142949 13.3437300011317 26.0171294759894 26.5085647379944 34.8543895519983 32.4635973879996 28.5 17.1848727215537 29.0008669160213 8.46165839989079 8.60064309800686 17.7105030088507 22 27.5 26.1053342839866 33.9817986939998 33.4875864460199 27.0641086467611 5.38103407363965 2.49413267107967 0 0 0 0 0 0 0.0270080922996727 0.766190807198211 1.85656363377777 2.49858008691571 5.08547611574961 17.2381661423666 21.7730195900031 31.4139194087941 34.6401637478163 35 34.8725908579985 34.5085647379944 4.51453786935913 0 0 0 0 0 0 0 0 0 0 0 0 0 0 0 0 0 0 0 0 0 0 0 0
22 13 4.01157555611462 6 6 6.30942220200353 28.9992451389022 48.8503886937949 57.0535320879892 57.563168655995 53.4494004032121 16.3811555959929 0.693325589022577 16.375104807344 19.0291969242935 6.81463504834526 9.41294941748835 1.06054751214229 5.28734789637041 6.60874005353442 22.8278378986301 9.29407091277545 46.4708035351855 31.3317353684417 22.4550326500052 54.027837874006 42.3656870967071 12.4996590329405 32.3871781008284 39.4429656611795 22.2878690086902 33.6683959878544 33.2396028256369 30.4146742698919 24.8958200123266 17.8893789231224 3.56266175206869 0.0192719473292301 0 0 0 0 0.119999997317791 1.96011694238049 4.93339324076715 7.18555827665726 20.7534011320565 6.72066653435605 4.1830848900324 50.7997413210068 29 28.9991620194927 21.4986652262624 35 29.3435545772066 22.3435545858856 4.44355461081238 0 0 0 0 0 0 0 0 0 0 0 0 0 0 0 0 0 0 0 0 0 0 0 0
6.58244179200665 19.2574878314781 6 6 6 6 6.9464679120108 54.0576399064473 34.8343814307061 34.0182013060002 30.6174317880113 3.79216610093349 19.1483874166178 0 1.07235719455327 8.08173536913892 16.3832214137576 5.13320183213673 39.6399010456146 37.2025522120673 19.5984747019551 31.4389020376281 26.8584233703375 36.2035132981751 51.4651175416098 39.6152586671898 37.0588235487978 45.9357595139936 46.0449673499948 7.49143526200561 20.3725908579985 22.1148886358941 16 16 36.9541530667324 6.84122044101206 0.462526735901522 0 0 0 0 0 0.818722011558271 5.54562398973856 29.1078431893302 20.2184156720025 7.89811972183075 46.9095497491534 26.6747242954253 20.2279253851711 23.5642404860064 21.1188444040071 30.0711049282498 34.9594855275617 25.7057171278898 6.1086297740492 1.3745181481918 0 0 0 0 0 0 0 0 0 0 0 0 0 0 0 0 0 0 0 0 0 0 0 0
13.9090715120977 21.6161746550797 6 6 6 6.3009644242638 20.5 35 35 29.0007548610978 6.93588636883078 0.17378939120059 16.5101139023583 13.6080575799602 9.14487963371426 9.20108146195173 30.9357595139936 13.8581309294849 16.2571761413274 1.11027966601267 4.9794698821461 37.3334404723301 10 12.0198768657395 28.4914352620278 34.2290462277614 12.2430866263326 30.7451817159971 32.3725908579985 32.6090764640584 17.1638117540019 16 16.0041898851786 18.0616182375692 6.79858396630381 2.99453821258451 0 0 0 0 0 0.0247537764206543 4.0320093644397 23.2535983516403 52.5 46.4994250639449 25.0535320879892 26 13.2606060707565 28.6463703864102 38.3401692521587 31.5 33.8001502370531 35 19.7448454023662 3.4628051419098 0 0 0 0 0 0 0 0 0 0 0 0 0 0 0 0 0 0 0 0 0 0 0 0 0
16.0429015322303 5.96359738799958 6.08681666218057 13.4893404491334 23.5923611135459 40.2397153067305 34.589827739735 35 34.3629542899927 26.8629542899927 0.579089904700834 11.1863586014968 7.69164962800789 18.2793050385723 15.4438716536644 27.5166768776652 19.1869380798391 49.0424244903169 27.045937520677 6.16784555498289 8.65262602163214 4.11376802304338 10 32.4175582079934 27 31.3190587700093 25.1812531215935 26.9652733490143 26.7815843279975 16.3094222020035 19.8352502761904 14.4292674344492 5.84907914580632 3.28858672842319 1.11777296663343 0 0 0 0 0 0 0.680000007152557 8.97863567516977 49.2214796358727 47.1863838221864 33.1714365863094 13.5642404860368 28.8822274260044 23.6025577843842 38.6723764919963 36.3143728768276 31.4313066017209 31.6274091420015 35 13.0656101503052 2.06905596726862 0 0 0 0 0 0 0 0 0 0 0 0 0 0 0 0 0 0 0 0 0 0 0 0 0
3.81039168346717 6.6327244198809 3.67140701053262 4.16381175400187 9.01408948027852 9.78158432799751 5.87426680165511 0.00578777751486727 0.0810288841284846 5.10339071276598 19.4335624831987 17.1248419209984 19.1998006325879 3.79216610091705 1.03160864790458 14 33.4373722076416 48.5438955199834 6.19191267246013 35 18.4282666060106 14.9612395307039 20.4652733316561 17 27 38.9417272680082 15.3677724237124 21.1679235797236 24.4094853873706 25.1215025307384 5.68517162208585 2.02073351645585 0.404710890324152 0 0 0 0 0 0 0 0 0.680000007152557 11.7170082786385 37.1620577682465 35.1905777979965 20.6188444040071 38.2700092565434 38.9271947759992 36.9561336749648 32.3178805055362 31.5 33.0284416037167 35 34.8437300011317 8.70561026388842 0 0 0 0 0 0 0 0 0 0 0 0 0 0 0 0 0 0 0 0 0 0 0 0 0 0
