rasters/edaphic/S_CLAY.asc
NCOLS 720 
NROWS 300 
XLLCORNER -180 
YLLCORNER -60 
CELLSIZE 0.5 
NODATA_value -9999 
[rows 36 to 71 of 300, columns 0 to 80 of 720]
5.97858778143814 7.84796630981578 8.08713250187625 7.56775990936854 4.52749494628691 1.50800857568158 0 0 0 0 0 0 0 0 0 0 0 0 0 0 0 0 0 0 0 0 0 0 0 0 0 0 0 0 0 0 0 0 0 0 0 0 0 0 0.0429582025425829 1.41100964513997 3.20813723212295 3.21832372219814 1.48017148695113 0.160171496273452 0.11212004652351 0.0480514475801767 0 0 0 0 0 0 0 0 0 0 0 0 0 0 0 0 0 0 0 0 0 0 0 0 0 0 0 0 0
10.8726689000973 10.5995712679954 10.5995712679954 15.8111229572336 24.3804641874345 1.72000002861023 0 0 0 0 0 0 0 0 0 0 0 0 0 0 0 0 0 0 0 0 0 0 0 0 0 0 0 0 0 0 0 0 0.0480514475801767 0.552120046309089 2.36017153527811 4.12017153442042 4.56017159164088 4.56017159164088 5.74025725066798 8.59437962725903 21.7269023765772 22 10.552463379769 9.2805146621971 8.00856594462519 5.81027225814308 4.452407360886 4.49027232490029 4.1092476194158 2.34415439259401 0.520085743582775 0.0320342983867845 0.0480514475801767 0.11212004652351 0.144154344910295 0.11212004652351 0.0480514475801767 0 0 0 0 0 0 0 0 0 0 0 0 0 0 0 0 0 0
2.44614584794694 2.57004285755705 3.61908048098583 5.40510386665821 4.55765446409787 1.66539610952472 0 0 0 0 0 0 0 0 0 0 0 0 0 0 0 0 0 0 0 0 0 0 0 0 0 0 0 0.0160171491933922 0.520085743582775 2.34415439259401 4.12017153442042 4.56017159164088 5.88017153356274 8.4325488504825 16.4882231428132 22 22 22 22 22 22 22 22 22 22 21.7269023765772 21.1991425359911 21.7269023765772 22 16.0642402369559 7.37636010576309 5.4401717060818 6.08839446656755 7.81636014562543 8.8565317563398 8.00856594462519 5.88017153356274 4.12017153442042 2.36017153527811 0.600171496059031 0.160171496273452 0.160171496273452 0.160171496273452 0.160171496273452 0.160171496273452 0.160171496273452 0.160171496273452 0.160171496273452 0.11212004652351 0.0480514475801767 0 0 0 0 0
0 0 0 0 0 0 0 0 0 0 0 0 0 0 0 0 0 0 0 0 0 0 0 0 0 0 0 0 0 0 0 0 0.0160171491933922 1.84008580037439 6.05636016384123 16.0642402369559 22 22 22 22 22 22 22 22 22 22 22 22 22 22 22 22 22 22 22 22 22 22 22 22 22 22 22 22 16.4882231428132 9.7044975680544 9.2805146621971 9.2805146621971 9.2805146621971 9.2805146621971 9.2805146621971 9.2805146621971 9.2805146621971 9.2805146621971 8.00856594462519 5.88017153356274 3.24017153484927 1.47507824191354 0.134705271085483 0.129612026047889 0.14489176116067
0.0124135279428993 0 0 0 0 0 0 0 0 0 0 0 0 0 0 0 0 0 0 0 0 0 0 0 0 0 0 0 0 0 0 0.0480514475801767 1.87212009008212 7.36034318413945 22 22 22 22 22 22 22 22 22 22 22 22 22 22 22 22 22 22 22 22 22 22 21.8726689000973 22 22 22 22 22 22 22 22 22 22 22 22 21.4722401680928 21.5995712679954 22 22 22 22 22 22 6.1778135217574 4.23924981730993 3.97709768822916 4.925384852248
3.0625211050354 3.83506155803406 2.65871539318208 0.601199264659197 0.0385867677223486 0 0 0 0 0 0 0 0 0 0 0 0 0 0 0 0 0 0 0 0 0 0.456017146809206 2.28008579582044 4.10415438305727 4.56017159164088 4.56017159164088 5.88017153356274 9.7044975680544 22 22 22 22 22 22 22 22 22 22 22 22 22 22 22 22 22 22 22 22 22 22 22 22 22 22 22 22 22 21.7453378001947 21.1991425359909 21.1991425359909 21.1991425359909 17.8286174957568 7.22904622776138 0 0 0 0 0 0 0 0 0 0 0 0 0
11.3358471768052 25 17.1467225490212 6.865179449612 4.3847626907853 1.93047218331917 0.600541365947643 0.044411187681994 0 0 0 0 0 0 0 0 0 0 0 0 0 0 0 0 0 0 1.32000005245209 13.6400001049042 22 22 22 22 22 22 22 21.4722401680928 21.1991425359909 21.1991425359909 21.1991425359909 10.5995712679954 17.8286174957568 21.1991425359909 21.1991425359909 21.1991425359909 22 22 22 22 22 22 22 22 22 22 21.8726689000973 21.4722401680928 21.1991425359909 21.1991425359909 17.8286174957568 0 0 0 0 0 0 0 0 0 0 0 0 0 0 0 0 0.254662217163454 0.254662217163454 0 0 0 0.254662217163454
0 0 12.253171643844 17.4004530085545 15.0598948021016 16.4823769912289 6.83840637603246 5.41314809447721 3.17216789571015 1.41525129560288 0.0263408345790588 0 0 0 0 0 0 0 0 0 0 0 0 0 0 0 1.30398290108893 13.3036399696732 21.5355026799009 22 22 22 18.629474959766 0 0.400428732004788 0.800857464009141 0 0 0 21.4722401680928 21.8726689000973 22 7.54190800395628 4.17138273398271 0.800857464009141 0 0 0 0 0 0 0 0 0 0 0 0 0 0 0 0 0 0 0 0.127331108581727 0.800857464009141 0.800857464014889 14.7709540019781 22 22 22 22 22 22 22 22 22 22 22 22 22
3.72109032196994 0.764454852008726 0.613894597778037 8.43251005387861 13.804131200674 11 15.6003023120223 20.2006046240447 22.7451817159971 6.57444671928603 2.91027844491584 0.545224973166499 0.152890963458498 0.152890963458498 0.137601867980554 0.0764454838990137 0.0152890965628263 0 0 0 0 0 0 0 0 0 0.423982848422422 2.11991429954699 5.13584562864924 7.75982858436002 15.9276229145351 21.5675369652691 22 22 18.629474959766 10.5995712679954 0 0 0 0 0 7.22904622776138 21.1991425359909 17.8286174957568 0 0 0 0 0 0 0 0 0 0 0.127331108581727 0.800857464009141 0.800857464009141 0.800857464009141 0.800857464009141 0.800857464009141 0.800857464009141 0.800857464009141 14.7709540019781 22 22 22 22 22 22 22 22 22.0173633254929 22 22 22 22 22 22.0719672434935 22.1092078360012 22.568824719859 23.0284416037167
7.30088174055905 10.3816524942888 6.185447951855 21.2305953921257 15.7265910709126 16.1101238586074 12.7140701053262 12.7950989981285 11.5096365680058 18 14.616910474156 6.17987206229142 7.64454007367163 8.858672543622 8.19108740531115 5.49939828276239 2.43845690224901 0.873749165264462 0.00486173330776733 0 0 0 0 0 0 0 0 0 0.0182013060002078 0.514989378423461 2.28372605354886 5.7396574377018 15.1226121874112 21.5697211372643 22 22 21.8711347549072 22.0173633254929 22.1092078360012 22.1092078360012 22.1092078360012 22.568824719859 23.0284416037167 22.1092078360012 22.1092078360012 22.1092078360012 22.0173633254929 7.54190800395628 7.54190800395628 7.54190800395628 22 22 22 22 22 22.0173633254929 22.1092078360012 22.1092078360012 22.1092078360012 22.1092078360012 22.1092078360012 22.1092078360012 22.1092078360012 22.1092078360012 22.1092078360012 22.568824719859 24.0142208018583 25 25 25 25 25 25 25 25 25 25 25 25 25 16.6638117540019
20.8271266140474 17.432116071781 20.2355451479914 10.2997856339978 0.263879920293149 5.29978563400084 14.8001511733693 0 12.5000000000065 17.7997856513558 19.4654844440744 12.7841721566201 21 20.760109176783 20.7543213900466 17.2134951736106 10.5182013060002 1.85407889220779 2.05968742680687 1.61094205368177 0.582269904943541 0.0182013060002078 0 0 0 0.0546039180006233 0.127409142001454 1.68201306000208 4.18201306000208 7.90042873200457 10.0642404860064 9.04282730986437 6.57494694955218 5.81785869516061 9.00184160016023 24.6002993368992 24.9009513844705 25 25 25 25 25 25 25 25 25 25 25 24.0142208018583 22.1092078360012 22.1092078360012 22.1092078360012 22.1092078360012 22.1092078360012 22.1092078360012 25 25 25 25 25 25 25 25 25 25 25 24.8553055746045 25 25 24.6896617927485 25 25 25 25 25 25 25 25 25 24.8543895519983 17
0.180892142170929 0.293612410718689 0.910065300010388 11.5096365680058 17.7997856339977 24.6004872906016 22.3454840280194 8.66985807592224 16.0198041763193 5.75481828400997 1.68526263498679 23.5409336167349 22.6003023120223 10.8726689000973 5.81856187605303 3.57073963597609 20.6177725739956 6.90045300855448 8.11531741714682 15.2848563412076 3.14805189277726 0.5 0 1.51820130600021 3.59100653000104 6.66381175400187 9.10064309800686 11.9914352620056 25 25 25 25 14.4004287320046 11.027837874006 11.9914352620056 15.8458248140039 23.0728052240008 25 25 25 25 25 25 25 25 25 25 25 25 25 25 25 25 25 25 25 25 25 25 25 25 25 25 25 25 25 25 25 25 25 25 24.5449673673529 25 25 25 25 25 25 25 21.0463022244585 17
28.7518070315852 8.733070748354 16.048356895468 24.6896617927485 0.86041118823879 0.474248073676201 0.161898872039424 20.2597927758978 4.01215544357289 5.75481839887267 17.6550912086024 11.935915747873 24.0686933479161 12.5138557393239 13.9780036609211 3.98177441744988 0.382227426004363 2.0674900609918 7.12410000415251 5.46312887117995 2.74179874406769 0.5 0 2 24.6359738799958 25 25 25 25 25 25 25 25 25 25 25 25 25 25 25 25 25 25 25 25 25 25 25 25 25 25 25 25 25 25 25 25 25 25 25 25 25 25 25 25 25 25 25 25 25 25 25 25 25 25 25 25 25 24.9536977755415 20.8543895519983 17
26.3689127764621 6.72925837165319 4.20798705315333 5.65421799536465 5.04513896706414 2.28175586462021 1.73762935743829 4.33758650784683 12.4142843564587 3.83014238357081 20.2597927758981 0.057877776233555 18.0290949831632 1.22119050982583e-11 20.8784566694756 3.86605854718735 3.97610332398922 1.88621432413307 1.53362488055259 0.346812446209955 0 0 0 1.94539608199938 5.87259085799855 10.8179869399979 21.3543895519983 25 24.7106111492089 24.7106111492089 24.4002729245993 20.2597927758978 0.144694442753899 8.35951986865669 24.0899346999896 25 25 25 25 25 25 20.2597927758978 0 8.21482542591705 21.1698580759082 25 25 25 25 25 25 24.8553055746045 24.6896617927485 25 25 25 25 25 25 25 25 25 25 25 25 25 25 25 25 25 25 24.4002729245993 24.0899346999896 24.5449673499953 25 25 25 20.5449673499956 17 17 17
5.23611073577229 1.561027830589 0 0 0 0 0 2.13070409778755 3.18519210493967 12.5142099639223 4.96623158470896 8.12829295879964 0.182013060002078 5.29978563399771 5.29978563399771 10.1636398647696 1.25999996066093 0 0 0 0 0 0 0 0 1.46359738799958 6.40899346999896 24.3389652059352 4.43741123146326 0.910065300010388 25 24.3447529839925 24.3497027902215 25 16.785175033576 24.4291337467499 24.4903634319942 22.591006530001 25 25 0 0 0.455032650005194 24.6896617927485 25 16.785175033576 25 25 25 16.785175033576 25 25 25 25 25 25 25 25 25 25 25 25 25 25 25 25 25 25 25 25 0.910065300010388 0.910065300010388 0.910065300010388 0.910065300010388 0.289388885507305 25 25 25 18.5168665322626 17.1919126724601 17
0 0 0 0 0 0 0 0 0.404710890324152 0.938114594280785 1.51691244385629 1.30021004912907 1.1261231473126 0.623982837043934 1.25267661588649 1.07601712286014 0.936830922649758 0.182013060002078 0.182013060002078 0.127409142001454 0.0546039180006233 0 0 0 0 0 1.44539608199938 2.733606185064 4.2518074910642 6.09860178653179 6.87259085799855 6.31798693999792 6.31798693999792 8.00759502679123 7.75180726132468 5.77000879706441 5.94539608199938 10.9817986939998 25 12.9550326500052 0 4.42986947632966 24.8553055746045 25 25 25 25 25 25 25 25 25 24.9073955510831 24.4175582079934 22.1514758333086 19.70018456079 22.350092280395 25 25 25 25 24.8553055746045 24.0899346999896 24.0899346999896 24.0899346999896 24.0899346999896 24.5449673499953 25 25 25 25 25 25 25 25 25 25 25 25 25 25
0 0 0 0 0 0 0 0 0 0 0 0 0 0 0 1.5 4.28265615800893 5.72805224000831 7.17344832200769 7.65524701600748 6.53640261200042 4.53640261200042 2.5 0.5 0 0 0 0 0 0.0182013060002078 1.59100653000104 3.16381175400187 2.68201306000208 1.68201306000208 5.43683134400499 8.13704571000727 8.18201306000208 11.9914352620056 20.510606279209 24.4002729245993 0.455032650011725 21.1698580759082 25 25 25 25 25 25 25 24.9073955510831 24.4175582079934 16.7087791039967 17.2912208960033 25 25 25 25 25 24.8553055746045 24.0899346999896 20.2597927758978 6.53155147746532e-12 24.8553055746045 0.910065300010388 0.599727092758846 0.599727092758846 0 0.310338224609659 0.455032650005194 0 0 0 20.5701310005075 25 25 25 25 25 25 25 25
0 0 0 0 0 0 0 0 0 0 0 0 0 0 0 1.5 3.5 5 6.5 24.3629542899927 24.6905777979965 24.2901490659919 13.0995712679954 0.5 0 0 0 0 0.00578777751486727 2.04135241822944 7.52700009805668 25 18.7366169780027 11.9914352620056 19.7002143660023 25 25 25 12.5 0.144694442753652 24.6896617927485 25 25 25 25 25 25 24.7087791039967 9.29122089600332 12.0337330645253 25 25 25 25 25 24.8553055746045 24.0899346999896 12.0449673499948 0 0 0.455032650005194 4.7402076835812 0.910065300010388 25 25 25 4.7402076835812 25 25 17.3397161518165 9.12489072591342 4.7402076835812 16.785175033576 25 25 25 25 25 25 25 25
0 0 0 0 0 0 0 0 0 0 0 0 0 0 0 0 0 0 1.44539608199938 3.87259085799855 5.81798693999792 5.33618824599813 2.40899346999896 0.481798693999792 0 0 0 0.0182013060002078 1.75000001259076 6.69628759299709 24.6896617927485 21.1698580759082 24.5449673499953 25 25 25 25 25 25 21.0251636505127 25 25 25 25 25 25 25 17 16.7087791039967 25 25 25 25 24.4002729245993 8.21482542590304 0 0 0 8.88292100104702e-14 0.327623508006091 9 25 24.0899346999896 24.0899346999896 24.8553055746045 25 25 25 25 25 25 25 24.4002729245993 24.0899346999896 24.4002729245993 25 25 25 25 25 25
0 0 0 0 0 0 0 0 0 0 0 0 0 0 0 0 0 0 0 0 0 0 0 0 0 0 0.518201306000208 3.09100653000104 8.99903028879684 25 24.6896617927485 25 12.9550326500257 24.6896617927485 25 25 25 25 25 25 21.1698580759082 25 25 24.6161746550797 24.7087791039967 25 14.6413131763983 9.58244179200665 9.58244179200665 25 25 25 0 0 0 0 0 1.7064747339257 9 9 9 8.21482542590304 0 0 0 8.21482542590304 24.5449673499953 24.8553055746045 25 25 8.21482542590304 0 0 0 0 0 0 12.0449673500088 24.4002729245993 25 24.8543895519983
0 0 0 0 0 0 0 0 0 0 0 0 0 0 0 0 0 0 0 0 0 0 0 0 0 0 1 14.5 25 25 24.8553055746045 25 25 25 25 25 25 25 25 25 25 25 9.58244179200665 9.58244179200665 17.2912208960033 25 25 25 25 25 25 25 12.9550326500052 0.910065300010388 0 0 0 4.66381175400926 9 9 9 9 8.78409824348235 0 0 0 0 24.0899346999896 24.7106111492089 24.8553055746045 25 4.7402076835812 0.910065300010388 0.144694442753652 0 0 0 0 0 8.21482542590304 24.0899346999901
0 0 0 0 0 0 0 0 0 0 0 0 0 0.0364026120004155 0.0364026120004155 0.0182013060002078 0 0 0 0 0 0 0 0 0 0 0.981798693999792 5.40899346999896 17.1905777979965 24.8121991706197 25 25 25 25 24.6896617927485 25 25 25 25 25 25 24.0899346999896 24.5449673499948 25 25 25 25 25 25 25 25 25 24.4002729245993 24.0899346999896 0 0 1.7064747339257 8.95621630828578 8.98034259090842 8.96068518181685 9 4.66381175400187 0 0 0 0 0 0.0520899981762466 0.0520899981762466 0 0 0 20.2597927758978 24.0899346999896 24.0899346999896 0 0 0 0 0 0
0 0 0 0 0 0 0 0 0 0 0 0 0 1 1.43683134400499 0.5 0 0 0 0 0 0 0 0 1.51820130600021 3.59100653000104 5.16381175400187 5.16381175400187 7.03640261200042 13.436831344005 25 25 25 25 16.785175033576 25 25 25 25 25 12.0449673499948 0 0 12.0449673499948 25 25 25 25 25 25 12.5 0 0 0 0 5.9209441805235 6.63344466369615 8.94490266013548 9 8.83618824599813 0 0 0 0 0.366552484725561 1.28620987214504 5.76655246305347 9 9 5.42515321630138 0.0463022201191864 0.0463022201189381 0 0 0 0 0 0 0 0 0
0 0 0 0 0 0 0 0 0 0 0 0 0 1 1 0.5 0 0 0 0 0 0 0 0 2 24.6359738799958 25 25 16.8094222020035 7.44539608199938 16.8007549022243 16.5055296936873 4.74020768359521 25 25 24.8179869399979 25 25 24.5449673499948 8.21482542590304 0 0 0 0 12.6446944427742 25 25 25 25 25 12.5000000173581 0 0 0 7.39451294179752e-12 2.08317745641134 4.83803274745174 9.10920783600125 8.88788333877919 2.95733690520641 0 0 0 0.00655247042044656 1.03104938022754 8.87550306852081 5.79584571231016 3.5410277922276 3.10552194183587 2.43163563700018 7.78793256497065 8 0.291220896003324 1.26032387666643 5.11047294891157 2.61993101156276 0.1919126681206 0 0 0 0
0 0 0 0 0 0 0 0 0 0 0 0 0 0 0 0 0 0 0 0 0 0 0 0 1.94539608199938 5.87259085799855 9.81798693999792 17.563168655995 6.90899346999896 2.46359738799958 2.2518074910642 5.04001759412882 7.36861035385668 8.52579633279144 8.81798693999792 12.3179869399979 24.757595252619 25 8.21482542590304 0 0 0 0 0.455032650005194 25 25 25 25 24.4002729245993 24.0899346999896 16.5743452945597 17.1950217264209 0.0248270558857986 0 5.91561045791146e-13 0.919079229235649 11.6053621661745 5.78158432799751 0 0 0 0 0 0.540000021457672 5.24274069474648 1.76723760455358 1.04723769081311 0.346895073464222 0 0.462526735901522 1.55922903970805 2.19922908283781 1.63155255010231 0.935428606808196 0.811531913464847 1.13920844231869 0.888833274714447 0.26175582036376 0 0.0116488355797612 4.53087788820267
0 0 0 0 0 0 0 0 0 0 0 0 0 0 0 0 0 0 0 0 0 0 0 0 0 0 0.481798693999792 0.963597387999584 0.963597387999584 0 0 0 0 0 0 3.44539608199938 24.1751534519333 8.21482542590304 0 0.372210767756249 0.455032650005723 0.910065300010388 4.7402076835812 25 25 25 25 25 25 24.8553055746045 24.5449673499948 0 2.12476364133669 0.00873662668482089 0.0349465067392836 0.728736610591567 0.00873662668482089 0 0.231263367950761 0 0 0 0 0.346895073464222 0.346895073464222 0.173447536732111 0 0 0 0 0 0 0 0 0 0 0 0 0 0.314175575057562 1.20640278913833
0 0 0 0 0 0 0 0 0 0 0 0 0 0 0 0 0 0 0 0 0 0 0 0 0 0 0 0 0 0 0 0 0 0 0 1.44539608199938 0 0.810391683467171 0.418094135589826 2.31798696517944 15.7916544876428 24.7269804099969 19.1168028627925 24.4539608199938 24.6177725739956 22.591006530001 25 21.1698580759082 24.2346291427435 25 12.3553055746045 0 0.0174732533696418 1.0124197419059 3.29473254063455 3.27725929051956 1.43999996781349 0.239999994635582 0 0 0 0 0 0 0 0 0 0 0 0 0 0 0 0 0 0 0 0 0 0 0
0 0 0 0 0 0 0 0 0 0 0 0 0 0 0 0 0 0 0 0 0 0 0 0 0 0 0 0 0 0 0 0 0 0 0 0 0 0 0 0.963597387999584 2.90899346999896 5.37259085799855 5.85438955199834 5.40899346999896 12.1820130600021 25 24.5449673499948 24.4002729245993 24.0899346999896 8.21482542590304 0 0.0648332913064718 0.50620987095295 6.96277811279095 11.8804653595762 11.7232060738251 6.30526745340498 0.239999994635582 0 0 0 0 0 0 0 0 0 0 0 0 0 0 0 0 0 0 0 0 0 0 0
0 0 0 0 0 0 0 0 0 0 0 0 0 0 0 0 0 0 0 0 0 0 0 0 0 0 0 0 0 0 0 0 0 0 0 0 0 0 0 0 0 0.0182013060002078 1.55387586645494 5.19755905289002 18.1620076532048 25 12.0449673499948 12.0449673499948 0.0430283618860063 1.29039170145578 2.90332562070099 3.21199193171876 0 0 0.287869004350665 1.62346921922902 1.39631683438939 0.231263367950761 0 0 0 0 0 0 0 0 0 0 0 0 0 0 0 0 0 0 0 0 0 0 0
0 0 0 0 0 0 0 0 0 0 0 0 0 0 0 0 0 0 0 0.00873662668482089 0.0174732533696418 0.0174732533696418 0 0 0 0 0 0 0 0 0 0 0 0 0 0 0 0 0 0.0262098800544627 0.301156385768858 1.7786296596721 4.81169218107125 24.3083503719921 9.72470020160605 0 0 0.481798693999792 0.481798693999792 0.488736617583308 7.10389715252336 12 0.436831344004986 7.69232158859274 1.66895061731339 1.03631684184074 0.239999994635582 0 0 0 0 0 0 0 0 0 0 0 0 0 0 0 0 0 0 0 0 0 0 0 0
0 0 0 0 0 0 0 0 0 0 0 0 0 0 0 0 0 0 0 0.239999994635582 0.689679034588836 0.479999989271164 0 0 0 0 0 0 0 0 0 0 0 0 0 0 0.0174732533696418 0.0349465067392836 0.76368311733085 2.42620991527481 4.22123132556193 8.45751056394055 11.7815843279975 0 0 0.546712643582933 0 0 0 0.471263362586343 3.48231290601701 8.76231287740679 4.5806537197712 1.56960420505796 0.536065480394917 0 0 0 0 0 0 0 0 0 0 0 0 0 0 0 0 0 0 0 0 0 0 0 0 0 0
0 0 0 0 0 0 0 0 0 0 0 0 0 0 0 0 0 0 0 0.239999994635582 0.479999989271164 0.479999989271164 0 0 0 0 0 0 0 0 0 0 0 0 0.266209876317368 1.25241978232985 2.70989312272227 3.46715222469318 3.61614028703722 11.7815843279975 11.563168655995 3.94311587360855 0 0.239999994635582 0 0 0 0.239999994635582 0.479999989271164 0.719999983906746 1.43126334275599 2.38252683657338 1.66252675378292 0.239999994635582 0 0 0 0 0 0 0 0 0 0 0 0 0 0 0 0 0 0 0 0 0 0 0 0 0 0 0
0 0 0 0 0 0 0 0 0 0 0 0 0 0 0 0 0 0 0 0 0 0 0 0 0 0 0 0 0 0 0 0.0262098800544627 0.043683135051428 0.789893003352166 2.69241969162358 8.5310494950973 11.9038971005001 12 10.0364406323505 0.0496416269451844 0.0698930178180966 0.41519788582131 0.166461264500907 0 0 0 0 0.239999994635582 6.03032094931791 0.479999989271164 0 0 0 0 0 0 0 0 0 0 0 0 0 0 0 0 0 0 0 0 0 0 0 0 0 0 0 0 0 0 0
0 0 0 0 0 0 0 0 0 0 0 0 0 0 0 0 0 0 0 0 0 0 0 0 0 0 0 0 0 0.266209876317368 1.25241978232985 2.92368313136794 3.6745184665982 3.98852257269324 12 11.7466378277675 11.8514773414761 5.59909479137341 11.6680081827222 7.13519785862398 6.53653086334702 0.920942402539597 0.239999994635582 0 0 0 0 0.231263367950761 0.462526735901522 0.462526735901522 0 0 0 0 0 0 0 0 0 0 0 0 0 0 0 0 0 0 0 0 0 0 0 0 0 0 0 0 0 0 0
0 0 0 0 0 0 0 0 0 0 0 0 0 0 0 0 0 0 0 0 0 0 0 0 0 0 0 0.239999994635582 0.479999989271164 1.43999996781349 7.3747325835499 11.8602139730429 11.6942180557249 7.74526742121847 3.29884351101428 3.51263363995412 2.09884363672009 1.62758024541631 1.62758024541631 2.09884363672009 1.65379012547077 0.711263357221925 0.239999994635582 0 0 0 0 0 0 0 0 0 0 0 0 0 0 0 0 0 0 0 0 0 0 0 0 0 0 0 0 0 0 0 0 0 0 0 0 0 0
0 0 0 0 0 0 0 0 0 0 0 0 0 0 0 0 0 0 0 0 0 0 0.00873662668482089 0.0349465067392836 0.0377246399030246 0.0142928935547441 0.00277813316374099 0.231263367950761 6.02158432263309 1.43126334275599 2.59631696876786 3.28137025764464 2.32137039234475 1.15631688282997 0.231263367950761 0 0 0 0 0 0 0 0 0 0 0 0 0 0 0 0 0 0 0 0 0 0 0 0 0 0 0 0 0 0 0 0 0 0 0 0 0 0 0 0 0 0 0 0 0 0
