rasters/edaphic/S_CLAY.asc
NCOLS 720 
NROWS 300 
XLLCORNER -180 
YLLCORNER -60 
CELLSIZE 0.5 
NODATA_value -9999 
[rows 180 to 215 of 300, columns 243 to 323 of 720]
71 74.8543895519983 71 67 67 75 66.5 68.3712542463448 70.0883607995968 64.5 67 52.7501067358341 49.9686252710436 42.7451817159971 36 36 38.5448162186077 68.2890772359805 68.2890772359805 69.1445386179902 14.2981585583872 10.035033110963 10.925996906465 7.03867279729926 1.62424007354469 0.0509636559326758 0 0 0 0 0 0 0 0 0 0 0 0 0 0 0 0 0 0 0 0 0 0 0 0 0 0 0 0 0 0 0 0 0 0 0 0 0 0 0 0 0 0 0 0 0 0 0 0 0 0 0 0 0 0 0
70.9006917070243 68.5168646943465 67.1456104480017 67 67.046302155026 71.9404710621623 66.5983922009371 75 67 62.711424834401 55.3182498837241 27.3276235080037 36 36 36 35.8725908579985 26.1092078360012 24.0284416037167 23 26.1092078360012 46.4406413354343 41.800906936067 62.0364520840583 45.3244645022945 18.0936308284293 10.2552471664519 4.62955075268305 0.254818275323849 0.0509636559326758 0 0 0 0 0 0 0 0 0 0 0 0 0 0 0 0 0 0 0 0 0 0 0 0 0 0 0 0 0 0 0 0 0 0 0 0 0 0 0 0 0 0 0 0 0 0 0 0 0 0 0 0
74.5267660439946 74.5267660439946 62 74.5267660439946 74.3265516779923 70.5767333410309 74.12633731199 75 65.2995465073424 29.8293485397837 17.9453960819994 28.9780032188002 36 36 43.0855939607247 32.5 29 29 23.2994445474467 28.003256314519 28.6370457100073 28 28 28.8725908579985 43.1437195786952 69.2719477599917 27.1006447641167 15.7211145280789 5.7143039952629 0 0 0 0 0 0 0 0 0 0 0 0 0 0 0 0 0 0 0 0 0 0 0 0 0 0 0 0 0 0 0 0 0 0 0 0 0 0 0 0 0 0 0 0 0 0 0 0 0 0 0 0
62 62 62 62 55.7429262436352 44.8993569019931 55.4989281699886 50.4722401680928 49.7987138039863 15.7644548520087 18.9817739579708 36.7826561580089 44.2077612991727 58.2826561580089 79 58.2826561580089 36.7826561580089 34.8107569757411 28 28.6370457100073 39.5007548610978 45.2974277766733 38.7243988577899 25.6274091420015 30 30 43.0085647379944 69.035330781989 12.2229497069835 0.181285004116864 0.039314821437797 0.021841567525714 0.00436831334241045 0 0 0 0 0 0 0 0 0 0 0 0 0 0 0 0 0 0 0 0 0 0 0 0 0 0 0 0 0 0 0 0 0 0 0 0 0 0 0 0 0 0 0 0 0 0 0 0
62 61.3993569019931 61.2083602521391 39.8435693416421 54.9100653000104 54.9100653000104 38.4804144482043 29.9100653000104 29.1274091420015 58.2826561580089 79 82 80.5546039180006 79 79 79 79 37.9282666060106 28.3276235080037 28 28 28 28 24.5 25.4479099888052 30 46.5 47.3188055780004 28.3640035954672 9.81584546349716 2.41541780394256 1.93760182463637 3.69768762217218 3.12817462011064 1.47550345628302 0.228608402321122 0.216231517365442 0.120128622205089 0.0240257248749707 0 0 0 0 0 0 0 0 0 0 0 0 0 0 0 0 0 0 0 0 0 0 0 0 0 0 0 0 0 0 0 0 0 0 0 0 0 0 0 0 0 0
60.7987138039863 27 30.8201306000208 54.9100653000104 79 79 79 79 79 79 80.9050148037733 82 82 79.1092078360012 79 79 79 62.1723764919963 33.9146733509338 28 28 28 28 82 70.4338942996741 29.6723764919963 30 55.13218526463 67.6275944211472 6 6 6 7.03747444201184 39.7075369961569 12.4327501767362 11.9060069449513 12.415868321328 9.49257813563221 4.14988771459651 0.77430422955637 0.0240257248749707 0 0 0 0 0 0 0 0 0 0 0 0 0 0 0 0 0 0 0 0 0 0 0 0 0 0 0 0 0 0 0 0 0 0 0 0 0 0 0 0
54.9100653000104 61.2559781092825 79 79 79 79 79 78.8437300011317 78.0171294759888 79.1092078360012 80.5546039180006 81.3629542899927 68.0343367942359 64.3882782224767 76.0007566990139 77.1039163751927 78.6359738799958 62.3179869399979 28 28 28.3125399977365 29.9657410480224 64.2559781092825 52.7194875020139 21 21 30 48.6081360059898 20 8.6545164314596 6.25481828400291 6.7362759088098 52.3784566521175 33.785174574097 17.8361882459981 24.4903634319942 27.3739256317361 32.7435057549824 23.1780973051878 8.12308398965375 2.55498945948578 0.00364026125428567 0 0 0 0 0 0 0 0 0 0 0 0 0 0 0 0 0 0 0 0 0 0 0 0 0 0 0 0 0 0 0 0 0 0 0 0 0 0 0
79 79 79 79 79 78.5085647379944 52 52 52 61.9033612232059 28 28 41.4723132573811 69 69 69 69 69 28.7462535460085 28.3125399977365 82 82 82 85.1092078360012 65.9842694759461 22.2194875020139 25.3361882459981 30 20 20 20 41.6714063213141 42 42 16 13.6157555611462 24.4281402106524 27.5718597893476 25.2184156720025 29.0728052240008 5.74616688754645 0.432762364157175 0.00364026125428567 0 0 0 0 0 0 0 0 0 0 0 0 0 0 0 0 0 0 0 0 0 0 0 0 0 0 0 0 0 0 0 0 0 0 0 0 0 0
79 79 78.5085647379944 78.0171294759888 52.0810288754442 60.6899978853567 28 28 28 28 28 28 28 47.991045328304 69 69 69 69 49.2462535460085 49.4828705240112 82 82 82 87.8907921639988 88 55.7194875020139 21 20.5182013060002 20 20 20 41.5995712679954 42 22.5 28.5267660439946 23.5868166621806 31 27.5718597893476 30.8907921639988 18.3292994690184 5.36402612000416 3.98523974405698 1.14929358311008 0.252890965762276 0.0305781931256525 0 0 0 0 0 0 0 0 0 0 0 0 0 0 0 0 0 0 0 0 0 0 0 0 0 0 0 0 0 0 0 0 0 0 0 0
79 78.7633830219973 78.5267660439946 61.3996976879776 60.1781836872473 54.3563673744947 28 28 28 28 28 28 28 48.5 69 69 69 69 69 75.2633830219973 80.7234727499947 81.618006700292 80.7987138039863 86.0284416037167 86.689505967985 42.2497036095685 24.5 21 20 20 20.1456104480017 20 41.774276664444 3 9.5 31 31 21 25.1836890210168 25 24.7997856339977 11.5522996627994 11.4705731515061 11.2980955247537 4.53207836426448 1.07676741025633 0.241156384804587 0.00218415667120522 0 0 0 0 0 0 0 0 0 0 0 0 0 0 0 0 0 0 0 0 0 0 0 0 0 0 0 0 0 0 0 0 0
66 66 66 66 66 64.6167007439842 46.3083503719921 28 28 28 28 28 28 69 69 69 69 69 67.9418595589092 66.2878697765591 54.6162481456607 38.6445386179902 50.689505967985 50.689505967985 18.591006530001 24.6274091420015 24.5868947042794 21.2548182840029 20.1919126724601 24 28 24.0728052240008 11.5728052240008 3 10 31 31 19 26.7167401122804 19.5728052240008 14 41.7840982695195 42 42 10.2095147577279 3.83726007600956 3.53344749360235 0.126552467331407 0 0 0 0 0 0 0 0 0 0 0 0 0 0 0 0 0 0 0 0 0 0 0 0 0 0 0 0 0 0 0 0 0
66 66 66 66 60.1781836872473 28 28 28 28 28 27.4903634319948 27.4903634319942 68.2537464539915 68.6006433747991 69 68.8610933266246 69 69 56.563168655995 44.1809412299907 43.9750951614496 20.5419080039563 12.8907921639988 15.7815843279975 16.2184156720025 28 28 28 28 28 28 28 13.743320752629 3 10 28.6003023120223 30.7633830219973 30.9247588765759 24.7366169780027 25.5868166621806 22.8993569019931 32.5267660439946 33 0.600643098028218 25.5267660439946 26 4.40685222323772 0.965381260655121 0 0 0 0 0 0 0 0 0 0 0 0 0 0 0 0 0 0 0 0 0 0 0 0 0 0 0 0 0 0 0 0 0
64.9079216399875 66 66 66 66 28 28 28 28 28 28.0520900111948 1.34689664404073 43.178787416958 36.3265516779923 22.6729178814262 56.3027186694533 68.12633731199 61.1137682527829 45 45 1.5 35.9100653000104 17.6602847671416 10 15.0475589986369 35 39.8551205960253 35.2548182840029 42 42 28 28 0 2.98263666582807 10 21.7659208466 18.3276235080037 30.5267660439946 24.3965019086363 21.4669199877659 7.3227517438735 7.4732339560054 33 16.5 12.5267660439946 25.0535320879897 14.5520900111948 2.47877960590028 0.0145610450171427 0 0 0 0 0 0 0 0 0 0 0 0 0 0 0 0 0 0 0 0 0 0 0 0 0 0 0 0 0 0 0 0
36 15.1923413529867 66 66 40.4865340592394 27.4903634319942 28 28 28 28 0.509636568005817 0 36.5406994574337 24.8420591599675 42.371256084261 36.4676264452427 45 45 45 45 23.1809412299907 6.54051444640116 10 10 25.4175582079934 39.0178605200157 41.4903634319942 41.7451817159971 41.9189711245558 41.6641528405529 28 27.8553055746045 0.364942142610283 2.92803274782745 0.309422202007973 26.8458248140039 27.7317989953722 29.9186300380048 41 33.0463022244585 33.1456104480017 33 32.809003350146 0 15.4423610125108 17.5000000000003 19.3094222020035 6.96701727315892 0.814561058022954 0 0 0 0 0 0 0 0 0 0 0 0 0 0 0 0 0 0 0 0 0 0 0 0 0 0 0 0 0 0 0 0
45.4651268514097 7.09207836001247 13.5995712679954 46.3083503719921 28 28 13.6524212002407 28 28 28 0.509636568005817 0 35.6531033559846 36.7858522379168 22.3543895519993 30.2133147847494 45 45 45 45 3 22.0158723841898 26.5014129165624 10.9100653000104 41.4903634319942 28 28 28 28 41.7451817159971 28 15.5 3 0 3.47077374702733 29.6111225223786 28 26.9807268639884 40.5267660439946 38.0254550873279 30.5973157956335 0 1.16488358402166 28.4602215325265 27.5 18.1370457100073 27.5 13.2869379236907 1.61456106777412 0 0 0 0 0 0 0 0 0 0 0 0 0 0 0 0 0 0 0 0 0 0 0 0 0 0 0 0 0 0 0 0
44.3128622356739 66 7.09207836001247 16.5995712679954 27.5995712679954 28 14.5096365680058 27.4903634319942 28 28 14.5096365680058 0 0 2.07329677618835e-11 1.6381175400187 23.3190587700093 45 27.2234434856141 45 44.7395500134583 3 42 35 32.6003023120224 28 28 28 28 28 34.7451817159971 28 15.9550326500052 7.7402076835812 0.324115536493037 18.6552470160075 33.371256084261 27.7087791039967 10.4334794566919 0.767650672482401 1.1648835840133 1.1648835840133 32 32 31.8147911021661 15.4175582079934 16.8629542899938 27.2269804099969 14.3316489963923 1.5854389799096 0 0 0 0 0 0 0 0 0 0 0 0 0 0 0 0 0 0 0 0 0 0 0 0 0 0 0 0 0 0 0 0
33 66 37.0920783600125 6 3.10920783600125 22.8349016392561 27.6758844287907 14.5096365680288 14 28 28 68 36.8935688731807 57.6713046619848 22.5000000000252 22.5 45 27.3276235080037 36.1638117540019 22.9914352620056 9.43463913088232 43.5 42 28.1737894085587 28 28 28 28 28 28 28 28 28.1456104480017 28.1456104480017 35.9073955510831 27.7087791039967 20 27.838468454389 31.8784566868337 32 32 31.472162125994 15.472162125994 0 0 7.01851827491385 56 14.3370450211712 0.785438966903786 0 0 0 0 0 0 0 0 0 0 0 0 0 0 0 0 0 0 0 0 0 0 0 0 0 0 0 0 0 0 0 0
33.1092078360026 31.7987138039863 4.4740716944367 5.92551883017284 6 6 0 1.02844200576578 14 28 28 67.0404366376993 56.9569330152809 10.4179869892726 22.500000000027 43.920491243449 45.2548182840029 36.3200817528701 40.0085647379944 13.5 24 43.5 42 28 28 28 28 28 28 28 28 28.1919126724601 33.371256084261 36 25.2574878314781 20 19.8361882459981 13.7571223094646 11 27.7270051460258 12.5291973837726 2.89079216399875 0.985778968402137 0.324115536493037 7.40074570091821 56 55.4102776925365 11.9376869405374 0 0 0 0 0 0 0 0 0 0 0 0 0 0 0 0 0 0 0 0 0 0 0 0 0 0 0 0 0 0 0 0 0
72 72 36.41671998541 1.31049403201496 7.06661814470673 4.86235010080303 5.89079216399875 2.89079216399875 14.5096365680058 28 68 60.9122084564028 25.4241646749678 1.23768880807 22.2395500134583 49.9608636623271 34.7546621998053 40.0085647379944 27 13.7184156720025 22.9715583962833 45 42 35 27.6723764919963 28 28 28 28 28.4732339560054 32.4732339560054 39.3087701346803 35.2083602521391 34.7987138039863 19.5267660439946 19.6723764919963 11 11 0 2.54038288640276 0 0 0 0 55.9247588765759 55.5267660439946 29.3641102696459 5.21768702679694 0 0 0 0 0 0 0 0 0 0 0 0 0 0 0 0 0 0 0 0 0 0 0 0 0 0 0 0 0 0 0 0 0
72 70.6895059679866 70.689505967985 72 72 72 37.310494032015 1.31049403201496 13.4903634320099 28 47.2719477599917 28.467446169269 27.4942122132636 46.9243689602324 10.113012472727 59 32.2546621998053 27 33 39 21 45 41.9189711245558 23.3361882459981 19.111721742807 21.9573366754669 28.3094222020035 28.9464679120108 28.9464679120108 45.4565827333272 52.1434667879788 53.0717333939894 12.3276235080037 13.9398126818053 6.90045300855448 15.6145231138809 11.2366169780027 11 0 3 1.44539608199938 0 0 0.782656158020168 47.2717086333364 30.4484496242482 8.33507448066265 0.828693767464014 0 0 0 0 0 0 0 0 0 0 0 0 0 0 0 0 0 0 0 0 0 0 0 0 0 0 0 0 0 0 0 0 0
69.3790119359701 1.13764984176209 0.218415672002493 58.5666168816388 59.6586952416513 70.7987138039863 72 70.689505967985 49.8179869399979 27.0057877867364 31.9565818143691 27.1714072402721 27 27.0182013060002 42.9357595139936 58.1081360059898 53.9635973879996 27 33 39 39 43.9715583962833 34.8361882459981 19 19 19 36.5 54 54 54 3 3.10418000503155 22.5546039180006 23.563168655995 1.39031512960472 24 41.2133147847494 11 11 3.27301959000312 0.32762350800374 0 0.329903323229405 49.2537464539915 21.2485135278621 7.53358794412061 0.828693767464014 0 0 0 0 0 0 0 0 0 0 0 0 0 0 0 0 0 0 0 0 0 0 0 0 0 0 0 0 0 0 0 0 0 0
62 41.6272341935435 4.22851988083004 8.03854627202327 35.0192731360116 39.8372600760096 71.6359738799958 62 44.019224288861 27.1562699988683 40.9914352620056 27.4817986939998 27.0182013060002 49.9640114631129 49.70919317911 53.1991425359909 53 40.5 32.7815843279975 39 39 41.7997856339977 30.9186300380048 19 19 19 9.50000000001411 52.034258951978 18.4356715187254 21.1551590207393 3.9282666060106 13.3907921639988 24 24 28 40 56 11 11 18 6.24229731841656 1.03747444201184 37.2691270811294 6.45766927628517 5.25076145900845 0.617436405106124 0 0 0 0 0 0 0 0 0 0 0 0 0 0 0 0 0 0 0 0 0 0 0 0 0 0 0 0 0 0 0 0 0 0 0
62 62 62 62 62 62 62 28.2740914200145 27.1562699988683 40.5 40.3437300011317 31.2928237915039 27 23.5949870341429 10 31.5 53 40.0182013060002 34.838468454389 39.6188444040071 39.6188444040071 31 40.3739256317361 30.3543895519983 19 19 9.84582481400395 9.84582481400395 19 27.3458248140483 37.1723764919963 1.48263666582807 12.5824417920538 24 39.8610933266246 40.5824417920066 41.2133147847494 17.89425601474 11 18 9.34582481400395 0.56576036287057 25.1225242366037 4.67361331777954 0.0385438946584602 0 0 0 0 0 0 0 0 0 0 0 0 0 0 0 0 0 0 0 0 0 0 0 0 0 0 0 0 0 0 0 0 0 0 0 0
62 62 62 62 62 62 62 45.1370457100073 27 40.6562699988683 27.1562699988683 36.2071762084961 40.9914352620056 24 17 32.3008574640091 53 52.7451817159971 39 56.6188444040071 55.7122089986924 28.1092078360012 28 35.4715583962833 19.3640261200042 19 19 19.6370457100073 20.2740914200145 10.4495857077741 15.7755384655702 4.55059936704837 27.6758844287925 23.563168655995 56 40.5 32.9357595139936 11 21.8822274260044 18.2606060707393 18.5182013060002 29.2642651974113 6.06666575393125 0.801448513668784 0 0 0 0 0 0 0 0 0 0 0 0 0 0 0 0 0 0 0 0 0 0 0 0 0 0 0 0 0 0 0 0 0 0 0 0 0
61.3447529839925 61.6723764919963 62 53 62 62 62 55.3637091510905 44.6365537926356 40.8351652631373 54 27.1562699988683 53.5085647379944 24 11.055675748012 53 53.5 45.7451817159971 39 55.3811555959929 36.5 31.091006530001 28.0636655499513 28 29 19 19 19 19 32.8309452235282 14.5096365680058 23.5631686559958 54.9807268639901 40.2583262207974 47.4204805461849 25 18.0810288928023 11.2606841128381 32 25.2633830219973 19 4.94624519920775 3.14906409558372 0 0 0 0 0 0 0 0 0 0 0 0 0 0 0 0 0 0 0 0 0 0 0 0 0 0 0 0 0 0 0 0 0 0 0 0 0 0
43.8553055746045 44 62 52.8958199776103 44 52.6723764919963 55.673131353094 27 44.14511853063 48.8805756833531 27.4914352620056 53.3522947391261 26.9453960819994 25.3907921639988 22.1422098564996 53.5182013060002 53.2269804099969 39 39 36.5 36.5 33.2997856339977 29.685262520117 38.7997856339977 29 19 19 19 19.6370457100073 40.8495177531519 27.8725908579985 28 30.5864163080071 37.2746760996594 54.9807268639884 25.5642404860064 20.3996981474567 16.3729808328326 48.5824417920066 20.6381175400187 5.11828703506345 2.35558884808079 0.0385438946584602 0 0 0 0 0 0 0 0 0 0 0 0 0 0 0 0 0 0 0 0 0 0 0 0 0 0 0 0 0 0 0 0 0 0 0 0 0 0
19 39.5701310005075 61.3447529839925 43.5449673499948 44 44 35.8094222020035 29.3996976879777 26.9453960819994 26.9453960819994 31.081949874635 25.4826366745071 22.5546039180006 22.7594025178554 39.0419075444772 53.9760109419797 39.0868166968968 39 39 36.5 38.0519581875963 29.706475078535 28.1638117540019 28.2002143660023 29 19 19 31.1378005711051 42.2966729155755 32.4565827333272 28 28 28 4.60103027489624e-11 37.5987916708687 39.9357595139936 49 49 64 24.9341331964582 5.01558875509755 0.0385438946584602 0 0 0 0 0 0 0 0 0 0 0 0 0 0 0 0 0 0 0 0 0 0 0 0 0 0 0 0 0 0 0 0 0 0 0 0 0 0 0
19 19 19 19 31.0449673499948 43.0899346999896 43.4912794546003 33.6301860932595 23.9635973879996 23.9635973879996 24 24 24 37.944324251988 53 53.5 39 39 38.2521725535986 35.671903616563 34.0372405925078 37 37 28 29 19 19 19 53.5267660439946 36.4160081246714 28 32.7993958354343 56 12.9550326500052 4.7402076835812 25 37 49.3458248140039 56.5 18.4237472243407 0 0 0 0 0 0 0 0 0 0 0 0 0 0 0 0 0 0 0 0 0 0 0 0 0 0 0 0 0 0 0 0 0 0 0 0 0 0 0 0 0
19 20.0795087912673 42.3190587700093 48.0849908158922 18.5442074115862 18.3083503719921 21.6856280421305 23 22.5813699619952 22.8993569019931 23.3811555959929 24 17 10.7826561580089 53 51.1003023120224 39 39 38.6429647175974 53.9817986939998 36.5 37 32.3361882459981 28 29 19 19 19.3118581014268 43 50.7997856339977 48.2355451479913 41.3811555959929 55.8205789236187 39.9357595139936 25 25 37.436831344005 62.3117509634942 59.7567329703803 18.5946678622962 0 0 0 0 0 0 0 0 0 0 0 0 0 0 0 0 0 0 0 0 0 0 0 0 0 0 0 0 0 0 0 0 0 0 0 0 0 0 0 0 0
33.6182883084381 54.8988008064242 16 10.3276235080037 18 17.5995712679954 17.5995712679954 17.7361200840464 10.6145231138807 7 7 15.1905777979965 23.4357595139936 10.8008574640091 52.972162125994 46.5 39 35.612559356738 53.8907921639988 35.697568635598 34.1092078360012 36.9479100235214 28.4004287320046 34.0985772802424 25.5 19.2366169780027 25.7366169780027 32 53.3264736358935 50.9271947759992 27.9826366745071 24.8285684487657 56 40.6389066733754 25.87366268801 49 44.0460391800062 53.5460391800062 66 19.3502693704811 0 0 0 0 0 0 0 0 0 0 0 0 0 0 0 0 0 0 0 0 0 0 0 0 0 0 0 0 0 0 0 0 0 0 0 0 0 0 0 0 0
26.5995712679954 16.0463022244585 19.5995712679954 9.32762350800374 18.9464679120108 7.26387991595362 7 7 7 7 7 7 9.61027966601267 25.3008574640091 46.2269804099969 39 39 49.7997856339977 36.8907921639988 36.9453960819994 37.2366169780027 43.7366169780027 50 50 41 32 32 42.5995712679954 58.2290462277614 49.7644548520087 27.0142208018583 24.5000000000143 49 49 49.3458248140039 68 53.5460391800062 53.5460391800062 66 19.4253531758389 0 0 0 0 0 0 0 0 0 0 0 0 0 0 0 0 0 0 0 0 0 0 0 0 0 0 0 0 0 0 0 0 0 0 0 0 0 0 0 0 0
16.7584332661313 19.9635973879996 8.99999977026048 18.9464679120108 44.9464679120108 9.10417999635249 22.7278964022263 28.4850243370439 23 7 7 7 38.8147911021661 39 39 39.2638799159536 39.4004287320046 50 34.5824417920066 37 43.5 50 50 50 41.2234434856141 32 32 32 51 70 26.9807268639884 49 48.4242619826196 49.1099677744098 49.3458248140039 68 52.6275941443549 53.5460391800062 62.8533177219869 16.837087469568 0 0 0 0 0 0 0 0 0 0 0 0 0 0 0 0 0 0 0 0 0 0 0 0 0 0 0 0 0 0 0 0 0 0 0 0 0 0 0 0 0
43.8278864517299 10 44 68.8005458491985 68.1798693999792 18.3792161735866 7.43683134400499 55.0642404860064 39 7.58244179200665 7 23.1852088978339 39.1794210763813 39.1794210763813 39 48.293944190262 50 50 50 50 36 32 44.0853266490662 40.6723764919963 50 32 32 32 51 68.320764133332 0 0 25.7280522400083 65.0171245306977 55.8430722165517 68 55.7713202132102 66.5400185130869 64 16.5868091523796 0 0 0 0 0 0 0 0 0 0 0 0 0 0 0 0 0 0 0 0 0 0 0 0 0 0 0 0 0 0 0 0 0 0 0 0 0 0 0 0 0
20 24.4850243370439 20.5460391800062 20 20 19.7269804099969 12.7730195900031 70 55.0642404860064 70 24.7109227640195 70 70 70 54.6794210763813 70.0364026120004 50.3822274260044 50 50 50 22.5096365680058 32 40.8958199776103 32.1041800223897 40.6723764919963 32 32 32 50.3083503719921 0 0 1.27142142901118 44.2719477599917 58.7815843279975 59.5142226397745 53.2730195900031 53.0636655499513 64 63.3942605238152 13.9868090093284 0 0 0 0 0 0 0 0 0 0 0 0 0 0 0 0 0 0 0 0 0 0 0 0 0 0 0 0 0 0 0 0 0 0 0 0 0 0 0 0 0
20 35 35 20.1736333243611 20 12.5 19.4539608199938 70 68.8351164159867 70 70 70 70.0182013060002 70.0182013060002 70.6571873573719 71 71 50.5037707738869 45.0385468731563 49.4903634319942 27.3276235080037 27 32.8190587700093 32 32.0364026120004 32.0364026120004 32.3792170925447 31.4175582079934 0 0 9.08457086901035 53 53 53 53 64 60.2118435617582 64 45.1741752101294 8.22021386813869 0 0 0 0 0 0 0 0 0 0 0 0 0 0 0 0 0 0 0 0 0 0 0 0 0 0 0 0 0 0 0 0 0 0 0 0 0 0 0 0 0
33.3083503719921 41.9073955510831 50 49.4539608199938 27.5 9.9288950717502 5 68.8169151099865 38 70 70 69.035330781989 70 70.5 70.5 71 71 71 46.5 35.4903634319942 22 33.712243873696 76.3172559197452 40.0561301842517 33 33 33.3428144805443 16.0364026120004 0 0 0.964669218011011 53 53.1820130600021 53 58.2997856339977 64 38.9685765321385 43.8577901435004 24.8898849058889 3.1934046672177 0 0 0 0 0 0 0 0 0 0 0 0 0 0 0 0 0 0 0 0 0 0 0 0 0 0 0 0 0 0 0 0 0 0 0 0 0 0 0 0 0
