rasters/edaphic/S_GRAVEL.asc
NCOLS 720 
NROWS 300 
XLLCORNER -180 
YLLCORNER -60 
CELLSIZE 0.5 
NODATA_value -9999 
[rows 38 to 75 of 300, columns 0 to 85 of 720]
6.22655281845439 6.54192727259807 4.95349477627772 4.44079382885158 2.43891667090162 0.906895068669047 0 0 0 0 0 0 0 0 0 0 0 0 0 0 0 0 0 0 0 0 0 0 0 0 0 0 0 0.00364026125428567 0.118201307761544 0.532762366460953 0.936402616875998 1.03640261200042 1.33640262609111 1.91648836988831 3.74732344154844 5 5 5 5 5 5 5 5 5 5 4.93793235811574 4.81798693999797 4.93793235811574 5 3.65096367977453 1.67644545247576 1.23640265968413 1.38372601995584 1.77644547197808 2.01284807422734 1.8201286081144 1.33640262609111 0.936402616875998 0.536402626359135 0.136402614304193 0.0364026120004155 0.0364026120004155 0.0364026120004155 0.0364026120004155 0.0364026120004155 0.0364026120004155 0.0364026120004155 0.0364026120004155 0.0254818290512203 0.010920783762857 0 0 0 0 0 0 0 0 0 0
0 0 0 0 0 0 0 0 0 0 0 0 0 0 0 0 0 0 0 0 0 0 0 0 0 0 0 0 0 0 0 0 0.00364026125428567 0.418201320224915 1.37644549581994 3.65096367977453 5 5 5 5 5 5 5 5 5 5 5 5 5 5 5 5 5 5 5 5 5 5 5 5 5 5 5 5 3.74732344154844 2.20556759777516 2.10920783600125 2.10920783600125 2.10920783600125 2.10920783600125 2.10920783600125 2.10920783600125 2.10920783600125 2.10920783600125 1.8201286081144 1.33640262609111 0.736402628796927 0.335245060262617 0.0306148350279894 0.0294572796335042 0.0329299458169599 0.0254818290512203 0.010920783762857 0 0 0
0.00297924676053995 0 0 0 0 0 0 0 0 0 0 0 0 0 0 0 0 0 0 0 0 0 0 0 0 0 0 0 0 0 0 0.010920783762857 0.425481841106162 1.67280524784269 5 5 5 5 5 5 5 5 5 5 5 5 5 5 5 5 5 5 5 5 5 5 4.97106111405299 5 5 5 5 5 5 5 5 5 5 5 5 4.88005458405195 4.90899346999896 5 5 5 5 5 5 1.40404851200808 0.963465886239676 0.903885865129669 1.11940561168871 1.27704764378861 1.03888531742827 0.515886209569957 0.12680698046421 0.0182013065426489
3.314653018886 2.45460707171537 0.67498938812102 0.181156383840317 0.0276659861292564 0 0 0 0 0 0 0 0 0 0 0 0 0 0 0 0 0 0 0 0 0 0.103640262744402 0.51820132144381 0.932762356977815 1.03640261200042 1.03640261200042 1.33640262609111 2.20556759777516 5 5 5 5 5 5 5 5 5 5 5 5 5 5 5 5 5 5 5 5 5 5 5 5 5 5 5 5 5 4.94212222810597 4.81798693999792 4.81798693999792 4.81798693999792 4.05195853220562 1.64296506220666 0 0 0 0 0 0 0 0 0 0 0 0 0 1.64296506220666 4.81798693999792 2.92221867288978 1.39267933494335 1.47066510627223
27.4722401680928 6 5.42369864363681 4.51656286670822 2.15181221150165 1.10272981575566 0.192798977006871 0.0291220897630648 0 0 0 0 0 0 0 0 0 0 0 0 0 0 0 0 0 0 0.300000011920929 3.10000002384186 5 5 5 5 5 5 5 4.88005458405195 4.81798693999792 4.81798693999792 4.81798693999792 2.40899346999896 4.05195853220562 4.81798693999792 4.81798693999792 4.81798693999792 5 5 5 5 5 5 5 5 5 5 4.97106111405299 4.88005458405195 4.81798693999792 4.81798693999792 4.05195853220562 0 0 0 0 0 0 0 0 0 0 0 0 0 0 0 0 0.057877776233555 0.057877776233555 0 0 0 0.057877776233555 0 0 0 0.0405144420616297 6.87259085799855
0 0 23.4859347775992 4.14296506220666 10.7237065561035 7.00488552388649 6.6118419305612 3.44659501886118 1.37945748368109 0.418558324662973 0.0558316338234143 0 0 0 0 0 0 0 0 0 0 0 0 0 0 0 0.296359750395423 3.02355453885796 4.8944324260667 5 5 5 4.23397159220769 0 0.0910065300010881 0.182013060002078 0 0 0 4.88005458405195 4.97106111405299 5 1.71406999045645 0.948041525229264 0.182013060002078 0 0 0 0 0 0 0 0 0 0 0 0 0 0 0 0 0 0 0 0.0289388881167775 0.182013060002078 0.182013060003384 3.35703499522822 5 5 5 5 5 5 5 5 5 5 5 5 5 5 1.71406999045645 3.93947678723487 6.92719477599917 0
0.885973883345002 0.182013060002078 0.285433117946016 3.17502199266103 11.769984750254 28 20.7709537722386 13.5419075444772 5.90042873200457 6.92545462749981 2.58250548257912 0.129850142798864 0.0364026120004155 0.0364026120004155 0.0327623510173504 0.0182013065426489 0.00364026125428567 0 0 0 0 0 0 0 0 0 0.0963597402358305 0.481798708358512 1.16723763787538 1.76359739992051 3.61991429954699 4.90171294586307 5 5 4.23397159220769 2.40899346999896 0 0 0 0 0 1.64296506220666 4.81798693999792 4.05195853220562 0 0 0 0 0 0 0 0 0 0 0.0289388881167775 0.182013060002078 0.182013060002078 0.182013060002078 0.182013060002078 0.182013060002078 0.182013060002078 0.182013060002078 3.35703499522822 5 5 5 5 5 5 5 5 4.99421222194269 5 5 5 5 5 4.97601091594248 4.96359738799958 4.81039168346717 4.65718597893476 7.88052735999285 21 21 13 0.948041525229264
2.66223819821829 3.0806878062513 2.6928578844457 5.06219917453148 20.4398911495225 16.0648445996516 24.0576389874892 23.9303078875866 27.1991425359909 17 3.99355747667706 1.47323359208505 1.8201286081144 2.10920783600125 2.61745919782127 2.06309813708884 1.03093303351245 0.263471503817596 0.00115755553009551 0 0 0 0 0 0 0 0 0 0.0029122088949403 0.110920784710532 0.508008588955416 1.29344754150048 3.43083503806712 4.90098489865691 5 5 4.96214128490822 4.99421222194269 4.96359738799958 4.96359738799958 4.96359738799958 4.81039168346717 4.65718597893476 4.96359738799958 4.96359738799958 4.96359738799958 4.99421222194269 1.71406999045645 1.71406999045645 1.71406999045645 5 5 5 5 5 4.99421222194269 4.96359738799958 4.96359738799958 4.96359738799958 4.96359738799958 4.96359738799958 4.96359738799958 4.96359738799958 4.96359738799958 4.96359738799958 4.81039168346717 4.32859298946738 4 4 4 4 4 4 4 4 4 4 4 4 4 12.4817986939998 21 21 21 13.0926044489169 5
5.27477355840035 11.9275165330639 4.81798693999809 2.71841567200277 0.671694336252336 13.4903634320016 11.8720107134495 0 3.00000000000157 16.4903634298244 5.31225544854227 3.37058787963789 5 5.55174892464381 5.25657225240014 13.0473202637395 3.4282666060106 0.931171356998026 0.493495859077317 0.386509601243828 0.139657407765469 0.00436831334241045 0 0 0 0.00873662668482089 0.0203854622645821 0.269122084127426 0.669122090087891 1.26406858485264 1.61027851681675 1.47537489628118 1.19460396113039 1.27635971149159 1.93271941604504 3.94466803045369 3.98811965269041 4 4 4 4 4 4 4 4 4 4 4 4.32859298946738 4.96359738799958 4.96359738799958 4.96359738799958 4.96359738799958 4.96359738799958 4.96359738799958 4 4 4 4 4 4 4 4 4 4 4 3.97684888777077 4 4 3.95034588605864 4 4 4 4 4 4 4 4 4 4.29122089600332 20 20.4817986939998 21 21 21 21
0.104282183593624 0.0857215341727938 0.218415672002493 27.1991425359909 16.4903634319942 6.36570206366072 10.1713825042432 2.08076577280888 3.84475299993244 13.5995712679971 4.28975926742853 5.63668034218877 9.77095377223862 27.6758844287907 13.9289487443964 9.08915510286347 4.90899346999896 1.64296506220666 1.94767617552045 3.82077949417333 0.753190683231576 0.119999997317791 0 0.242912203530522 0.574561033042609 1.06620987225225 1.45610290946547 1.91862961664955 4 4 4 4 2.30406860631031 1.76445406673315 1.91862961664955 2.53533198861979 3.69164878529744 4 4 4 4 4 4 4 4 4 4 4 4 4 4 4 4 4 4 4 4 4 4 4.04630222445847 4.29122089600332 4.04630222445847 4 4.09260444891694 4.29122089600332 4.29122089600332 4.29122089600332 4.29122089600332 4.19191267246013 4 4 3.9271947738294 4 4 4 4 4 4 4 11.9073955510831 20 20 20.8103914537277 21 21 21
6.20516412186827 1.57488766577599 4.3467423311909 5.92551883017284 0.206002144059594 0.168673489479402 0.149616293743073 4.86235010080303 1.22865637176313 13.5995708085164 16.4556367636509 2.85753182014928 6.08516524186752 23.5480024194834 3.32809610928121 0.948041525229264 0.0910065300010388 4.38076579742972 17.8737608025723 2.13771681397864 0.65563168281009 0.119999997317791 0 0.319999992847443 3.94175582101631 4 4 4 4 4 4 4 4 4 4 4 4 4 4 4 4 4 4 4 4 4 4 4 4 4 4 4 4.04630222445847 4.29122089600332 4.29122089600332 4.29122089600332 4.29122089600332 4.29122089600332 12 12 11.9006917764568 10.5757379166543 4.29122089600332 4.29122089600332 4.14561044800166 4 4 6.62874391573903 11.7087791039967 11.7087791039967 5.47056430780416 4.29122089600332 4.29122089600332 4.29122089600332 4.29122089600332 4.29122089600332 4.04630222445847 4 4.09260444891694 12.2912208960033 20 20 20 20 20.9635973879996 20.9635973879996
2.01144772008442 1.07510162180154 1.01631685030722 1.35646672081301 1.20865089159281 0.545438945293427 0.416485429169428 1.71387291748392 5.19550327731254 0.919234169759599 4.86235010080339 0.0983922182951847 16.6921756995542 2.90759647261774e-12 4.97106111405299 0.920490091889461 1.10223152101018 1.89400017302932 1.96559052988785 0.882795299350607 0 0 0 0.311263366162622 0.939614544995186 1.73087790151385 3.41670238389117 4 3.95369777554153 3.95369777554153 3.90404366376994 3.24156673386869 0.0231511100595085 1.33752306792899 3.85438955199834 4 4 4 4 4 4 3.24156673386869 0 1.31437195787176 3.38717718187035 4 4 4 4.19191267246013 5.51686653226263 11.8080873275399 11.6856279917674 10.433479353796 6.6750461401975 4.19191267246013 4.09260444891694 4.04630222445847 4 10.4831334677374 11.7087791039967 11.7087791039967 6.62874391573903 4 11.8543895519983 11.8080873275399 9.08003518825764 5.47056430780416 4.29122089600332 4 4 4 3.90404366376994 3.85438955199834 3.92719477599925 4 11.7087791039967 12 15.7815843279979 20 20 20 20 20 20 20 20
0.442382158344001 0.115631683975381 0 0 0 0 0 0.596899357419039 0.937848605394219 3.07037222875789 1.29127275488997 9.03403546855898 0.309422202003532 13.4903634319942 13.4903634319942 2.41991425403319 0.300000004470348 0 0 0 0 0 0 0 0 0.234175576845701 1.02543894718065 3.89423443177796 0.709985776878308 0.145610448001662 4 3.89516047761238 3.89595244608829 4 2.6856279846956 3.90866140052146 3.91845814877191 3.61456106777412 4 4 0 0 0.072805224000831 3.95034588605864 4 2.6856279846956 4 4 11.7087791039967 7.76566311551837 11.7087791039967 11.7087791039967 11.7087791039967 6.62874391573903 4 4 4 4 4 4 4 4 4 4.04630222445847 4.19191267246013 4 4 10.4831334677374 7.85438955199834 4 0.145610448001662 0.145610448001662 0.145610448001662 0.145610448001662 0.0463022201189381 4 6.62874391573903 11.8080873275399 18.4831334677374 19.8080873275399 20 20 20 20 20 20
0 0 0 0 0 0 0 0 0.0963597402358305 0.223360622814016 0.642907136489591 1.45781077853644 1.90550188390718 1.41922911144804 2.25481792008257 0.741070668271724 0.213104942736243 0.0291220900342854 0.0291220900342854 0.0203854622645821 0.00873662668482089 0 0 0 0 0 0.231263367950761 0.437376980355566 0.680289198244808 0.97577627201732 1.09961454141891 1.01087790216351 1.01087790216351 1.28121522039006 1.24028920008655 0.923201416676491 0.951263352399948 1.75708777994099 4 2.07280522400083 0 0.708779094755073 3.97684888777077 4 4 4 4 4 4 4 4 4 4.08102889280232 4.50963656800582 6.49245864585497 8.63733850930875 6.31866925465438 4 4 4 4 7.8312384397691 11.563168655995 11.563168655995 11.563168655995 11.563168655995 7.78158432799776 4 4 4 4 4 4 4 4 4 4 4 7.85438955199834 11.9536977755415 12 12 18.4831334677374 19.7087791039967 20 20
0 0 0 0 0 0 0 0 0 0 0 0 0 0 0 0.239999994635582 0.685224973220105 0.916488369888306 1.14775172348035 1.22483952715599 1.04582440944523 0.725824416597788 0.399999991059303 0.0799999982118607 0 0 0 0 0 0.0029122088949403 0.254561039652725 0.506209869868068 0.429122080551147 0.269122084127426 0.869892998851821 1.30192730211419 1.30912205925429 1.91862961664955 3.28169699088907 3.90404366376994 0.0728052240018761 3.38717718187035 4 4 4 4 4 4 4 4.08102889280232 4.50963656800582 11.2548182840029 10.7451817159971 4 4 4 4 4 3.97684888777077 3.85438955199834 3.24156673386869 1.0450482196787e-12 3.97684888777077 0.145610448001662 0.0959563340603001 0.0959563340603001 0 0.0496541117715972 0.072805224000831 0 0 0 3.29122084564028 4 4.04630222445847 4.04630222445847 4 4 4 7.90069177645681 12 12 12 12 12 18.4831334677374
0 0 0 0 0 0 0 0 0 0 0 0 0 0 0 0.239999994635582 0.559999987483025 0.800000011920929 1.03999999165535 3.89807268596488 3.95049244715869 3.88642385038512 2.09593139910771 0.0799999982118607 0 0 0 0 0.00092604441051538 0.326616380198106 1.20432001222256 4 2.99785869580388 1.91862961664955 3.15203430315516 4 4 4 2 0.0231511100594691 3.95034588605864 4 4 4 4 4 4 4.25481828400291 17.7451817159971 15.3454835685404 4 4 4 4 4 3.97684888777077 3.85438955199834 1.92719477599917 0 0 0.072805224000831 0.758433208696435 0.145610448001662 4 4 4 0.758433208696435 4 4 2.77435436374069 1.45998240587118 0.758433208696435 2.6856279846956 4 8.14561044800166 12 9.37125608426097 4.14561044800166 4 8 12 12 12 12 12 12
0 0 0 0 0 0 0 0 0 0 0 0 0 0 0 0 0 0 0.231263367950761 0.619614537789023 0.930877889592925 0.853790114634725 0.385438946584602 0.0770877893169204 0 0 0 0.0029122088949403 0.280000002934755 1.0714060209906 3.95034588605864 3.38717718187035 3.92719477599925 4 4 4 4 4 4 3.36402606964111 4 4 4 4 4 4 4 11 11.2548182840029 4 4 4 4 3.90404366376994 1.31437195786952 0 0 0 1.7765842002094e-13 0.655247016012182 18 4 3.85438955199834 3.85438955199834 3.97684888777077 4 4 4 4 4 4 4 3.90404366376994 3.85438955199834 3.90404366376994 4 11.7087791039967 11.9536977755415 5.51686653226263 8.14561044800166 12 12 12 12.2912208960033 12.2912208960033 12.2912208960033
0 0 0 0 0 0 0 0 0 0 0 0 0 0 0 0 0 0 0 0 0 0 0 0 0 0 0.0829122071068009 0.494561034288307 1.43984490346879 4 3.95034588605864 4 2.07280522400412 3.95034588605864 4 4 4 4 4 4 3.38717718187035 4 4 4.33584717680523 4.25481828400291 4 13.0638509706515 17.4903634319942 17.4903634319942 4 4 4 0 0 0 0 0 3.4129494678514 18 18 18 1.31437195786952 0 0 0 1.31437195786952 3.92719477599925 3.97684888777077 4 4 1.31437195786952 0 0 0 0 0 0 5.78158432800423 11.7121309913098 12 12.1456104480017 12.2912208960033 20 20 20 20
0 0 0 0 0 0 0 0 0 0 0 0 0 0 0 0 0 0 0 0 0 0 0 0 0 0 0.159999996423721 2.31999999284744 4 4 3.97684888777077 4 4 4 4 4 4 4 4 4 4 4 17.4903634319942 17.4903634319942 10.7451817159971 4 4 4 4 4 4 4 2.07280522400083 0.145610448001662 0 0 0 9.32762350801853 18 18 18 18 17.5681964869647 0 0 0 0 3.85438955199834 3.95369777554153 3.97684888777077 4 0.758433208696435 0.145610448001662 0.0231511100594691 0 0 0 0 0 3.94311587360855 11.5631686559953 14.628743915739 19.639325767309 19.9536977755415 20 28
0 0 0 0 0 0 0 0 0 0 0 0 0 0.0058244177898806 0.0058244177898806 0.0029122088949403 0 0 0 0 0 0 0 0 0 0 0.157087787528781 0.865438950214486 2.75049245907962 3.96995186521617 4 4 4 4 3.95034588605864 4 4 4 4 4 4 3.85438955199834 3.92719477599917 4 4 4 4 4 4 4 4 4 3.90404366376994 3.85438955199834 0 0 3.4129494678514 17.9124326165716 17.9606851818168 17.9213703636337 18 9.32762350800374 0 0 0 0 0 0.104179996352493 0.104179996352493 0 0 0 3.24156673386869 3.85438955199834 3.85438955199834 0 0 0 0 0 0 6.72420593002726e-12 9.72470020160605 20 21.5168665322626 20.2912208960033
0 0 0 0 0 0 0 0 0 0 0 0 0 0.159999996423721 0.229893011529612 0.0799999982118607 0 0 0 0 0 0 0 0 0.242912203530522 0.574561033042609 0.826209893602715 0.826209893602715 1.12582439275593 2.14989305639391 4 4 4 4 2.6856279846956 4 4 4 4 4 1.92719477599917 0 0 1.92719477599917 4 4 4 4 4 4 2 0 0 0 0 11.838647201169 13.2298288253594 17.8522755588745 18 17.6723764919963 0 0 0 0 0.733104969451123 2.57241974429009 11.5331049261069 18 18 13.3792460121079 0.12154333052507 0.121543330524419 0 0 0 0 0 0 0 0 0 0 0 0 13.4903634320099 26.9807268639884
0 0 0 0 0 0 0 0 0 0 0 0 0 0.159999996423721 0.159999996423721 0.0799999982118607 0 0 0 0 0 0 0 0 0.319999992847443 3.94175582101631 4 4 2.68950753853619 1.19126336085181 2.68812080022323 2.64088472970588 0.758433208698676 4 4 3.97087791213548 4 4 3.92719477599917 1.31437195786952 0 0 0 0 2.02315111006276 4 4 4 4 4 1.99999999783024 0 0 0 1.4789025883595e-11 3.2373185339622 6.95116875904021 17.7087791039967 10.8567962682583 5.91467381041282 0 0 0 0.0131049408408931 2.06209876045509 17.7510061370416 11.5916914246203 7.08205558445521 6.53671947382155 5.65138660967878 20.4433229754538 21 0.764454852008726 3.308350253603 13.4149915655343 6.87731904541358 0.503770756528781 0 0 0 0 0 0 0 0 0
0 0 0 0 0 0 0 0 0 0 0 0 0 0 0 0 0 0 0 0 0 0 0 0 0.311263366162622 0.939614544995186 1.57087793272269 2.8101069795833 1.10543893103379 0.394175573269423 0.360289183859285 0.806402812437752 1.17897766116846 1.36412747111546 1.41087796501641 1.9708779110506 3.96121524015868 4 1.31437195786952 0 0 0 0 0.072805224000831 4 4 4 4 3.90404366376994 3.85438955199834 2.6518950257985 2.75120325151146 0.00397232910446013 0 1.18312209158229e-12 0.909122064709663 9.67634881920218 4.81798693999792 0 0 0 0 0 1.08000004291534 10.485481389493 3.53447520910716 2.09447538162622 0.693790146928443 0 1.21413267097246 4.09297625036488 5.77297642873719 4.28282548005099 2.45550023964156 2.13027134809289 2.99042209430256 2.33318739617353 0.687109053134918 0 0.0305781931256525 11.8935545682907 3.98177441744988 0 0 0 0
0 0 0 0 0 0 0 0 0 0 0 0 0 0 0 0 0 0 0 0 0 0 0 0 0 0 0.0770877893169204 0.154175578633841 0.154175578633841 0 0 0 0 0 0 0.551263375156924 3.86802455226594 1.31437195786952 0 0.0595537220598846 0.0728052240009157 0.145610448001662 0.758433208696435 4 4 4 4 4 4 3.97684888777077 3.92719477599917 0 0.339962188070184 0.00728052250857134 0.0291220900342854 0.607280531449268 0.00728052250857134 0 0.192719480471661 0 0 0 0 0.693790146928443 0.693790146928443 0.346895073464222 0 0 0 0 0 0 0 0 0 0 0 0 0 0.82471087721113 3.16680742958536 4.84680737496351 20.367581391449 3.66556511317436 0 0
0 0 0 0 0 0 0 0 0 0 0 0 0 0 0 0 0 0 0 0 0 0 0 0 0 0 0 0 0 0 0 0 0 0 0 0.231263367950761 0 0.129662673375189 0.0668950604697327 0.370877906680107 2.52666472725582 3.95631686603345 3.05868852220028 3.91263373206691 3.93884360940917 3.61456106777412 4 3.38717718187035 3.87754066205785 4 1.97684888777077 0 0.0145610450171427 0.843683148057239 2.74561047184352 2.73104942791126 1.20000001788139 0.200000002980232 0 0 0 0 0 0 0 0 0 0 0 0 0 0 0 0 0 0 0 0 0 0 0 1.21413267097246 2.29622920416599 3.15151833193765 10.1789289602469 0
0 0 0 0 0 0 0 0 0 0 0 0 0 0 0 0 0 0 0 0 0 0 0 0 0 0 0 0 0 0 0 0 0 0 0 0 0 0 0 0.154175578633841 0.465438944796462 0.859614532424605 0.936702307382806 0.865438950214486 1.94912210672359 4 3.92719477599917 3.90404366376994 3.85438955199834 1.31437195786952 0 0.0456692997392684 0.42184157402862 5.8023151227099 9.90038780109338 9.76933839702398 5.2543895579588 0.200000002980232 0 0 0 0 0 0 0 0 0 0 0 0 0 0 0 0 0 0 0 0 0 0 0 0 0 0.809421780648304 0.809421780648304 0.764710904629267
0 0 0 0 0 0 0 0 0 0 0 0 0 0 0 0 0 0 0 0 0 0 0 0 0 0 0 0 0 0 0 0 0 0 0 0 0 0 0 0 0 0.0029122088949403 0.260385457985046 1.27678807670927 3.16783980778737 4 1.92719477599917 1.92719477599917 0.00688453813501073 0.529662664976933 2.19818536077737 2.67665994309897 0 0 0.239890836235633 1.35289101656663 1.16359740533854 0.192719480471661 0 0 0 0 0 0 0 0 0 0 0 0 0 0 0 0 0 0 0 0 0 0 0 0 0 0 0 0.346895073464222
0 0 0 0 0 0 0 0 0 0 0 0 0 0 0 0 0 0 0 0.00728052250857134 0.0145610450171427 0.0145610450171427 0 0 0 0 0 0 0 0 0 0 0 0 0 0 0 0 0 0.021841567525714 0.250963660540232 1.14552471406284 2.05678801520279 4.03640261200042 8.10391706441123 0 0 0.0770877893169204 0.0770877893169204 0.407280529011477 5.9199142562028 10 0.364026120004155 6.41026797171062 1.39079219102859 0.863597393035889 0.200000002980232 0 0 0 0 0 0 0 0 0 0 0 0 0 0 0 0 0 0 0 0 0 0 0 0 0 0 0 0 0
0 0 0 0 0 0 0 0 0 0 0 0 0 0 0 0 0 0 0 0.200000002980232 0.574732543453971 0.400000005960464 0 0 0 0 0 0 0 0 0 0 0 0 0 0 0.0145610450171427 0.0291220900342854 0.636402621483553 2.02184162550304 3.51769267557681 7.04792550824038 9.81798693999792 0 0 0.455593886404284 0 0 0 0.392719483451893 2.90192726852117 7.30192735954907 3.81721135656282 1.30800351405867 0.446721245628031 0 0 0 0 0 0 0 0 0 0 0 0 0 0 0 0 0 0 0 0 0 0 0 0 0 0 0 0 0 0 0
0 0 0 0 0 0 0 0 0 0 0 0 0 0 0 0 0 0 0 0.200000002980232 0.400000005960464 0.400000005960464 0 0 0 0 0 0 0 0 0 0 0 0 0.221841571048387 1.04368316485375 2.25824422341276 2.889293598604 3.01345027459458 9.81798693999792 9.63597387999584 3.28593012441331 0 0.200000002980232 0 0 0 0.200000002980232 0.400000005960464 0.600000008940697 1.19271949591526 1.98543895606774 1.38543899074564 0.200000002980232 0 0 0 0 0 0 0 0 0 0 0 0 0 0 0 0 0 0 0 0 0 0 0 0 0 0 0 0 0 0 0 0
0 0 0 0 0 0 0 0 0 0 0 0 0 0 0 0 0 0 0 0 0 0 0 0 0 0 0 0 0 0 0 0.021841567525714 0.0364026130852979 0.658244189551709 2.24368312204562 7.10920783600125 9.91991425186327 10 8.3637007595913 0.0413680231775752 0.0582441800685707 0.345998258143047 0.138717718295523 0 0 0 0 0.200000002980232 5.02526746548673 0.400000005960464 0 0 0 0 0 0 0 0 0 0 0 0 0 0 0 0 0 0 0 0 0 0 0 0 0 0 0 0 0 0 0 0 0 0 0 0
0 0 0 0 0 0 0 0 0 0 0 0 0 0 0 0 0 0 0 0 0 0 0 0 0 0 0 0 0 0.221841571048387 1.04368316485375 2.43640258815856 3.06209876045509 3.32376892761722 10 9.7888648521334 9.87623112006649 4.66591240489411 9.72334015226847 5.94599825380991 5.44710905387407 0.767452023925631 0.200000002980232 0 0 0 0 0.192719480471661 0.385438960943322 0.385438960943322 0 0 0 0 0 0 0 0 0 0 0 0 0 0 0 0 0 0 0 0 0 0 0 0 0 0 0 0 0 0 0 0 0 0 0 0
0 0 0 0 0 0 0 0 0 0 0 0 0 0 0 0 0 0 0 0 0 0 0 0 0 0 0 0.200000002980232 0.400000005960464 1.20000001788139 6.14561044800166 9.88351163986286 9.74518171599709 6.4543895758402 2.74903629855337 2.92719477708405 1.74903635490337 1.35631690016892 1.35631690016892 1.74903635490337 1.37815846769463 0.592719486432125 0.200000002980232 0 0 0 0 0 0 0 0 0 0 0 0 0 0 0 0 0 0 0 0 0 0 0 0 0 0 0 0 0 0 0 0 0 0 0 0 0 0 0 0 0 0 0
0 0 0 0 0 0 0 0 0 0 0 0 0 0 0 0 0 0 0 0 0 0 0.00728052250857134 0.0291220900342854 0.0314372008232558 0.011910744900174 0.00231511106019103 0.192719480471661 5.01798694297815 1.19271949591526 2.1635974356833 2.73447525353623 1.93447535594262 0.963597416717024 0.192719480471661 0 0 0 0 0 0 0 0 0 0 0 0 0 0 0 0 0 0 0 0 0 0 0 0 0 0 0 0 0 0 0 0 0 0 0 0 0 0 0 0 0 0 0 0 0 0 0 0 0 0 0
0 0 0 0 0 0 0 0 0 0 0 0 0 0 0 0 0 0 0 0 0 0.221841571048387 1.22912210900056 2.35289101548174 2.00920784103755 0.775476928465349 0.00231511106019103 0 0.385438960943322 0.385438960943322 0 0 0 0 0 0 0 0 0 0 0 0 0 0 0 0 0 0 0 0 0 0 0 0 0 0 0 0 0 0 0 0 0 0 0 0 0 0 0 0 0 0 0 0 0 0 0 0 0 0 0 0 0 0 0 0
0 0 0 0 0 0 0 0 0 0 0 0 0 0 0 0 0 0 0.200000002980232 0.400000005960464 0.400000005960464 0.80000002682209 5.95289098188872 9.7379011918612 5.84942414082118 0.727194786071777 0.127194777131081 0 0 0 0 0 0 0 0 0 0 0 0 0 0 0 0 0 0 0 0 0 0 0 0 0 0 0 0 0 0 0 0 0 0 0 0 0 0 0 0 0 0 0 0 0 0 0 0 0 0 0 0 0 0 0 0 0 0 0
0.00728052250857134 0 0 0 0 0.00728052250857134 0.021841567525714 0.0291220900342854 0.021841567525714 0.021841567525714 0.156316866622925 0.141755822690665 0.0635973885655403 0 0 0 0 0 0.200000002980232 5.02526746548673 0.400000005960464 0.792719503771078 1.76359739992051 1.94903634352488 0.963597416717024 0.385438960943322 0 0 0 0 0 0 0 0 0 0 0 0 0 0 0 0 0 0 0 0 0 0 0 0 0 0 0 0 0 0 0 0 0 0 0 0 0 0 0 0 0 0 0 0 0 0 0 0 0 0 0 0 0 0 0 0 0 0 0 0
0.200000002980232 0.400000005960464 0.400000005960464 0.800000011920929 1.40000003576279 2.20000004768372 2.5383300192332 1.95289098188872 0.800000011920929 0.767452023925631 1.09233167834681 1.55124819813434 0.0635973885655403 0 0 0 0 0 0.192719480471661 0.385438960943322 0.385438960943322 0 0 0 0 0 0 0 0 0 0 0 0 0 0 0 0 0 0 0 0 0 0 0 0 0 0 0 0 0 0 0 0 0 0 0 0 0 0 0 0 0 0 0 0 0 0 0 0 0 0 0 0 0 0 0 0 0 0 0 0 0 0 0 0 0
