rasters/edaphic/S_PH_H2O.asc
NCOLS 720 
NROWS 300 
XLLCORNER -180 
YLLCORNER -60 
CELLSIZE 0.5 
NODATA_value -9999 
[rows 132 to 164 of 300, columns 296 to 369 of 720]
0 0 0 0 0 0 0 0 0 0 0 0 0 0 0 0 0 0 0 0 0 0 0 0 0 0 0 0 0 0 0.165824414213602 1.57727103112942 5.97644546222692 8.00546039527169 8.30000019073486 8.13080084140844 5.51105770967619 1.4637858199454 0.573957149948626 0.976047111362097 1.11404709408875 0.695023557403584 0.275999993085861 0 0.486000001430511 0.648000001907349 0.492042835335027 0.528214148940975 1.68993859581014 3.52087810924955 8 7.80416388593905 7.08854764439984 7.47002148254813 8 8 6.41164892877743 4.08736615740286 6.45824427109647 8 8.15000009536743 8 8 8 8 8 8 7.88933606090739 7.82526746413382 7.81303618341193 4.55511771512855 1.13575166614805 0.641036435099858 0.156000003218651
0 0 0 0 0 0 0 0 0 0 0 0 0 0 0 0 0 0 0 0 0 0 0 0 0 0 0 0 0 0 0.815580301252494 5.26470231750591 7.37738566862686 6.16343594344206 2.90422689811708 1.93761442392423 0.799785815957889 0.159957160319834 0.413999989628792 6.69403411260728 6.79450532355103 0.552000001072884 0 0 0.0181285000862217 0.208299828301307 1.05642829571219 2.94285658558389 8.30000019073486 8.00347266509857 7.47002148254813 8 8 8 8 8 7.07494647076208 8 8 8 8.30000019073486 8.00719672782097 8.00719672782097 8 8 8.01092079054337 8 4.21193998877333 1.89582868107124 2.51365303106703 5.40642419531871 5.54903661058056 4.42178156838121 0.468000009655952
0 0 0 0 0 0 0 0 0 0 0 0 0 0 0 0 0 0 0 0 0 0 0 0 0 0 0 0 0 0.177473249793363 2.01094651770654 7.97633829872811 5.86673021415911 1.68157164594145 0.159957160319834 0 0 0.177473249793363 1.07970026302325 2.36760599240092 2.3443083212414 1.33692931547469 0.159999996423721 0 0.995999962091446 2.70149913442036 6.22055691991366 8.30000019073486 8.30000019073486 8.2485781070774 8 8 7.80508566276132 7.80416388593905 7.4299786128193 7.97997856513558 8 8 8 8.15000009536743 8.30000019073486 8.30000019073486 8.30000019073486 8.2922100322528 8.28907940019149 8.19889235596923 8.14089944236733 6.07107502057464 2.78493373249962 3.14004302571184 7.64099357172707 3.65046682936692 4.85570871868549 0.46232120206672
0 0 0 0 0 0 0 0 0 0 0 0 0 0 0 0 0 0 0 0 0 0 0 0 0 0 0 0 0 1.10863383443864 5.612205629346 7.37366160590446 2.93235117014228 0.430175586078422 0.0048779501295625 0.185336214731852 0.848633873756024 2.13147327575931 5.68736629177495 5.53319074185855 7.81944304308929 4.41010697253795 1.00077090415637 0.977473232996852 1.80800002813339 8.10058667188586 8.22748618388068 8.30000019073486 8.30000019073486 8.15546049063912 7.97819132990509 7.81781877101577 7.1022025207975 7.66294731218498 7.31241592918399 6.94004296509627 8 8 8.00546039527169 8.20142217902489 8.30000019073486 8.30000019073486 8.19050138848152 8.15546049063912 8.30000019073486 8.14627603264503 8 7.80000019073486 7.80000019073486 5.46567884627865 5.02306635089889 4.54370868461563 0.76864238655607 0.300642391258837
0 0 0 0 0 0 0 0 0 0 0 0 0 0 0 0 0 0 0 0 0 0 0 0 0 0 0 0 0.0048779501295625 1.91656527841528 7.32633820336067 8 2.37254390761347 0.148934817456487 0.849553681967144 2.24911260355298 5.71766603871728 8 7.95915962021608 6.40391645252341 4.60446023160186 4.1456103331319 5.68736629177495 7.76702328189548 1.29187150175552 4.97680074281675 2.59557156637467 3.25957159853718 5.84305772684233 5.12579988170867 8.05688247892914 8.15546049063912 8.00546039527169 8.15000009536743 8.15546049063912 8.30000019073486 8.30000019073486 8.01092079054337 8.30000019073486 8.30000019073486 8.30000019073486 8.30000019073486 8.30000019073486 8.30000019073486 8.29089953773476 7.80000019073486 7.80000019073486 7.80000019073486 5.90528497918901 1.99392715160358 1.06360597022568 0.601284782517675 0.150321195629419 0
0 0 0 0 0 0 0 0 0 0 0 0 0 0 0 0 0 0 0 0 0 0 0 0 0 0 0 0 0.13400000333786 2.10940089069947 6.69999980926514 7.95995713027117 2.4372416558132 1.30980517595808 4.70761164636983 6.93896649412051 7.76103331514462 7.97633829872811 7.04392122999698 6.86902772256751 8 8 5.32933611595808 1.56505345749793 0.78244108525863 0.319914320639668 0.159957160319834 0.159957160319834 0.651914322362203 3.2049649457416 8.30000019073486 8.30000019073486 7.6197003484251 8.15546049063912 8.30000019073486 8.30000019073486 8.30000019073486 8.30000019073486 8.30000019073486 8.30000019073486 8.30000019073486 8.30000019073486 8.30000019073486 8.30000019073486 7.80000019073486 7.80000019073486 7.80000019073486 7.64470664242121 1.99960595865038 0.30632119884807 0 0 0 0
0 0 0 0 0 0 0 0 0 0 0 0 0 0 0 0 0 0 0 0 0 0 0 0 0 0 0 0 0.13400000333786 1.17165098971828 4.15589895660981 6.92376119790238 4.31933353925452 5.27826554340741 7.54916729755075 7.32633820336067 6.70752391987173 7.37366160590446 7.90200076002042 8.00364027508654 7.84878354815333 2.98758020065922 1.25087791115781 0.154175578633841 0 0 0 0 0.165999993681908 1.47587148612711 5.34505770326289 3.43161444102476 3.42609425297472 8.10058667188586 8.13080084140844 8.21540051607165 8.12475800750392 8.1126723396949 6.67910048662267 8.22144334997617 8.30000019073486 8.28907940019149 8.28907940019149 8.29826385818558 7.81199472842409 7.80000019073486 7.27224416246433 2.23327197131619 0.450963586888256 0 0 0 0 0
0 0 0 0 0 0 0 0 0 0 0 0 0 0 0 0 0 0 0 0 0 0 0 0 0 0 0 0 0 0.110124547684195 1.66922551140927 5.93198118219747 6.62002157791556 7.76989039035309 6.70520881559206 6.74732321180892 8.00124134845476 8.00548118607025 8 6.76711940677456 3.1943511370261 0.948351142962567 0.319999992847443 0 0 0 0 0 0 0.159957160319834 0.319914320639668 0.319914320639668 0.479871480959501 1.11970013659756 1.93157164799703 1.93157164799703 1.76557163995641 1.43961445723722 1.61165729863993 5.16092919405116 3.72757176776637 6.25178589532728 8 8 8.05736451118568 7.4357035334477 5.21674091559288 1.35104499965898 0.0174732533696418 0.337473246217084 0.349122081796846 0.526595332675091 0.37241975404125 0.378244170746249
0 0 0 0 0 0 0 0 0 0 0 0 0 0 0 0 0 0 0 0 0 0 0 0 0 0 0 0 0 0 1.24854392454119 4.95000004768372 7.67766584586349 6.33094240746359 8 7.96905778327127 7.18094208235664 7.1190578786387 8 8 5.12000000476837 4.5002139554831 0.319999992847443 0 0 0 0 0 0 0 0 0 0 0 0 0 0 0 0.159957160319834 0.319914320639668 0.63408991005595 1.73087790042897 4.10758020759736 7.19454609809787 8 7.56859949425811 8 3.33233426999022 1.81824417053183 2.2982441278309 5.53319074185855 3.47648837010273 5.84154184169135 3.68492217389208
0 0 0 0 0 0 0 0 0 0 0 0 0 0 0 0 0 0 0 0 0 0 0 0 0 0 0 0 0 0 1.03417129358847 6.22115213065975 7.07548744876294 7.93477647653218 7.17110308853083 7.96905778327127 7.67766584586349 6.62233411513186 7.83027730341415 5.64351163466564 4.82603836720531 0.782526728748965 0.308351157267681 0 0 0 0 0 0 0 0 0 0 0 0 0 0 0 0 0 0 0.159999996423721 4.50603837327298 6.1351604828096 8 8 8 8 6.61241970614311 8 8 8 7.98835116659 7.98835116659
0 0 0 0 0 0 0 0 0 0 0 0 0 0 0 0 0 0 0 0 0 0 0 0 0 0 0 0 0 0 0.490239806190039 2.143787958615 6.09267780745946 7.03427377917011 7.19186310263953 6.30000019073486 6.23855257431832 3.50480080327073 2.21919991753188 1.07922905043689 0.47716058629021 0.188321229540778 0.048779501295625 0.048779501295625 0.0341456509069375 0.0146338503886875 0 0 0 0 0 0 0 0 0 0 0 0 0 0 0 0.154175578633841 0.616702314535363 3.01670229286327 8 8 8 8 8 8 8 8 8 8
0 0 0 0 0 0 0 0 0 0 0 0 0 0 0 0 0 0 0 0 0 0 0 0 0 0 0 0 0 0 0.00502356033021098 1.97095721326193 6.33640280273528 8.26359757873445 6.95718616966962 6.37280541473569 4.73052203510877 6.90000009536743 1.11863385144957 0 0.818633870415848 2.0516062383757 2.82633855762549 2.82633855762549 2.43897234056572 1.65677954134995 0.718779517984926 0.182779504633485 0.0341456509069375 0.029267700777375 0.029267700777375 0.0243897506478125 0.0048779501295625 0 0 0 0 0 0 0 0 0 0 2.38835120018303 8 8 8 8 8 8 8 8 8 8
0 0 0 0 0 0 0 0 0 0 0 0 0 0 0 0 0 0 0 0 0 0 0 0 0 0 0 0 0 0 0.276770891975369 2.93857592995775 8.30000019073486 7.28842463462025 6.29334872479737 6.12394459353601 4.64962798179178 5.38008570372934 2.21390037967799 0.543011895278824 2.14205142839716 6.69999980926514 6.69999980926514 6.67073211282729 6.69999980926514 6.69999980926514 5.02141328986191 2.95546055339891 2.43897234056572 2.17326774984361 2.3098503447923 2.11731494640898 1.11590157786894 0.426389760661393 0.0048779501295625 0 0 0 0 0.0135981294550828 0.0302540780057543 0.0419757200419427 0.0326167413591431 1.72714347058495 7.92719477599917 8 8 7.54493999090168 7.91263372772738 7.91263372772738 7.91263372772738 7.91263372772738 6.40077741587834 6.92692492929534
0 0 0 0 0 0 0 0 0 0 0 0 0 0 0 0 0 0 0 0 0 0 0 0 0 0 0 0 0 0 0.814453998360646 4.76738179003383 8.22719496673403 6.32184175446349 6.68912425973247 6.30000019073486 5.801297355833 6.88495187415424 4.97208520328577 2.15401935945322 6.43527616030694 6.64459503543217 5.12814973162471 6.55693755035243 6.69999980926514 6.69999980926514 6.69999980926514 6.69999980926514 6.69999980926514 6.65041945647669 6.65609826460837 6.69999980926514 6.69999980926514 2.37555905282558 0.852779519153021 0.182488283147306 0.17332339751861 0.674629597943375 1.15339621513319 1.59541545283493 2.11455692019811 2.39420430325778 2.14646698918244 2.82675382109046 4.90620975770413 7.91263372772738 7.17724625407599 5.59999990463257 5.57553735186786 5.57146025974041 5.42847982503899 5.63822264549719 6.61177711608423 5.63979919656976
0 0 0 0 0 0 0 0 0 0 0 0 0 0 0 0 0 0.0120856667241478 0.0120856667241478 0.00604283336207391 0 0 0 0 0 0 0 0 0 0 1.42492503010296 6.59271961891525 6.30067056125424 6.92779703846227 6.69622920280204 5.34003235688583 6.64008151964523 6.29368313613631 6.90000009536743 5.62997866262942 6.26177744119118 3.39924637188033 1.82281366215594 2.01536184343629 4.05763594381911 6.6599569395363 6.68143447749209 6.66840234961692 5.25853098856357 3.57529759993973 6.63578560391824 6.69999980926514 6.69999980926514 6.69999980926514 5.02141328986191 2.94775175867262 2.87880100027527 4.71777320336602 6.2745183519197 5.83001511212949 5.59999990463257 5.59999990463257 5.59999990463257 5.61274082404015 5.59999990463257 5.59999990463257 5.59999990463257 5.59999990463257 4.58384581903496 4.47592280773674 5.59999990463257 6.38377719047083 6.25 6.47282909419008
0 0 0 0 0 0 0 0 0 0 0 0 0 0 0 0 0 0.331999987363815 0.477027997275089 0.165999993681908 0 0 0 0 0 0 0 0 0 0.00436831334241045 1.88252942397838 5.82613618490838 6.9850580893063 7.71627417619066 7.74903653046266 6.5256680199334 7.84456067407471 7.67339726260355 6.90000009536743 6.90000009536743 5.78302367722092 6.30000019073486 1.24481371267899 1.42991014455215 5.59999990463257 5.59999990463257 5.58529324778745 5.59999990463257 4.78471941630746 3.95747307546953 4.69626106777951 6.69999980926514 6.69999980926514 6.69999980926514 6.69999980926514 6.6927192938083 6.68543877835146 6.28725927132728 5.59999990463257 5.59999990463257 5.59999990463257 5.59999990463257 5.60752401523916 5.60752401523916 5.59999990463257 5.59999990463257 5.59999990463257 5.59999990463257 4.6001541918843 3.75026132507532 6.64999985694885 5.32407702537025 5.59999990463257 6.25
0 0 0 0 0 0 0 0 0 0 0 0 0 0 0 0.00604283336207391 0.178085660406055 0.676085642536661 0.663999974727631 0.165999993681908 0 0 0 0 0 0 0 0 0.00444111871395528 0.546911482549723 2.69188501537632 5.66889263340533 5.91356024954445 7.74398731429152 6.75406227717091 5.32912227859938 5.19050138848152 7.02145917543809 7.44089939468361 6.90000009536743 6.30000019073486 4.72490364851144 1.90973460231314 3.72932759650456 4.06209863052706 5.59999990463257 5.34800004959106 5.59999990463257 5.59999990463257 5.59999990463257 3.46660819714882 5.70258384495275 7.58900628884555 6.6927192938083 6.30000019073486 6.30000019073486 6.30000019073486 6.15000009536743 6.29594874522684 5.8468074770451 5.93725912827614 5.61613749529787 6.87633839409554 6.44164328231159 5.82282899882265 5.60752401523916 6.33333864675198 5.61365478970929 5.59999990463257 5.59999990463257 6.64999985694885 5.59999990463257 5.59999990463257 5.59999990463257
0 0 0 0 0 0 0 0 0 0 0 0 0 0 0 0.165999993681908 0.636985157594923 4.34301490618205 0.331999987363815 0 0 0 0 0 0 0 0 0 0.4675696044791 2.05691038919244 6.66629255053144 6.532762354272 6.5 5.79040446330911 5.48616204855763 5.73765949055376 6.90000009536743 6.53964729986079 6.71003360146027 6.87871781888168 6.13840090617508 4.97665953902403 4.50256963975053 3.35469987071405 4.806519806717 6.61177711608423 6.61177711608423 5.59999990463257 5.59999990463257 5.24229120199739 6.7254816480803 6.75096348689546 6.96545151918874 7.16359766542282 6.30000019073486 6.30000019073486 4.83789041758494 6.08317526378093 5.60636646309933 5.6400427743614 5.61365478970929 6.30660765700799 6.65756074541348 6.86881428348894 6.70083270244925 5.62366160590446 6.88386250470213 5.95000004768372 5.59999990463257 5.95000004768372 6.65405130245687 5.59999990463257 5.59999990463257 5.59999990463257
0 0 0 0 0 0 0 0 0 0 0 0 0 0 0 0.165999993681908 0.491957147683649 0.651914308003483 0.319914320639668 0 0 0 0 0 0 0 0 0 0.615000002086163 5.47770882195792 6.77658731134435 6.76044972067905 6.39275598385336 6.49453960472831 5.76638116845694 5.82121562684745 6.13634502571676 5.02361007001612 6.10955435074523 7.17375862644431 6 6.01820130600021 4.85910067790516 4.75670348734442 5.86856280421305 5.60728042876846 5.60752401523916 5.59999990463257 5.60910055763267 5.85910055763267 6.09999990463257 7.10000014305115 7.08842457825747 6.20000004768372 6.30000019073486 6.32518084447385 4.07395886885449 5.51995681991123 6.30322926068368 5.97730199800497 5.9818932894028 6.46880589571456 6.40542379443315 6.32184175446349 5.6098391281979 6.41373853834049 7.19999980926514 5.59999990463257 5.59999990463257 5.93725912827614 6.97510475274741 6.2745183519197 5.60910055763267 5.92660287176854
0 0 0 0 0 0 0 0 0 0 0 0 0 0 0 0 0 0 0 0 0 0 0 0 0 0 0 0 0.480623105325569 2.28348436085424 8.22882503202512 7.48778835713366 6.23126706754392 5.90751106956208 5.61757532143531 6.04921405190258 5.89795185376833 5.87382503163224 5.74409068867241 6.15364035309585 6.90000009536743 6.46638122481972 5.14266936850367 5.08146037657786 5.99752461953724 6.032762354272 6.50463022591747 5.93570352476864 6.09999990463257 6.09999990463257 6.09999990463257 7.10000014305115 6.10364017104004 6.30000019073486 6.30000019073486 6.12721206289361 5.28962451731427 5.83001511212949 5.98784030124762 6.26638116845694 6.06415229821978 5.89397134094741 6.86020080343024 7.29536973507787 7.24563985052588 6.29999995231628 5.62548173476867 5.59999990463257 5.59999990463257 5.59999990463257 5.59999990463257 5.76429651423602 5.59999990463257 6.01429651423602
0 0 0 0 0 0 0 0 0 0 0 0 0 0 0 0 0 0 0 0 0 0 0 0 0 0 0 0 0 0.82228903638567 5.02808071473152 5.47815843627137 6.47605220514411 7.07715822900526 5.70546043427634 5.05327885488301 5.2686951766984 5.05467210117134 5.02256475088917 5.57241768937591 6.90000009536743 6.90000009536743 6.60426628997703 6.032762354272 6.46638122481972 6.90000009536743 6.90000009536743 6.10463013055004 6.09999990463257 6.09999990463257 6.09999990463257 7.06293495432636 6.14453970009575 6.09857801170997 6.25031443962669 5.98187150262598 5.24446918285444 6.46154691199851 6.69999980926514 6.69999980926514 6.6824610799893 6.67997837440072 6.68634493286748 5.65096356490477 6.77303580339537 6.85267669282364 5.64732330717636 6.22633829872811 5.59999990463257 5.59999990463257 5.59999990463257 5.59999990463257 5.59999990463257 5.86456095290436
0 0 0 0 0 0 0 0 0 0 0 0 0 0 0 0 0 0 0 0 0 0 0 0 0 0 0 0 0 0.446010881597873 3.46205531522899 4.86740525207321 4.95182017654792 5.01878013157522 4.95364030541213 4.94798606595653 5.44155416893392 5.42731215767917 5.91969414744623 5.46440130579973 6.422965144617 6.38046558302596 6.90000009536743 6.90000009536743 6.90000009536743 6.90000009536743 6.83757280846537 4.7476455112915 4.01199145203276 6.08531640351694 6.0153206393751 6 6.14453970009575 6.13543904709564 6 5.64170390923762 6.85000014305115 6.70000004768372 6.69999980926514 6.69999980926514 6.60364016236099 6.59884235249273 6.36274081536109 6.8072807061917 6.78361877518028 7.27087786445176 6.90000009536743 6.2572805241359 5.60728042876846 5.59999990463257 5.59999990463257 5.59999990463257 5.59999990463257 5.64012657935538
0 0 0 0 0 0 0 0 0 0 0 0 0 0 0 0 0 0 0 0 0 0 0 0 0 0 0 0 0 0.425801255662483 3.32967630042959 4.96935895098933 5.58276031978891 5.04004286972883 5.07290228354533 4.99186304627676 6.87087799882385 5.21119121583802 4.75304955256872 5.97895467841508 5.96099682338888 5.45171545234076 6.90000009536743 6.90000009536743 6.83163598492736 3.41595710070726 2.49331493464094 2.56079669981767 6 6 5.9908993469999 6 6 6 6.01274091072852 5.84410727846514 6.21154671874549 6.77193840221267 6.69999980926514 6.32505339486584 6.05182008118049 6.14387693879742 6.86723774109543 6.66363407804464 7.2781583799086 6.79718205278896 6.38004138243523 6.016381177136 6.47282909419008 5.60910055763267 5.59999990463257 5.64732330717636 6.26820130600021 6.32632813400245
0 0 0 0 0 0 0 0 0 0 0 0 0 0 0 0 0 0 0 0 0 0 0 0 0 0 0 0 0 0.229334055720498 1.69227894897442 4.85828209632909 5.18751101583284 5.89143092073574 5.52997874719139 4.48247694364555 2.09955463108027 1.65777723856577 4.2332460621278 2.23688592630868 1.77055617427998 2.21619912177764 4.81758879874751 3.06468515199053 2.01702798192207 1.27993572657222 1.41737477986906 4.6219487500061 6 5.5 6 6 5.99710611531088 6.0091006530001 5.91621231227595 5.86894145646983 6.4927194758641 5.77912208786452 6.67815824553651 5.40364035309585 5.51737893912006 5.5 7.05943602899466 6 6.15000009536743 6.72656320637928 6.90993091772175 6.15426624229331 6.89817996650322 6.12730186363288 6.12622810780796 6.90000009536743 5.62908538735283 6.02369824071135
0 0 0 0 0 0 0 0 0 0 0 0 0 0 0 0 0 0 0 0 0 0 0 0 0 0 0 0 0 0 0.876858666367484 2.79618568302859 4.83857665732485 5.34815667593637 3.90014973135734 1.2053106340525 0.117558882656952 0.136830833575862 0.273661667151723 0.273661667151723 0.00364026125428567 0.98415419630704 3.3021413789113 1.29845826423266 0.718424003202308 1.50743915174666 4.88599153622226 4.74411567347713 6 5.50578777805731 6 5.98725908927148 5.73179869399979 6.5 6.5 6.5 6.22556552604729 5.59715588904786 6.08725899390405 5.5 5.5 5.39723553748354 5.3270145093612 5.59464680508757 8.00171331865374 7.37173223917479 6.00546039527169 6.41456114363922 6.04366662121814 6 6.6104282781448 5.81712750249158 5.80720798027211 4.96728984243738
0 0 0 0 0 0 0 0 0 0 0 0 0 0 0 0 0 0 0 0 0 0 0 0 0 0 0 0 0 0 0.435379027420797 1.34233841778914 4.2199395430989 3.5708851462334 4.10662390437793 0.981036408873815 0.110920785524194 0 0 0 0.100000001490116 1.55824418006857 5 3.85910067790516 1.9749207728524 4.89224844909366 2.7297772668743 5.95000004768372 5.47002148254813 5.99421222194269 6.14421231731012 5.67366179663933 5.04922732772292 6.44539608199938 6.48263667450713 5.57539878752555 5.74732344154844 5.79529672917197 5.75 5.5 5.5 5.52184156372863 7.86889807980387 6.91300185860977 5.40000009536743 6.33270431706011 6.22912213554824 5.25088320681004 6 6.00057878040945 6.04999995231628 5.91145235560016 6.32087782544711 6.01092078186431
0 0 0 0 0 0 0 0 0 0 0 0 0 0 0 0 0 0 0 0 0 0 0 0 0 0 0 0 0 0 0.122000001370907 0.479117768055717 0.759254820793005 1.19419274397178 3.06431678794169 3.5034486805892 1.11013067577104 0.324528972920614 0.010920783762857 0.0145610450171427 0.121841569287051 1.71820134934439 5 5 7.74885644346789 1.73089936193937 2.47786721150887 5.93179874168351 5.99817987113579 5 5.62385568850696 6.24721640159845 6 6.5 5.71712759785901 5.61429665728717 6.52087786445176 6.71177725913538 6 5.8784784440328 5.72800167250771 6.10477218042339 6.23788496978988 6.61604557332229 5.28217659074576 6.3542082917698 5.08042014012671 5.01134905785743 6 6 6.03467954268071 6 6.09817977576836 5.45952885640445
0 0 0 0 0 0 0 0 0 0 0 0 0 0 0 0 0 0 0 0 0 0 0 0 0 0 0 0 0 0 0 0 0 0.164942178368214 1.11751602455796 4.75995452743189 4.98080872581074 1.81175700452894 0.88736627985402 0.829122101955214 1.43468967588851 2.75824422341276 5 5 5 3.99593146840486 4.05567454138125 5 5.48179869399979 4.99751729441142 4.86935904635676 5.58822512951496 5.97997856513558 5.99305466980285 5.81145222122807 5.45000004768372 5.71541752554285 6.20520904533158 6.2350092739874 3.98364843001822 3.63763419281991 5.50231511295874 6.0328594138165 5.63531654010582 6.65000009536743 6.09999990463257 4.37301012322453 5.15680273925088 6 6 6.0328594138165 6 5.55556750355765 5.06820125831649
0 0 0 0 0 0 0 0 0 0 0 0 0 0 0 0 0 0 0 0 0 0 0 0 0 0 0 0 0 0 0 0 0 0 0.284176636784017 1.17962518086136 3.20884464882913 4.98543895172821 3.64710922497651 2.45934060692541 5 5 5 5 5 5 4.98907921813569 5 5 4.96935895098933 4.99271948454316 4.90000009536743 5.03712556074238 5.36380162802708 5.09294750191062 5.52730195900031 5.8599572256386 6.30000019073486 5.52366170127189 6 4.86219446624433 5.40000009536743 5.42548191682448 5.50631691910186 5.77133878583909 6.09999990463257 5.91180068595086 5.40000009536743 6 6 6 6 6 5.54999995231628
0 0 0 0 0 0 0 0 0 0 0 0 0 0 0 0 0 0 0 0 0 0 0 0 0 0 0 0 0 0 0 0 0 0 0 0.248942177235726 1.32158453356344 4.44481363902702 5 4.32303057664297 4.90586271674683 4.19017559730881 4.9709738678121 5 5.006122963317 5 4.49533620638978 5 4.90000009536743 5 4.90000009536743 5.29999995231628 5.43712541769123 5.29516567598158 5.15000009536743 6.4908993469999 5.57184175446349 6.28137989448098 6.15910074836754 6 5.71092082954803 5.63001507312484 5.40000009536743 5.98907921813569 5.70347271278229 5.73237526152309 5.60843288094594 5.70000004768372 6 6 6 6 6 5.70810629068762
0 0 0 0 0 0 0 0 0 0 0 0 0 0 0 0 0 0 0 0 0 0 0 0 0 0 0 0 0 0 0 0 0 0 0 0 0.566389722670115 3.33058675804977 4.99635974227158 4.9927194758641 4.18853799722933 3.88524253857914 3.51073117134726 5.00364025772842 5.03552266387291 5.06310222688556 3.60089936333891 5 4.80000019073486 4.90000009536743 4.95546043427634 5.1927192938083 5.19999980926514 5.01273310825446 5.25724388177455 5.18641050984191 6.10085657263849 4.82159035683966 6.05776484603258 6.03640261200042 6.01456104827179 5.70575192008591 5.38907931350312 5.75 6.04817982345208 5.13478599244819 6.00546039527169 5.71092082954803 6 6 6 6 6 6
0 0 0 0 0 0 0 0 0 0 0 0 0 0 0 0 0 0 0 0 0 0 0 0 0 0 0 0 0 0 0 0 0 0 0 0 0.236505343853165 2.33850096063702 4.29635969458787 4.80728047645218 5 4.79999995231628 4.79999995231628 5.09999990463257 5.09999990463257 5.0536402100447 4.0128110019156 4.97036827344978 4.8072807061917 4.99817987113579 5.12779693805853 4.99271948454316 5 4.8072807061917 6 5.40000009536743 4.80000019073486 5.70546020453682 5.45546043427634 6.12256465552174 6.12256465552174 6 5.48736612709507 5.30802998193577 4.96737154800991 3.75006965312483 6 6 6.00289388468912 6 5.99126337277274 6 6.00008379631492 6
0 0 0 0 0 0 0 0 0 0 0 0 0 0 0 0 0 0 0 0 0 0 0 0 0 0 0 0 0 0 0 0 0 0 0 0 0.0693790089493563 0.789875791795685 2.78677510660136 5.0220013538844 5 4.80728047645218 4.85546029990425 5.09999990463257 5.09875855617781 4.14739192637817 3.36472379528567 4.99635974227158 4.94817991881951 4.95000004768372 5.21005176216068 4.81456122164854 5 5 5.84573375770669 5.42633835509088 4.80000019073486 4.99271948454316 5.42633835509088 5.97121310607423 6 6 6 4.84753754325062 3.11403206126626 5.0075241106066 5.98437338025596 6.25 6.00620676831098 6 5.73561530082114 5.99726980236416 5.95056564651565 5.85364017104004
