rasters/edaphic/S_PH_H2O.asc
NCOLS 720 
NROWS 300 
XLLCORNER -180 
YLLCORNER -60 
CELLSIZE 0.5 
NODATA_value -9999 
[rows 132 to 164 of 300, columns 444 to 517 of 720]
8.1328595655467 8.10000038146973 8.08467951235511 8.00535357638215 8.10000038146973 6.48195732493025 6.50152024171821 8.10364016236099 8.16541733480799 8.19089915626503 7.08570362013607 7.25 8.10364016236099 6.92432675585312 8.16541733480799 8.10364016236099 8.13428144111118 7.28458247445715 7.21714081592302 8.17575154246785 7.20983950098857 8 6.62233411513186 6.44555768865506 8.00209876833543 2.12600004673004 3.36955050882967 8.19999980926514 3.3794904746053 1.17185013241285 4.41223130355281 4.23836405246646 0.162000000476837 0 0 0 0 0 0 0 0 0 0 0 0 0 0 0 0 0.318102777792249 1.59051388896124 3.51092488716783 8.01713797235465 8.11790027265424 8.16492227774045 7.94766711365368 8.1693590073521 8.18874197563236 8.29271967527803 7 7 7 6.61075309386704 6.61092068649688 7.63361890955237 8.10000038146973 8.10000038146973 8.10000038146973 8.10000038146973 8.10000038146973 7.76466821292053 8.09271984865477 8.09503496161351 8.10000038146973
8.10000038146973 8.10000038146973 7.63099036759431 8.06714073791371 8.01629136771767 6.47628284745872 6.50000866999935 8.15182021555258 8.19999980926514 7.94189692692815 6.30000019073486 8.19999980926514 8.16207847453715 6.59109096042459 6.33458266519201 7.28458247445715 8.19999980926514 8.19635955153672 8.1927192938083 8.24817986245673 8.03285918407698 8 8 6.58859181233972 3.24976533818151 3.30047969893065 8.19999980926514 8.19999980926514 8.19999980926514 2.89950335434013 1.34011138399372 0.678141364973497 0.185952919980263 0.00597002853297026 0.0119400570659405 0.0119400570659405 0.00597002853297026 0 0 0 0 0 0 0 0 0 0 0 0 0 0 0.630308332423072 2.53340114934483 7.99605610339291 6.61177014728024 7.22002125280861 7.68083504240665 8.15631714128693 8.05995749438278 7.53634530565814 7 7 7.19520199939688 6.04368312745725 6.32552627245336 8.08361919565467 8.10000038146973 8.10000038146973 8.10000038146973 8.10000038146973 8.09271984865477 7.69999980926514 7.75036136384075 8.07451854265457
8.10182050165488 8.11350065356203 8.11838225974521 8.10124172992449 7.27030844383654 6.48462902186176 6.98817128078902 8.10364016236099 7.28458247445715 7.16429637986393 6.33458266519201 8.18900303355997 7.25 6.30000019073486 7.25983921488627 8.09999990463257 8.065718827633 8 8 8.1927192938083 8 8 8 8 8 8.09635964690415 8.19635955153672 8.19999980926514 8.19999980926514 8.19999980926514 4.09122072051799 3.30107081181563 2.0874005589049 0.679880131166811 0.690402615455037 0.803929105663917 0.333261250661578 0 0 0 0 0 0 0 0 0 0 0 0 0 0 0 0.636679136964254 2.00695530870199 4.08708237835641 6.97081599429779 7.11595586074234 7.13428121137166 7.19999980926514 7.19999980926514 7.0075241106066 7.00636655846676 7 7.15631668180789 5.97020753293704 7.44999980926514 8.09271984865477 8.08543931583982 8.08543931583982 7.83325715127441 7.94308111712809 7.54627589827294 7.41820140136764 7.4231668125448
8.11311435486712 8.15124144382219 8.17163227879257 8.15000009536743 8.10000038146973 6.17800948047765 8.07890606913563 7.28458247445715 8.19999980926514 8.18900303355997 7.25 6.33094240746359 7.15000009536743 6.63302995285849 8.09999990463257 8.10364016236099 8 8 8 8 8 8 8 8 8 8.03428153647861 8.09635964690415 8.19817968907999 8.19999980926514 8.19999980926514 8.19999980926514 8.19999980926514 8.12835947120902 1.98980732817945 2.18592666835808 4.90412060115472 0.48936402797699 0 0 0 0 0 0 0 0 0 0 0 0 0 0 0 0 0.885012835264206 7.72290480656775 7.10364016236099 7.18678582038708 7.19999980926514 6.90937126128352 7.19999980926514 8.07638467053163 8.10000038146973 7.04004288708695 6.85778814099412 6.67047728754353 7.52038279002611 8.10000038146973 7.96856295594325 7.77584320265591 7.42548193418259 7.41092086855269 7.69999980926514 7.42389411693552 7.90728062818239
4.34005997617424 8.02940580927316 8.1834380511748 7.05912420716526 5.14631196958159 5.47078228336126 8.19999980926514 8.19999980926514 7.13881455840689 6.33458266519201 7.21541752554285 7.18209987291506 7.57567324414688 8.19999980926514 8.00479781854732 8.09635964690415 8 8 8 8 8 8 8 8 8 8 8.10115746545146 8.09818024392646 8.19635956889484 8.19999980926514 8.19999980926514 8.19999980926514 8.19999980926514 2.94799995422363 5.02141731833503 1.77883427830294 0.319417146304026 0 0 0 0 0 0 0 0 0 0 0 0 0 0 0 0 0.868085153511963 2.59601215914379 7.1435029667927 7.22002125280861 7.19999980926514 7.19999980926514 7.19999980926514 7.18406231432408 8.10000038146973 7.90000009536743 7.71456087489504 7.71456087489504 7.69999980926514 8.08543931583982 8.08543931583982 8.08543931583982 7.90231520832617 7.69999980926514 7.69999980926514 8.09271984865477 6.30065098918765
2.25883429520666 5.86104904509967 8.18103914190114 6.1834747253474 6.17806055526976 7.03314369676295 8.19999980926514 7.92451798780809 6.30000019073486 7.28458247445715 6.33094240746359 8.09999990463257 8.19884226580436 8.19635955153672 8.09635964690415 8 8 8 8 8 8 8 8 8 8 8.0011575608189 8.19999980926514 8.13428144111118 8.19999980926514 8.19999980926514 8.19999980926514 8.19999980926514 8.19999980926514 3.09471521341245 0.798205556061335 0.636205555584498 0 0 0 0 0 0 0 0 0 0 0 0 0 0 0 0 0 0 0.582274061736766 2.44330612706713 8.19567030269342 5.27358021184089 7.16112182982055 7.30718760649092 3.86667661252828 8.02792320033552 7.95814495196848 7.90303824739926 7.00669169425964 8.10000038146973 7.96856295594325 7.83481040877899 8.03871782396934 7.71456087489504 7.77584320265591 8.10000038146973 8.10000038146973 6.81369191388732
1.96169161560168 6.70024389304898 8.10129340703753 7.07408551731115 8.14942132363704 8.1322807764582 8.19884226580436 7.28458247445715 6.3219937421452 6.96626574828702 8.03792179420703 8.06492281522881 8.16935898999398 8 8 8 8 7.96505349109095 8 8 8 8 8 8 8 8.16935898999398 8.10364016236099 8.19999980926514 8.19999980926514 8.19999980926514 8.19999980926514 8.19999980926514 8.12299023632119 4.74761498998808 0.162000000476837 0 0 0 0 0 0 0 0 0 0 0 0 0 0 0 0 0 0 0 0 0.645871489000129 1.46982862459003 8.05224400498927 5.25491654020223 1.8147882574674 1.70607738869171 5.74090813010683 7.1672379318303 6.65000009536743 7.46613786808853 7.67282938029237 8.09271984865477 7.95400189031335 8.09271984865477 8.09271984865477 8.10000038146973 8.10000038146973 7.58351193889702 8.10000038146973
2.6800215293308 8.10000038146973 8.04712061929857 8.18103915925926 6.57112189187283 7.25 8.19999980926514 8.1927192938083 8.065718827633 8 8 8.03301910167627 7.93068942515426 8 8 8 6.29516056864029 6.21087792167222 8 8 8 8 8 8 8.10364016236099 8.19999980926514 8.19999980926514 8.19999980926514 8.13428144111118 8.19999980926514 8.19999980926514 8.12828667126189 3.0591597600243 1.10906982323586 0.156102777315412 0 0 0 0 0 0 0 0 0 0 0 0 0 0 0 0 0 0 0 0 0 0.479871480959501 0.959742990636443 0.799785815957889 0.159957160319834 1.04924196522275 5.33735631831259 6.30000019073486 7.23276264037429 7.90728062818239 7.845998070682 7.70728034208009 8.08543931583982 8.10000038146973 8.10000038146973 8.10000038146973 8.06723802719773 7.23276264037429 7.75000023841858
2.07630831239591 7.9997475812162 6.85441955783514 8.10000038146973 6.04499759407674 8.13477651553684 8.19999980926514 8.00364025772842 7.88948166948071 7.83109188083882 7.82584990276665 3.66934470876243 3.18337466441062 3.78575580181162 7.91263373206691 7.90695492393524 2.21699350025876 1.73684792896194 3.656848004171 6.71446683339141 8 8.03792179420703 7.84276726148596 7.84925051074241 8.19999980926514 8.19999980926514 8.19999980926514 8.19999980926514 8.19999980926514 8.19999980926514 8.19999980926514 5.89802989504188 1.13605997355885 0 0 0 0 0 0 0 0 0 0 0 0 0 0 0 0 0 0 0 0 0 0 0 0 0 0 0 0.986164038431011 6.81805095759677 6.54668730711301 6.64635983763901 7.86964693825447 8.10000038146973 8.10000038146973 8.10000038146973 8.10000038146973 6.95699228032014 8.03447567292573 6.94657427634536 6.33276254500686 7.52869010537465
0.791229122417614 1.7520770582937 3.04261661048671 3.00630826211359 5.40769511696614 7.25 8.19999980926514 8 4.224076652974 1.88587957104498 2.0751691623151 5.3477516188978 4.47856938260529 0.804436822454107 1.92501923822275 2.75695940517566 1.92589307706897 1.34757611709745 3.1680103587517 8.00364025772842 8.10364016236099 8.19999980926514 8.19999980926514 8.19999980926514 8.19999980926514 8.19999980926514 8.19999980926514 8.19999980926514 8.19999980926514 8.19999980926514 8.19999980926514 5.40005988380625 0.650029989586842 0 0 0 0 0 0 0 0 0 0 0 0 0 0 0 0 0 0 0 0 0 0 0 0 0 0 0 0.951584564834955 4.82554921000823 6.79710629736668 6.66634463014209 7.42269831842292 7.89114303751709 8.08543931583982 8.03408758069375 8.09768525983193 8.10000038146973 8.09271984865477 6.33912909479456 6.50856917463169 6.3400430604637
0.442843861228299 0.15589722912189 0.648000001907349 4.62141343729595 2.95226979594872 7.25 8.1927192938083 8.09635964690415 5.97028967896244 2.00546687334443 1.90800660803464 4.97056939511026 1.61611987373277 1.2674005947749 2.56746048779626 5.98758031761202 6.44625262743296 6.28559394312986 8.03560210709841 8.19999980926514 8.19999980926514 8.19999980926514 8.19999980926514 8.19999980926514 8.19999980926514 8.19999980926514 8.19999980926514 8.19999980926514 8.19999980926514 6.30644948587712 3.06226980055493 1.61014990263468 0.322029980526936 0 0 0 0 0 0 0 0 0 0 0 0 0 0 0 0 0 0 0 0 0 0 0 0 0 0 0 0.680767149256387 4.50129834959719 6.37660292813131 7.4263385848304 6.63094213871942 8.10000038146973 7.90728062818239 8.09271984865477 8.10000038146973 7.77087778279969 7.89768474399012 8.10000038146973 7.37997866050302 7.37997866050302
2.03838125905173 0.809794424388341 0.636205555584498 0.762205542709894 2.71243250528783 7.15364035309585 8.19635955153672 8.00612297199606 8 5.34240899036126 5.1935760689814 1.650556801391 1.01982019837754 4.87762726237104 6.09726765976938 8.19999980926514 8.19768470498546 7.80000019073486 7.99271948454316 7.99271948454316 8.18543877835146 7.93143738652181 8.1927192938083 8.19999980926514 8.19999980926514 8.19999980926514 8.19999980926514 8.19999980926514 8.19999980926514 2.26614980588473 0.158029975996983 0 0 0 0 0 0 0 0 0 0 0 0 0 0 0 0 0 0 0 0 0 0 0 0 0 0 0 0 0 0.397413280285315 4.06003429016639 6.25267678819108 6.73447548219087 7.6461820393193 8.10000038146973 8.10000038146973 7.90728062818239 8.10000038146973 8.10000038146973 7.90728062818239 7.76021619235422 6.30000019073486 6.32698079997222
8.01096628913979 1.6232891292947 0.163644547296398 0.00917345837164871 1.94217565238839 8 8.19635955153672 8.12931604729214 8.06935908536141 8.00364025772842 3.47008836853982 2.56373024400534 6.08402048821795 6.38466290819423 8.1927192938083 7.99271948454316 7.80000019073486 8 7.80231529501454 7.8072807061917 7.8072807061917 7.80000019073486 7.80000019073486 8.12415668033012 8.19999980926514 8.19999980926514 8.12835947120902 4.04029973851216 2.25420986368855 0.966089941580807 0 0 0 0 0 0 0 0 0 0 0 0 0 0 0 0 0 0 0 0 0 0 0 0 0 0 0 0 0 0 0.121413272840734 1.6112853327177 5 5 7.08136199925109 8.09271984865477 8.10000038146973 8.08725946206215 8.09768525983193 7.90000009536743 8.08543931583982 5.49100662536847 6.30000019073486 6.30000019073486
5.70916071146889 5.22704201736328 1.2613527623826 1.1619336746046 2.32921767111304 5.66106356580386 8.08589143760234 8.1927192938083 8.1927192938083 8.19751711235562 5.76972694595895 6.66788004505202 7.28458247445715 7.57567324414688 8.00496541117716 7.93143738652181 7.80463039929422 8.00728051545684 8.19999980926514 8.19999980926514 8.19999980926514 7.93712541769123 8.19999980926514 8.19999980926514 8.13403828368023 8.19999980926514 5.29259937672208 0.802089937050854 0 0 0 0 0 0 0 0 0 0 0 0 0 0 0 0 0 0 0 0 0 0 0 0 0 0 0 0 0 0 0 0 0 0.943960832452289 3.76207053153008 4.99635974227158 7.45000028610229 7.77584320265591 8.10000038146973 7.8699851739728 7.74131076451902 8.07451854265457 8.10000038146973 8.09271984865477 6.30000019073486 6.30000019073486
5.52186052790734 7.99156469965262 5.04879846750824 4.43052259663536 7.57567324414688 4.72569499510762 6.69718670429876 8.03792179420703 7.86429618912907 8.19999980926514 8.19999980926514 7.90890903957541 7.57567324414688 8.18543877835146 7.8072807061917 7.99271948454316 8.19040418952862 8.18543877835146 7.86624769993337 8.1927192938083 8.1976009173496 8.12231663730451 8.02089896412485 5.77265930561344 3.05629965606732 2.24226980662261 1.28214986485733 0.158029975996983 0 0 0 0 0 0 0 0 0 0 0 0 0 0 0 0 0 0 0 0 0 0 0 0 0 0 0 0 0 0 0 0 0 0.605460379921916 4.45797685009178 4.90000009536743 5.34654363058991 8.10000038146973 8.07451854265457 7.76274115782616 7.99275613558357 7.75000023841858 7.64311734769411 7.68907903607988 6.30810307307185 6.27105995519417
1.7384324738816 5.32602155583166 2.86114778754917 5.68944316804343 8.19999980926514 7.95910046226524 7.71820111526534 8.18469239663311 7.95910046226524 8.19999980926514 8.12339684212917 8.18900303355997 8.14183163605601 8.14183163605601 7.90890903957541 8.19999980926514 7.8072807061917 7.80231529501454 7.81456122164854 8.18467939962956 6.47999017354202 2.88429972147723 1.5862697885028 0.790149879984914 0.158029975996983 0 0 0 0 0 0 0 0 0 0 0 0 0 0 0 0 0 0 0 0 0 0 0 0 0 0 0 0 0 0 0 0 0 0 0 0 0.388319677783772 3.93782432410799 4.90000009536743 6.4476851644645 7.95271324849661 7.20184887702681 7.37037522093432 7.589972203396 7.42594034888879 7.40000009536743 7.40000009536743 6.9813402792936 4.77839211524889
1.13400000333786 5.35189741554122 3.02218004217207 5.12401695091586 6.18137891028974 8.0377434728271 8.03613853232713 8.09635964690415 8.065718827633 8.06935908536141 7.99628373975167 8.10364016236099 7.22641430124802 8.19999980926514 8.19040418952862 8.18543877835146 8.18543877835146 8.19503439808798 8.19999980926514 8.19635956889484 5.12847002208282 0.482738763881955 0 0 0 0 0 0 0 0 0 0 0 0 0 0 0 0 0 0 0 0 0 0 0 0 0 0 0 0 0 0 0 0 0 0 0 0 0 0 0 0.120449673499948 1.33012419592344 4.95238538030956 5.9863686747173 6.30000019073486 7.20000028610229 7.20000028610229 6.30000019073486 6.87002157791556 7.40000009536743 7.37997866050302 7.72903233480896 6.61290737526272
1.12810278017643 8.01154202753905 5.83392742120932 1.76378158136997 2.03420977655856 5.22056424539598 2.86453795468387 7.93545834648877 8.03428153647861 8.19999980926514 8.18900303355997 8.19999980926514 7.28458247445715 8.19999980926514 7.92241271868351 7.90890903957541 8.19635956889484 8.02180741413932 7.95420034141917 3.05226969305215 1.27614985269799 0.158029975996983 0 0 0 0 0 0 0 0 0 0 0 0 0 0 0 0 0 0 0 0 0 0 0 0 0 0 0 0 0 0 0 0 0 0 0 0 0 0 0 0 0.497079210640306 3.42998539501166 4.89635983763901 6.28137989448098 6.33276254500686 7.20000028610229 6.44068544143532 6.33276254500686 7.22234463639951 6.32944039127412 8.06607314125301 7.1672379318303
0.809927197012641 5.42543900682227 8.10000038146973 1.94379442555644 3.92698057897293 0.616059963914894 0.787008008390195 2.20400237534258 6.2550764304662 7.69810368656007 8.16715857970469 8.19999980926514 7.28458247445715 8.07191227729376 6.55351664201804 5.83397616937092 2.85839971521373 2.06121964626273 1.10112974555871 0.472162729309377 0 0 0 0 0 0 0 0 0 0 0 0 0 0 0 0 0 0 0 0 0 0 0 0 0 0 0 0 0 0 0 0 0 0 0 0 0 0 0 0 0 0 0.100214130419612 1.26419695325293 4.75412127436193 5.55000019073486 6.30000019073486 7.22234463639951 6.33276254500686 7.20000028610229 8.03447567292573 6.30000019073486 7.1672379318303 7.18369190891343
0.645927192482688 2.85425274875511 8.10000038146973 2.74243681384704 0.462946480058084 0.301019284952792 0.175940061595894 0.648672405435191 2.25826771930333 6.19834187762505 5.24556784829771 8.09817978444742 7.18660499790358 4.4327357860324 1.54850099661423 0.786411109738484 0.156102777315412 0 0 0 0 0 0 0 0 0 0 0 0 0 0 0 0 0 0 0 0 0 0 0 0 0 0 0 0 0 0 0 0 0 0 0 0 0 0 0 0 0 0 0 0 0 0 0.480059935214349 3.42643080199773 5.52269823173455 6.29131851930937 6.30000019073486 6.43395246532054 7.18958228212752 6.30000019073486 6.30000019073486 6.30000019073486 5.82976451651986
0.655648830465761 1.77367020102218 5.66174319665175 5.18164047581755 0.677145243331593 1.2818066336986 1.48804207424523 4.62759933505721 2.05642423750407 2.48568291293971 7.86039310784911 2.6793867010469 2.07286848184249 0.967070238143797 0.121413272840734 0 0 0 0 0 0 0 0 0 0 0 0 0 0 0 0 0 0 0 0 0 0 0 0 0 0 0 0 0 0 0 0 0 0 0 0 0 0 0 0 0 0 0 0 0 0 0 0 0.100214130419612 1.51049245169096 5.00364025772842 4.80000019073486 6.0515712228126 6.30000019073486 6.30000019073486 6.30000019073486 6.30000019073486 6.30000019073486 6.30000019073486
0.645751598113221 1.4131950220916 5.29218030497138 2.87935753491577 2.5133666440028 5.54533264824348 7.97845668248373 1.44542396675072 1.44005996486857 1.59169551465104 1.10318543819322 0.467082671606647 0 0 0 0 0 0 0 0 0 0.0058244177898806 0.0116488355797612 0.0174732533696418 0.0116488355797612 0.0116488355797612 0 0 0 0 0 0 0 0 0 0 0 0 0 0 0 0 0 0 0 0 0 0 0 0 0 0 0 0 0 0 0 0 0 0 0 0 0 0 0.904933614890784 3.6888650687498 5.52749604160281 6.29131851930937 6.30000019073486 6.30000019073486 6.30000019073486 6.30000019073486 6.30000019073486 6.28427425651836
0.637999981641769 4.35387994634793 2.27454456094092 7.87881809883924 4.74375767479665 5.21405917964446 2.0608085892052 0.629695502253278 0 0 0 0 0 0 0 0 0 0 0 0 0 0.159999996423721 0.459786023059224 0.479999989271164 0.459786023059224 0.319999992847443 0 0 0 0 0 0 0 0 0 0 0 0 0 0 0 0 0 0 0 0 0 0 0 0 0 0 0 0 0 0 0 0 0 0 0 0 0 0 0.300359729241773 3.34220809025281 4.99635974227158 5.5586818534813 6.30000019073486 6.30000019073486 6.30000019073486 6.30000019073486 6.30000019073486 7.15102247264739
0.475451816997111 1.22400000691414 4.56410288889531 1.51633832235554 0.93661666389247 0.624411109261647 0.312205554630823 0 0 0 0 0 0 0 0.00597002853297026 0.0298501426648513 0.521820170458568 0.677704532744228 0.497794447753362 0.00589722316142543 0 0.159999996423721 0.319999992847443 0.479999989271164 0.319999992847443 0.319999992847443 0 0 0 0 0 0 0 0 0 0 0 0 0 0 0 0 0 0 0 0 0 0 0 0 0 0 0 0 0 0 0 0 0 0 0 0 0 0 0.100214130419612 1.19077943992465 4.97673868104899 6.03420788864068 6.30000019073486 6.30000019073486 5.57152052497302 5.00762321624332 7.1672379318303 6.28755049715299
0.589006436584319 4.37862085593235 1.74714793762746 0.999576037861608 0.00444111871395528 0 0 0 0 0.0166723964524134 0.0367666377732573 0.19596577727975 0.74907067891047 1.20506644091361 0.911066382632266 1.27590381883793 2.03104955138226 7.90600095077297 0.951583019834158 0.167897223638263 0 0 0 0 0 0 0 0 0 0 0 0 0 0 0 0 0 0 0 0 0 0 0 0 0 0 0 0 0 0 0 0 0 0 0 0 0 0 0 0 0 0 0 0 0 0.394159251182898 1.94726357841023 4.90364035309585 6.26633166458874 6.25995730364791 4.92205586156839 6.30000019073486 6.30000019073486 6.09186307773447
1.3297046651567 4.95427409660685 4.44453965453843 1.95602154137016 0.510205591060382 0.0212591261806789 0.507841569498667 0.987944347767753 1.14164885952883 1.13112208812694 2.17789670485254 2.74952408781538 5.1713785493124 6.81013194546484 5.31782187881001 2.33468046136749 5.52473720609834 4.22431990898358 2.54290462667821 0.500188431403375 0 0 0 0 0 0 0 0 0 0 0 0 0 0 0 0 0 0 0 0 0 0 0 0 0 0 0 0 0 0 0 0 0 0 0 0 0 0 0 0 0 0 0 0 0 0 0.944496784928939 3.80110779991905 4.83792175520237 5.72021533541111 6.85000014305115 6.30000019073486 6.34368331819211 6.34120060392448
2.95816279247094 3.29186312967099 6.12912200117615 6.09999990463257 2.75218426756541 2.13180721387559 2.70392194827336 7.9072486913547 5.0700516797592 5.43047753359118 6.00763156824897 8.08467951235511 7.91092086855268 6.96079832679613 8.06935910271953 6.21951767603971 6.54037551269493 8.00000022973952 5.40053314108742 0.501999974250793 0 0 0 0 0 0 0 0 0 0 0 0 0 0 0 0 0 0 0 0 0 0 0 0 0 0 0 0 0 0 0 0 0 0 0 0 0 0 0 0 0 0 0 0 0 0 0.351585372784851 4.55648973485526 4.94550336036795 5 6.78381285778278 6.27633848946297 6.33276254500686 6.17633835509088
7.15715633600308 5.33513546961097 4.25201217339611 7.40646500381611 8.01867693008303 7.83672288429083 6.82734749261962 6.86369678916042 6.29148565538373 6.41810618808752 5.55964731525062 8.07409021733066 8.09818024392646 7.00666793778741 6.61986581068824 8.0006014357225 8.13308947827256 8.15000009536743 2.75346462089736 0.333811559471115 0 0 0 0 0 0 0 0 0 0 0 0 0 0 0 0 0 0 0 0 0 0 0 0 0 0 0 0 0 0 0 0 0 0 0 0 0 0 0 0 0 0 0 0 0 0 0.144539613943426 1.53158029089097 5.05202126350882 4.93507764425023 5.21638099508019 6.31540839327939 6.00706645061511 5.77282927624588
3.68698514600068 5.67548180735745 7.22971390428218 6.55061592206266 7.09431739590866 7.06316938613556 7.05480405833969 8.1506626720918 8.19999980926514 8.0364994418054 8.0011575608189 7.46792816610696 7.95546045163446 8.01146922325239 3.57427832797107 8.19999980926514 8.19999980926514 6.05013266642082 1.44823548712841 0 0 0 0 0 0 0 0 0 0 0 0 0 0 0 0 0 0 0 0 0 0 0 0 0 0 0 0 0 0 0 0 0 0 0 0 0 0 0 0 0 0 0 0 0 0 0 0 0.740787999617741 4.83226122201233 4.90000009536743 5.09999990463257 6.89235070129677 6.20000004768372 5.94573366233925
6.53640261200042 6.77151074403563 7.78725928000634 8.10000038146973 8.10000038146973 8.05182032827813 8.05182032827813 8.14817997518228 8.19999980926514 8.03610167402188 8.09760099535891 8.173088390563 5.87708700105366 3.95707030528713 4.095820934907 8.19999980926514 8.19999980926514 5.26622700156443 0.484029981003773 0 0 0 0 0 0 0 0 0 0 0 0 0 0 0 0 0 0 0 0 0 0 0 0 0 0 0 0 0 0 0 0 0 0 0 0 0 0 0 0 0 0 0 0 0 0 0 0 0.338539619665472 3.280436685538 4.90728061082427 5.76571864557719 8.07269841379036 6.04060089764869 5.0842395115225
7.46008597958151 7.75541017972064 7.33425003677169 8.09247626218407 8.10000038146973 8.10000038146973 8.10000038146973 8.10000038146973 8.1658992767334 8.19453942267251 8.0843650553703 8.00728051545684 8.07117876342564 8.09760145483795 5.91524409251781 8.19999980926514 8.11627380339999 2.09629545628852 0.156102777315412 0 0 0 0 0 0 0 0 0 0 0 0 0 0 0 0 0 0 0 0 0 0 0 0 0 0 0 0 0 0 0 0 0 0 0 0 0 0 0 0 0 0 0 0 0 0 0 0 0.100214130419612 0.997653085879307 3.69185354964187 5.67336066540778 6.4276006337526 3.8637722496087 1.16196139888326
7.12418155789557 7.76714076823931 7.86493571938308 7.47184184983092 7.45752439670889 8.10000038146973 8.10000038146973 8.19999980926514 8.15403812087937 7.99857787733789 7.90000009536743 7.90000009536743 7.00014794788249 5.9556082726918 5.9632285028331 6.9262312012476 5.24631693846008 0.800089904280298 0 0 0 0 0 0 0 0 0 0 0 0 0 0 0 0 0 0 0 0 0 0 0 0 0 0 0 0 0 0 0 0 0 0 0 0 0 0 0 0 0 0 0 0 0 0 0 0 0 0 0.200359735202238 1.32092506400474 5.00742162304838 5.0664092461446 1.25906181164389 0.100214130419612
8.19999980926514 7.77515220975042 7.96998483150773 8.16714062518816 8.10182050165488 8.10000038146973 8.10000038146973 8.14817997518228 8.1445397087748 7.90000009536743 7.90000009536743 7.88405575263047 8.19999980926514 8.19999980926514 8.19635955153672 5.64342183056332 1.446265496504 0.156102777315412 0 0 0 0 0 0 0 0 0 0 0 0 0 0 0 0 0 0 0 0 0 0 0 0 0 0 0 0 0 0 0 0 0 0 0 0 0 0 0 0 0 0 0 0 0 0 0 0 0 0 0 0.298013639876564 0.69624141017274 0.69624141017274 0.300642391258837 0
