rasters/edaphic/S_REF_BULK.asc
NCOLS 720 
NROWS 300 
XLLCORNER -180 
YLLCORNER -60 
CELLSIZE 0.5 
NODATA_value -9999 
[rows 128 to 159 of 300, columns 292 to 364 of 720]
0 0 0 0 0 0 0 0 0 0 0 0 0 0 0 0 0 0 0 0 0 0 0 0 0 0 0 0 0 0 0 0 0 0 0 0 0 0.144170453734438 0.935138654378285 1.36000001430511 1.49000000953674 1.38999998569489 1.38999998569489 1.37584665032444 0.361217121595362 0.825468913468073 0.845999985933304 0.0846000015735626 0 0 0 0.0298483947128844 0.148149899021915 0.421341351958825 1.41021327014351 0.937066432504737 0.19959014517432 0.00495075536549704 0.117711362976533 0.322963638708836 0.403573483210992 0.226511370074706 0.0865507566507368 0.000990151059538378 0.0553901518485597 0.424832589574834 1.36000001430511 1.36000001430511 1.36000001430511 1.36000001430511 1.36000001430511 1.06278031790983 0.641442427109246
0 0 0 0 0 0 0 0 0 0 0 0 0 0 0 0 0 0 0 0 0 0 0 0 0 0 0 0 0 0 0 0 0 0 0 0 0.000990151059538378 0.31796060009863 1.44543416859268 1.36000001430511 1.375 1.38999998569489 1.37891175006567 1.00276400679472 0.41693747243609 0.880842360839609 0.852642360315089 0.0846000015735626 0 0 0.0599015027965527 0.146735340244465 0.893267703914326 1.00237903545543 0.505553302945406 0.881853057818486 0.338901172372481 0.402660096869044 0.652334088560752 1.36000001430511 1.36000001430511 1.36000001430511 0.263612878761222 0.0282119929502437 0.169438123677116 0.955614138595433 1.36000001430511 1.36000001430511 1.36000001430511 1.36000001430511 1.36000001430511 1.36000001430511 1.3500985033029
0 0 0 0 0 0 0 0 0 0 0 0 0 0 0 0 0 0 0 0 0 0 0 0 0 0 0 0 0 0 0 0 0 0 0 0.000990151059538378 0.118950757355552 0.609705604891812 1.47563170545986 1.36034728081497 1.38014220749784 1.37684408250426 0.631892040259418 1.36789670672215 0.824442359790568 0.822389252435556 0.246131076661398 0.0553734473715361 0.00310150256261421 0.00413533675015228 0.145101499896806 0.900620989305269 0.910401242318381 0.853357562682454 0.171675802585205 0.308116505804518 0.96830613647085 1.360463035595 1.36291222482738 1.36191914085613 1.37225644539636 0.995526877506013 0.38278031075727 0.282133205612978 0.568296285014662 1.375 1.36000001430511 1.36000001430511 1.36000001430511 1.36000001430511 1.22201973364811 0.933711368003425 1.34811820131943
0 0 0 0 0 0 0 0 0 0 0 0 0 0 0 0 0 0 0 0 0 0 0 0 0 0 0 0 0 0 0 0 0 0 0 0.0573704538998313 0.404623583786726 1.48526767015027 1.37554603865926 1.38999998569489 1.38999998569489 0.89817212844312 0.217484368453182 0.163040681082091 0.191240681606612 0.217931076136877 0.167146895792114 0.0282000005245209 0.0852000005543232 0.161156371467305 0.225132332831898 0.195505772401225 0.197275368596249 0.22464325443668 0.430369393316889 1.02081373556718 1.36145611956625 1.41324954865551 1.43755086798808 1.39854393050165 1.36000001430511 0.518280416391187 0.925790160069559 1.36000001430511 1.375 1.37482636674507 1.36000001430511 1.36000001430511 1.36000001430511 1.36000001430511 1.36000001430511 0.966852258635509 1.09790151052538
0 0 0 0 0 0 0 0 0 0 0 0 0 0 0 0 0 0 0 0 0 0 0 0 0 0 0 0 0 0 0 0 0 0 0.0281901514201465 0.287365655773102 1.02486082695278 1.36054605296438 1.38999998569489 1.36166419345631 0.922936158854171 0.245140047481115 0.111388010120136 0.199453111026657 0.227653111551178 0.14202655630011 0.0564000010490417 0 0.0852000005543232 0.113600000739098 0.0862993594677634 0.096096796581799 0.299670778552345 0.620182042453531 1.36000001430511 1.37424260899932 1.4262874634332 1.39854393050165 1.36000001430511 1.36000001430511 1.08998030150663 0.694852272570997 1.09790151052538 1.36000001430511 1.375 1.36000001430511 1.36000001430511 1.36000001430511 1.36000001430511 1.36000001430511 1.36000001430511 1.34118714383486 1.33029548238335
0 0 0 0 0 0 0 0 0 0 0 0 0 0 0 0 0 0 0 0 0 0 0 0 0 0 0 0 0 0 0 0 0 0 0.139349042181393 0.904969604712566 1.4856400755546 1.03557311770693 0.48794559491204 0.324492065969063 0.133940039143185 0.026788006751733 0.0846000015735626 1.36791126801343 1.38844234047866 0.112800002098083 0 0 0.00329807674032055 0.0378955127039865 0.19219359424848 0.53538716613922 1.50999999046326 1.3617363468544 1.39854393050165 1.36000001430511 1.36000001430511 1.36000001430511 1.36000001430511 1.36000001430511 1.2027409005503 1.36000001430511 1.36000001430511 1.36000001430511 1.38999998569489 1.36071968621931 1.36071968621931 1.36000001430511 1.36000001430511 1.36109209162364 1.36000001430511 0.715699367987811 0.322439407539724
0 0 0 0 0 0 0 0 0 0 0 0 0 0 0 0 0 0 0 0 0 0 0 0 0 0 0 0 0 0 0 0 0 0.0301704536070284 0.38034090405801 1.36473235369159 1.01682291926309 0.304434688669939 0.026788006751733 0 0 0.0301704536070284 0.197251392559912 0.443945176490904 0.43998457198153 0.245720333962212 0.0272000003606081 0 0.181200005114079 0.491477569267379 1.13169165602652 1.50999999046326 1.50999999046326 1.48428895080429 1.36000001430511 1.36000001430511 1.37417557194738 1.37424260899932 1.40145614102392 1.36145611956625 1.36000001430511 1.36000001430511 1.36000001430511 1.375 1.38999998569489 1.38999998569489 1.38999998569489 1.38881326106789 1.38890790837636 1.37988920395413 1.37445396134074 1.03756060649417 0.484183342071867
0 0 0 0 0 0 0 0 0 0 0 0 0 0 0 0 0 0 0 0 0 0 0 0 0 0 0 0 0 0 0 0 0 0.199138340436365 0.981884402608275 1.48526767015027 0.528419705437273 0.0838098501064726 0.00117944465940715 0.0329079299221648 0.145668537397591 0.362700663818386 0.966852287352949 0.940642425487999 1.32930533139162 0.749718197382566 0.170131063373513 0.166170459135359 0.32320000231266 1.473721147269 1.49680768404442 1.50999999046326 1.50999999046326 1.43773019785026 1.35663211846761 1.37324952719784 1.42529437946196 1.38451287648761 1.41189243891143 1.4370878466982 1.36000001430511 1.36000001430511 1.36054605296438 1.38014220749784 1.38999998569489 1.38999998569489 1.37905013017931 1.37554603865926 1.38999998569489 1.37462759459567 1.36000001430511 1.36000001430511 1.36000001430511
0 0 0 0 0 0 0 0 0 0 0 0 0 0 0 0 0 0 0 0 0 0 0 0 0 0 0 0 0 0 0 0 0.00117944465940715 0.394907065043937 1.49473234892322 1.36000001430511 0.41311993368803 0.0358781418828047 0.200374506700952 0.483433188536347 1.01783728022737 1.36000001430511 1.35304349029159 1.08829060005905 0.782035114077073 0.704753783573212 0.966852287352949 1.3203939721948 0.229301919561231 0.905417944539294 0.47220642423192 0.593006413282586 1.06283935845819 0.894632234376642 1.36568826046222 1.37554603865926 1.36054605296438 1.375 1.37554603865926 1.38999998569489 1.38999998569489 1.36109209162364 1.38999998569489 1.38999998569489 1.38999998569489 1.38999998569489 1.38999998569489 1.38999998569489 1.38945394703562 1.36000001430511 1.36000001430511 1.36000001430511 1.0296393985603
0 0 0 0 0 0 0 0 0 0 0 0 0 0 0 0 0 0 0 0 0 0 0 0 0 0 0 0 0 0 0 0 0.0324000008404255 0.490529788394872 1.62000000476837 1.36182014316932 0.453899930510657 0.292018007230775 1.10575821326459 1.57220664742706 1.40779337164642 1.36473235369159 1.19704191527585 1.15755848861661 1.36000001430511 1.36000001430511 0.905987138607571 0.266059100906336 0.136830829986182 0.0582012838778125 0.0291006419389062 0.0291006419389062 0.11380128256055 0.542406566016003 1.38999998569489 1.38999998569489 1.27880083140555 1.37554603865926 1.38999998569489 1.38999998569489 1.38999998569489 1.38999998569489 1.38999998569489 1.38999998569489 1.38999998569489 1.38999998569489 1.38999998569489 1.38999998569489 1.36000001430511 1.36000001430511 1.36000001430511 1.33344066814177 0.348649255045954
0 0 0 0 0 0 0 0 0 0 0 0 0 0 0 0 0 0 0 0 0 0 0 0 0 0 0 0 0 0 0 0 0.0324000008404255 0.286026551085238 1.04410854742376 1.40875101531093 0.854275230373529 1.20959316135824 1.45016650797915 1.49473234892322 1.61849518177915 1.48526767015027 1.32420201751263 1.36218416894217 1.33438713580209 0.507888642066799 0.212649254766533 0.0262098493010697 0 0 0 0 0.0277999993413687 0.247164032456971 0.895136150742018 0.574692055470523 0.574547740134777 1.35660422989788 1.36166419237143 1.37583208903316 1.36065219998521 1.35862821521276 1.11854813785919 1.37684408250426 1.38999998569489 1.38890790837636 1.38890790837636 1.38982635243996 1.36071968621931 1.36000001430511 1.38747753680937 0.408517348617239 0.0786295479032092
0 0 0 0 0 0 0 0 0 0 0 0 0 0 0 0 0 0 0 0 0 0 0 0 0 0 0 0 0 0 0 0 0 0.0292595229705966 0.366610704053422 1.06942675431971 1.54408989265255 1.4056579325677 1.618842448289 1.61053532599543 1.36074482511378 1.37104444148135 1.36000001430511 1.15155573956639 0.545619684754539 0.161219700112377 0.0544000007212162 0 0 0 0 0 0 0.026788006751733 0.0535760135034661 0.0535760135034661 0.0803640202551991 0.187516052646651 0.323480087738148 0.323480087738148 0.295680079422579 0.241092062560437 0.269904063465642 0.864300178745042 0.626280058870216 1.05994003514227 1.36000001430511 1.36000001430511 1.37537240540433 1.40514224326063 1.05952207926551 0.256644111049963 0.00297045317861514
0 0 0 0 0 0 0 0 0 0 0 0 0 0 0 0 0 0 0 0 0 0 0 0 0 0 0 0 0 0 0 0 0 0 0.327811137215369 1.4899999499321 1.42067468694985 1.67417553084291 1.36000001430511 1.36582443101011 1.5141756216564 1.52582439763151 1.36000001430511 1.36000001430511 0.870400011539459 0.765036383233874 0.0544000007212162 0 0 0 0 0 0 0 0 0 0 0 0 0 0 0 0.026788006751733 0.0535760135034661 0.106985861370304 0.294249250463837 0.6982886605412 1.22261694746154 1.36000001430511 1.4084017086987 1.36000001430511 0.576788052445601 0.309101523739688
0 0 0 0 0 0 0 0 0 0 0 0 0 0 0 0 0 0 0 0 0 0 0 0 0 0 0 0 0 0 0 0 0 0 0.302483938825349 1.65869713966314 1.50600047862271 1.36582443101011 1.5160276537206 1.36582443101011 1.42067468694985 1.61932533233805 1.33352547773684 0.959396984611764 0.820426538875529 0.133029548624425 0.0524196986021394 0 0 0 0 0 0 0 0 0 0 0 0 0 0 0 0 0 0 0.0272000003606081 0.766026534429022 1.04297729644784 1.36000001430511 1.36000001430511 1.36000001430511 1.36000001430511 1.12411137239033
0 0 0 0 0 0 0 0 0 0 0 0 0 0 0 0 0 0 0 0 0 0 0 0 0 0 0 0 0 0 0 0 0 0 0.130730615638662 0.502553311624237 1.14546197187191 1.52414594355712 1.51526764154004 1.67999994754791 1.65781619781361 0.750160159358365 0.421612836623872 0.183468946902328 0.0821678818814306 0.0344659617813094 0.0117944463228509 0.0117944463228509 0.00825611248023972 0.00353833397822144 0 0 0 0 0 0 0 0 0 0 0 0 0 0 0 0.0262098493010697 0.104839397204279 0.512839412197847 1.36000001430511 1.36000001430511 1.36000001430511 1.36000001430511 1.36000001430511
0 0 0 0 0 0 0 0 0 0 0 0 0 0 0 0 0 0 0 0 0 0 0 0 0 0 0 0 0 0 0 0 0 0 0.00104839520760292 0.388377731254972 1.67472156950218 1.39527836374062 1.5847080150633 1.66944319145644 1.2025244895518 1.44000005722046 0.23371991458389 0 0.197938338613943 0.496060010969151 0.683383340875901 0.683383340875901 0.589721668743166 0.400594441506796 0.173794446799688 0.0441944470276661 0.00825611248023972 0.00707666768522228 0.00707666768522228 0.00589722316142543 0.00117944465940715 0 0 0 0 0 0 0 0 0 0 0.4060197193758 1.36000001430511 1.36000001430511 1.36000001430511 1.36000001430511 1.36000001430511
0 0 0 0 0 0 0 0 0 0 0 0 0 0 0 0 0 0 0 0 0 0 0 0 0 0 0 0 0 0 0 0 0 0 0.0603494638471213 0.572980005410029 1.38999998569489 1.53667842286555 1.67514545257538 1.30068225252973 1.08126326348225 1.15760175622141 0.470114240771815 0.132862654290976 0.524425695245351 1.62000000476837 1.62000000476837 1.61292333654071 1.62000000476837 1.62000000476837 1.21413277800481 0.71460390782596 0.589721668743166 0.525476681674471 0.558501130510548 0.511947783123807 0.269815000800657 0.103097225547092 0.00117944465940715 0 0 0 0 0.00301343472674162 0.00762130359156945 0.0113853339232372 0.00949380135551656 0.311123355398705 1.35009122265726 1.36000001430511 1.36000001430511 1.4111942383981 1.3698287188509
0 0 0 0 0 0 0 0 0 0 0 0 0 0 0 0 0 0 0 0 0 0 0 0 0 0 0 0 0 0 0 0 0 0 0.187348178559678 1.06925074120875 1.40055674178636 1.6749035823886 1.41513325485594 1.67999994754791 1.26442979351597 1.44219940888987 1.06115947940993 0.50435353884444 1.63453614626966 1.60728821228289 1.24005478194167 1.58581067107246 1.62000000476837 1.62000000476837 1.62000000476837 1.62000000476837 1.62000000476837 1.60821283909116 1.60938500351176 1.62000000476837 1.62000000476837 0.574388888306484 0.206194450551742 0.0439978728499597 0.0378115764736995 0.145636844968279 0.263417145901441 0.396209429854309 0.562956762994351 0.67484510383312 0.624775184631966 0.747770033202101 1.31605996465913 1.3698287188509 1.45255975794529 1.62999999523163 1.62287964529987
0 0 0 0 0 0 0 0 0 0 0 0 0 0 0 0 0 0 0 0 0 0.00219871782688037 0.00219871782688037 0.00109935891344018 0 0 0 0 0 0 0 0 0 0 0.352212780572037 1.55963597661134 1.67196701625693 1.53770686983681 1.58805665322331 1.18316571373802 1.31577848679472 1.53245184364639 1.44000005722046 1.22145614600493 1.66776867116556 0.874224407607471 0.453820561979999 0.515898069144145 1.05235588347357 1.62036403054121 1.61772120065308 1.61416830633285 1.29937001207114 0.897792278530723 1.60467450497733 1.62000000476837 1.62000000476837 1.62000000476837 1.21413277800481 0.70940048000095 0.662858705127978 1.0381798859734 1.36019275416049 1.53799396966774 1.62999999523163 1.62999999523163 1.62999999523163 1.62490363007231 1.62999999523163 1.62999999523163 1.62999999523163 1.62999999523163 1.3342265552878
0 0 0 0 0 0 0 0 0 0 0 0 0 0 0 0 0 0 0 0 0 0.0604000017046928 0.0867846146779852 0.0302000008523464 0 0 0 0 0 0 0 0 0 0.00124496938530926 0.500238856294837 1.67317639643941 1.58393413274396 1.61364027637306 1.60435760831677 1.5524678390321 1.46888070109616 1.43121148633171 1.44000005722046 1.44000005722046 1.46984834430676 1.67999994754791 0.337108789390739 0.415895537263661 1.62999999523163 1.62999999523163 1.62523853326258 1.62999999523163 1.36724237563959 1.12597384942332 1.15287578292059 1.62000000476837 1.62000000476837 1.62000000476837 1.62000000476837 1.61508565249548 1.61017130022258 1.35509638900117 1.62999999523163 1.62999999523163 1.62999999523163 1.62999999523163 1.62890031722716 1.62890031722716 1.62999999523163 1.62999999523163 1.62999999523163 1.62999999523163 1.33897345488068
0 0 0 0 0 0 0 0 0 0 0 0 0 0 0 0 0 0 0 0.00109935891344018 0.0323987186792268 0.122998720965045 0.120800003409386 0.0302000008523464 0 0 0 0 0 0 0 0 0.00124496938530926 0.145236051230962 0.738769463391189 1.82238789188545 1.7092677348722 1.61465849489925 1.65264353192679 1.5 1.43430080513217 1.42810106982725 1.46336191523105 1.44000005722046 1.67999994754791 1.23533185861782 0.483456128919335 1.06735696452034 1.14299790212427 1.62999999523163 1.51579999923706 1.62999999523163 1.62999999523163 1.62999999523163 0.879625265672091 1.35982149159276 1.35964821055975 1.61508565249548 1.35000002384186 1.35000002384186 1.35000002384186 1.33500003814697 1.67971055951295 1.64762909717206 1.65408990695767 1.62764142405457 1.44345830423222 1.5069906136048 1.59743265976392 1.62890031722716 1.62230199063442 1.62987586082011 1.62999999523163
0 0 0 0 0 0 0 0 0 0 0 0 0 0 0 0 0 0 0 0.0302000008523464 0.115885256616891 0.790114742876469 0.0604000017046928 0 0 0 0 0 0 0 0 0 0.129703004161086 0.544405116835827 1.72902394888786 1.67836183157012 1.67999994754791 1.55273597014308 1.44009824718258 1.4015322505272 1.5 1.40036400410075 1.39451128383549 1.43683108107636 1.49213508878252 1.11186299688658 0.996231305731838 0.83893003537788 1.34798250071278 1.43246254677348 1.43246254677348 1.62999999523163 1.62999999523163 1.4534796906669 1.61253746991582 1.60507493506327 1.54226058931279 1.28436834460805 1.35000002384186 1.35000002384186 1.04269442933761 1.32518692878538 1.62994211675673 1.62963596945879 1.62987586082011 1.62422871353185 1.47631497030001 1.44455798006693 1.46910908824153 1.62654174821987 1.44235862622775 1.65499997138977 1.62999999523163
0 0 0 0 0 0 0 0 0 0 0 0 0 0 0 0 0 0 0 0.0302000008523464 0.0895006436435991 0.118601285582505 0.0582012838778125 0 0 0 0 0 0 0 0 0 0.158900003880262 1.48679009913275 1.63399897276027 1.63710235257623 1.65242293451645 1.67672371342257 1.54817988088696 1.48246128299348 1.52984763534367 1.18154116537231 1.48969638092177 1.41089459767181 1.32000005245209 1.32109212977061 1.06975378179547 1.05931876378435 1.42186385621302 1.62435759141305 1.62890031722716 1.62999999523163 1.62672376110629 1.53672378733233 1.45000004768372 1.33000004291534 1.33138910895477 1.40000003576279 1.35000002384186 1.34485781634402 0.92908043466093 1.3806476999193 1.67861848219443 1.65372588118482 1.61865542104442 1.48507443414483 1.56222921926773 1.66580292938849 1.62809002942741 1.55007649413286 1.48000001907349 1.62999999523163 1.62999999523163
0 0 0 0 0 0 0 0 0 0 0 0 0 0 0 0 0 0 0 0 0 0 0 0 0 0 0 0 0 0 0 0 0.121263592148233 0.503676165952534 1.40242870069134 1.55341210935908 1.61066049061213 1.49942122176032 1.49817986896603 1.5 1.49836188185245 1.37134965946129 1.34164420292323 1.26163816604569 1.44000005722046 1.38218421164309 1.12177979370124 1.11508524960706 1.31917735142817 1.32436836606572 1.44494217397719 1.50914677430087 1.45000004768372 1.45000004768372 1.45000004768372 1.33000004291534 1.44817991664974 1.35000002384186 1.35000002384186 1.3304424299164 1.30557898898341 1.646429644705 1.62647419694959 1.53809424746496 1.5108729183458 1.53064415399748 1.30040900686912 1.25540514021638 1.31004497155954 1.50499999523163 1.62544966873158 1.62999999523163 1.62999999523163
0 0 0 0 0 0 0 0 0 0 0 0 0 0 0 0 0 0 0 0 0 0 0 0 0 0 0 0 0 0 0 0 0 0.162618195149737 0.887314945717733 1.39581367543093 1.43120416891247 1.39845481838857 1.44745180549941 1.38387911628595 1.41199425988205 1.35308773420466 1.37515407851501 1.28650406138463 1.44000005722046 1.44000005722046 1.4005688869974 1.32436836606572 1.38218421164309 1.44000005722046 1.44000005722046 1.44994216920882 1.45000004768372 1.45000004768372 1.45000004768372 1.33142340859606 1.33445399948771 1.32985783064913 1.34503144959895 1.31639619252747 1.37246926481631 1.52805783765835 1.62000000476837 1.62000000476837 1.61794758305902 1.62018201765479 1.62012413917989 1.62381155058402 1.29932847224784 1.37464670119611 1.6230835012081 1.53845827323781 1.62999999523163
0 0 0 0 0 0 0 0 0 0 0 0 0 0 0 0 0 0 0 0 0 0 0 0 0 0 0 0 0 0 0 0 0 0.102313461600047 0.899756460924654 1.28011076266726 1.29999995231628 1.3375107049942 1.30200209623668 1.29954531282765 1.33006546030178 1.39884293243769 1.41104182575562 1.4084582205713 1.43315844785492 1.34378077727989 1.44000005722046 1.44000005722046 1.44000005722046 1.44000005722046 1.42730779044803 1.10970669214774 0.936828911252094 1.44547253626009 1.339916745796 1.32000005245209 1.33445399948771 1.33281588134016 1.32000005245209 1.25262916913584 1.4200000166893 1.38000005483627 1.62000000476837 1.62000000476837 1.47546041954239 1.46826369606094 1.47546041954239 1.37809422123892 1.5278158741876 1.33418634364255 1.44000005722046 1.52935762240747 1.62435759141305
0 0 0 0 0 0 0 0 0 0 0 0 0 0 0 0 0 0 0 0 0 0 0 0 0 0 0 0 0 0 0 0 0 0.101709218604511 0.865789149883333 1.29540378347771 1.30829692871841 1.30546034758797 1.34160561089031 1.30546034758797 1.49817987113579 1.47087912611886 1.26905551589949 1.47242298696854 1.40115753263751 1.15485339585244 1.44000005722046 1.44000005722046 1.42414307680679 0.707925469149109 0.525105357044792 0.558029567410747 1.32000005245209 1.32000005245209 1.31836193430453 1.32000005245209 1.32000005245209 1.32000005245209 1.32546044338424 1.26425628449508 1.42404801301984 1.49433847211802 1.62000000476837 1.53426122397587 1.48145612216485 1.45721299224141 1.43563174360683 1.47639379486967 1.34055679900682 1.52661641955077 1.48767546778774 1.3221842092589 1.50243269075833
0 0 0 0 0 0 0 0 0 0 0 0 0 0 0 0 0 0 0 0 0 0 0 0 0 0 0 0 0 0 0 0 0 0.0496569592144319 0.444264205939615 1.37549693037351 1.39525070399192 1.45000004768372 1.45000004768372 1.07769849001569 0.509516043480425 0.404571305670371 0.867369560445982 0.540692351126895 0.42473600880751 0.481960597040304 1.01171050726222 0.645977300408682 0.413121210286352 0.25356103543955 0.275867245852116 0.992858716624517 1.32000005245209 1.30500000715256 1.32000005245209 1.32000005245209 1.31947915051754 1.32000005245209 1.33319419862127 1.26455112146975 1.32236622214532 1.39081373980395 1.61635974270042 1.34291223956134 1.42024822807747 1.41999995708466 1.26491702576039 1.32163816842988 1.39000004529953 1.6060177390758 1.43726908063907 1.34056888461321 1.43654180803893
0 0 0 0 0 0 0 0 0 0 0 0 0 0 0 0 0 0 0 0 0 0 0 0 0 0 0 0 0 0 0 0 0 0 0.246153111715645 0.927360325954046 1.36650334333047 1.4482637107949 1.09651715482904 0.316342600590741 0.0279443234478996 0.0264025684512908 0.0528051369025816 0.0528051369025816 0.00095374844157111 0.2436719485904 0.858072799626659 0.324027853536309 0.142714353152082 0.27417947456761 0.877860377807292 0.960007266339638 1.32000005245209 1.30517364040749 1.32000005245209 1.31927199656687 1.27445399493376 1.32000005245209 1.32000005245209 1.32000005245209 1.40428008669723 1.33342816210228 1.51453958999436 1.41999995708466 1.41999995708466 1.31099110557791 1.24500849932963 1.47498929687291 1.21473237753345 1.24814738793483 1.32236622214532 1.28372593385133 1.22096148113188
0 0 0 0 0 0 0 0 0 0 0 0 0 0 0 0 0 0 0 0 0 0 0 0 0 0 0 0 0 0 0 0 0 0 0.112053530101508 0.353327639723923 1.05983036018508 1.28631592295935 1.02852404936055 0.26991434568958 0.032167026318441 0 0 0 0.0262000001966953 0.408259965754814 1.30999994277954 0.985653085274468 0.411861240399928 0.873173432780319 0.532854381627516 1.25 1.23809418027892 1.31994217397719 1.31494211914092 1.30036397808913 1.29096790692979 1.31890797079403 1.31965278594223 1.3083729263753 1.33182017177955 1.34452017244918 1.37000000476837 1.41999995708466 1.41999995708466 1.42109203874271 1.2177873240345 1.15760456433305 1.3400000333786 1.29855698900488 1.44927199396827 1.1970636734231 1.32000005245209
0 0 0 0 0 0 0 0 0 0 0 0 0 0 0 0 0 0 0 0 0 0 0 0 0 0 0 0 0 0 0 0 0 0 0.028999999165535 0.113888645226869 0.21504925075738 0.356047092110236 0.887051404458936 1.01484913042895 0.321674407573018 0.0940919590399388 0.00316702715290603 0.00400428743395835 0.0320972232225105 0.452256122818904 1.30999994277954 1.30999994277954 1.39153656171758 0.362084389091878 0.551703223187598 1.24981798494381 1.31745186770267 1.3096359170067 1.30999994277954 1.31200208669994 1.32000005245209 1.32109212977061 1.36336189355896 1.34714069628489 1.41427196991199 1.34927197229617 1.32000005245209 1.38082525895908 1.41716906112456 1.4284026487471 1.43927563458208 1.14911868606205 1.14503149623687 1.38385844189891 1.17405982315207 1.10781587678354 1.32000005245209
0 0 0 0 0 0 0 0 0 0 0 0 0 0 0 0 0 0 0 0 0 0 0 0 0 0 0 0 0 0 0 0 0 0 0 0 0 0.0471263377216284 0.322551392963984 1.37752494650451 1.44400277666934 0.522650653785271 0.256432175420039 0.227862970383315 0.387366206465619 0.739496806334023 1.33685628128921 1.30999994277954 1.30999994277954 1.03421841164123 1.057730183865 1.30999994277954 1.30481799209637 1.30999994277954 1.30999994277954 1.40485412804649 1.3218201813163 1.31994217397719 1.33542667494561 1.37999999523163 1.39190581495271 1.36063666884993 1.34337523759317 0.920534526145509 0.888497534520465 1.31517363304051 1.36271712959587 1.2612472142421 1.375 1.45000004768372 1.00643895523437 1.14819227632385 1.32000005245209
