rasters/edaphic/S_SAND.asc
NCOLS 720 
NROWS 300 
XLLCORNER -180 
YLLCORNER -60 
CELLSIZE 0.5 
NODATA_value -9999 
[rows 180 to 215 of 300, columns 243 to 323 of 720]
7 6.03640261200042 7 8 8 6 13 7.65718597893476 9.1812824754542 15 8 30.390212251359 34.9775308187968 46.3629542899927 28.4261229459877 1.4588204897048e-12 17.697821426353 4.1113514960241 4.1113514960241 3.05567574801205 8.1399359403841 5.19653046445873 3.85798654719008 0.883104957943325 0.0960600215540237 0.00145610444747015 0 0 0 0 0 0 0 0 0 0 0 0 0 0 0 0 0 0 0 0 0 0 0 0 0 0 0 0 0 0 0 0 0 0 0 0 0 0 0 0 0 0 0 0 0 0 0 0 0 0 0 0 0 0 0
7.0248270558858 7.62078336693434 7.96359738799958 8 7.98842444388538 8.43610075945711 12.9189711071977 6 8 19.6003023120223 23.7473253760199 64.2997856339977 57.9261229459896 28.4261229459877 0 0.855461382009764 53.2633830219973 57.7717086333364 60 53.2633830219973 16.9825715685817 46.984268556988 14.7037560590019 9.67631211887063 7.10472588249548 1.82531036671615 0.162955080552315 0.00728052223735074 0.00145610444747015 0 0 0 0 0 0 0 0 0 0 0 0 0 0 0 0 0 0 0 0 0 0 0 0 0 0 0 0 0 0 0 0 0 0 0 0 0 0 0 0 0 0 0 0 0 0 0 0 0 0 0 0
7.01927313601163 7.01927313601163 34 7.01927313601163 6.56424048600644 6.85821380038955 6.10920783600125 6 10.072074639453 54.2275365055658 69.5449673499948 53.5862706205071 28.4261229459877 0 1.31824996162742 23.5 47 47 58.9827149933982 46.7838104876325 68.12633731199 69 69 55.8907921639988 29.5276867426189 2.74625354600852 6.77944308123626 3.34042831043492 0.215331967597352 0 0 0 0 0 0 0 0 0 0 0 0 0 0 0 0 0 0 0 0 0 0 0 0 0 0 0 0 0 0 0 0 0 0 0 0 0 0 0 0 0 0 0 0 0 0 0 0 0 0 0 0
34 34 34 34 28.1221424172218 17.9357595139936 20.8265516779923 8.8560654956549 11.2205593320253 43.3618824599813 36.4676264452413 0.145610448001662 1.55326902939329 4.14561044800823 8 4.14561044800166 0.145610448001662 12.5551352775406 69 68.12633731199 53.2275365055658 45.2778133467508 54.2922523648883 53.1092078360012 43 43 37.2184156720025 3.27409142001454 3.8847843188935 0.436831344004986 0.550407471922216 0.305781935596055 0.0611563862513051 0 0 0 0 0 0 0 0 0 0 0 0 0 0 0 0 0 0 0 0 0 0 0 0 0 0 0 0 0 0 0 0 0 0 0 0 0 0 0 0 0 0 0 0 0 0 0 0
34 33.4357595139936 33.2563384028961 13.1863829032283 5.59100653000104 5.59100653000104 3.94804158266414 3.09100653000104 2.94539608199962 4.14561044800375 8 10 9.03640261200042 8 8 8 8 53.3897203339873 68.472162125994 69 69 69 69 66 53.1157555264299 43 32 38.0602792062852 15.4469797316343 26.1841567200249 33.8158471875402 26.4995730507367 14.6993578398798 6.26734783402588 0.848822749785974 0.419358089550462 0.366938326186889 0.203854623730703 0.0407709256140465 0 0 0 0 0 0 0 0 0 0 0 0 0 0 0 0 0 0 0 0 0 0 0 0 0 0 0 0 0 0 0 0 0 0 0 0 0 0 0 0 0 0
32.8715190279871 12 3.18201306000208 5.59100653000104 8 8 8 8 8 8 9.27000879706441 10 10 8.07280522400083 8 8 8 24.527837874006 59.4708035351855 69 69 69 69 10 20.0492400870214 43.7280522400083 43 14.7826114410209 5.68182781557259 84 84 84 82.8533177219869 24.0366468329523 26.5880733674872 26.0478442383835 23.8472934349466 16.9895531739414 7.12367616073628 1.33259125138681 0.0407709256140465 0 0 0 0 0 0 0 0 0 0 0 0 0 0 0 0 0 0 0 0 0 0 0 0 0 0 0 0 0 0 0 0 0 0 0 0 0 0 0 0
5.59100653000104 12.2717086333364 8 8 8 8 8 7.99421222194269 7.96359738799958 8.07280522400083 9.03640261200042 10.3276235080037 17.0523237096098 11.9006917764568 10.6856280421305 9.51686653226263 8.29122089600332 24.1456104480017 69 69 68.6585211032979 66.8522458919755 29.3869866083149 35.4261229459877 63 63 43 24.37366268801 52 77.9325338709495 83.4175582079934 83.1595440861586 34.6562699988683 55.8862335851333 67.1638117540019 67.9271947759992 64.020480595433 56.3500146471082 42.1157863104753 16.8416283852837 4.9711779313359 0.0677088588415164 0 0 0 0 0 0 0 0 0 0 0 0 0 0 0 0 0 0 0 0 0 0 0 0 0 0 0 0 0 0 0 0 0 0 0 0 0 0 0
8 8 8 8 8 7.98179869399979 7 7 7 18.6842449450326 61 61 46.2133147847494 16 16 16 16 16 68.035330781989 68.6585211032979 10 10 10 6.89079216399875 23.3869866083149 61.9261229459877 53.3640261200042 43 52 52 52 40.4423619314688 48 48 77 71.4247588765759 57.2717086333364 55.2282913666636 67.4539608199938 61.6723764919963 25.2495092642483 7.76034291753948 0.0677088588415164 0 0 0 0 0 0 0 0 0 0 0 0 0 0 0 0 0 0 0 0 0 0 0 0 0 0 0 0 0 0 0 0 0 0 0 0 0 0
8 8 7.98179869399979 7.96359738799958 7.06366554995133 8.51167787948088 61 61 61 61 61 61 61 39.0586087487514 16 16 16 16 41.535330781989 41.4261229459877 10 10 10 4.10920783600125 4 32.4261229459877 63 57.7002143660023 52 52 52 48.0728052240008 48 69 63.027837874006 64.8610933960571 53 55.2282913666636 53.2730195900031 72.6317840468916 92.5449673499948 30.8383827343936 10.2783733411771 1.99832993383135 0.0276659847731534 0 0 0 0 0 0 0 0 0 0 0 0 0 0 0 0 0 0 0 0 0 0 0 0 0 0 0 0 0 0 0 0 0 0 0 0
8 8.18201306000208 8.36402612000416 14.3854768861193 24.5878450651542 31.1756901303085 61 61 61 61 61 61 61 38.5 16 16 16 16 16 13.1092078360012 11.2542141703578 10.3877810864444 11.2194875020139 5.97155793680427 5.32869533801517 45.7578927956599 64.5 63 52 52 52.2548182840029 52 48.2430866263326 90 83.5 53 53 59.5 67.5407775168906 68 67.8179869399979 69.1367305790098 56.1516781278413 16.7695831251803 15.8016917886551 12.8215257028892 5.88608164681006 0.0684369103872 0 0 0 0 0 0 0 0 0 0 0 0 0 0 0 0 0 0 0 0 0 0 0 0 0 0 0 0 0 0 0 0 0
18 18 18 18 18 19.5653123160179 40.2826561580089 61 61 61 61 61 61 16 16 16 16 16 16.8644209880549 18.1509019088102 30.8172082618293 50.0192731360116 41.8286953380152 41.8286953380152 69.7451817159971 64.5546039180006 64.5372405230753 63.1092078360012 52.3358471594471 59 66 59.1274091420015 71.1274091420015 90 86 53 53 52 61.5785987551908 62.4357595139936 58 37.9040436984862 38 38 83.5208427160207 92.3982850719817 20.624841405456 3.96531072162486 0 0 0 0 0 0 0 0 0 0 0 0 0 0 0 0 0 0 0 0 0 0 0 0 0 0 0 0 0 0 0 0 0
18 18 18 18 24.5878450651542 61 61 61 61 61 59.8897203339886 59.8897203339873 16.8190587700093 15.9073955510831 16 16.0983922356533 16 16 24.8094222020035 32.3993569019931 33.8828804041583 72.5726155694034 82.1820130600021 77.3640261200042 76.7997856339977 66 66 66 66 66 65.8543895519983 62 73.5942806172914 90 86 57.9708035351855 52.5267660439946 52.8495177531519 40.4732339560054 30.5405144377221 47.1648835840133 34.8008574640091 34 0.618844404048144 49.0899346999896 50 64.3982889023026 14.3330445539059 0 0 0 0 0 0 0 0 0 0 0 0 0 0 0 0 0 0 0 0 0 0 0 0 0 0 0 0 0 0 0 0 0
19.3286953380152 18 18 18 18 61 61 61 61 61 60.8610933266246 1.34689664405922 41.6627151879615 36.3265516779923 5.25748783147839 24.6184255521495 16.6188444040071 21.5860805912059 33 33 46 53.3169151099865 77.0416298946117 87 78.6703603239676 57 50.7577031410625 56.6723764919963 48 48 62 62 0 89.4791000269166 86 63.3617450164295 27.1638117540019 52.0535320879892 39.6077949194388 37.9146544866734 77.4538047357962 77.1991425359909 34 17 24.0899346999896 48.1798693999803 71.9942122479799 21.9622057144217 0.0553319695463068 0 0 0 0 0 0 0 0 0 0 0 0 0 0 0 0 0 0 0 0 0 0 0 0 0 0 0 0 0 0 0 0
54.5 79.8159860962685 18 18 46.8705012231632 59.8897203339873 61 61 61 61 1.11027966601267 0 36.5406994574337 24.8420591599675 34.3143728768276 26.7429262436362 33 33 33 33 61.8993569019931 89.4710611010344 87 87 68.2098509340081 51.1095486219858 48.5096365680058 48.2548182840029 48.0810288754442 48.3358471594471 62 62.1620577508884 1.29053872290128 87.8409824868979 1.49250709203846 58.1627399239904 59.0487141053587 34.2548182840029 41 34.0405144724383 34.1274091420015 34 33.8032155634096 0 39.613012472727 24.5000000000005 71.1723764919963 29.1929312719709 3.09533193139933 0 0 0 0 0 0 0 0 0 0 0 0 0 0 0 0 0 0 0 0 0 0 0 0 0 0 0 0 0 0 0 0
41.7638472466021 89.6713046619848 31.0460391800062 40.2826561580089 61 61 29.742774769446 61 61 61 1.11027966601267 0 35.6531033559846 36.7858522379168 16.5728052240015 22.156431117837 33 33 33 33 92 70.5461952642038 66.8711779414361 85.8351164159867 48.5096365680058 62 62 62 62 48.2548182840029 62 76 90 0 14.2360227526203 51.6613189929009 66 63.5974276079726 41.9100653000104 44.5389210280884 30.9259085553614 0 0.837260076015566 34.4107185017789 41 25.3918639940102 62.5 52.0822269862189 6.13533189325236 0 0 0 0 0 0 0 0 0 0 0 0 0 0 0 0 0 0 0 0 0 0 0 0 0 0 0 0 0 0 0 0
12.0853259598477 18 89.6713046619848 76.5460391800062 61.5460391800062 61 31.6102796660127 59.8897203339873 61 61 31.6102796660127 0 0 2.07329677618835e-11 1.20128619601371 17.1006430980069 33 57.6896617753903 33 32.809003350146 92 48 55 57.3996976879776 62 62 62 62 62 55.2548182840029 62 75.4903634319942 84.6909680560389 0.717684444390012 18.6552470160075 45.8577901435004 43.7730195900031 26.2662088551222 0.551748924643814 0.837260076009557 0.837260076009557 23 23 22.866881113361 11.0813699619952 23.6081360059913 62.9914352620056 50.8784581955979 6.02466795415975 0 0 0 0 0 0 0 0 0 0 0 0 0 0 0 0 0 0 0 0 0 0 0 0 0 0 0 0 0 0 0 0
9 18 53.1713046619848 91 47.1563188460189 51.6169009055128 60.2938911985152 31.6102796660628 30.5 61 61 15 4.58681666218057 20.8361882459981 16.5000000000185 16.5 33 57.5449673499948 45.3543895519983 17.555675748012 82.6544536316994 39.5 48 61.8262105914413 62 62 62 62 62 62 62 62 61.5267660439946 61.5267660439946 36.0868166968968 43.7730195900031 51 32.7102411920505 23.2720255252982 23 23 24.2922927260148 12.7922927260148 0 0 9.12699506688818 40 21.6321193145809 2.98466799230672 0 0 0 0 0 0 0 0 0 0 0 0 0 0 0 0 0 0 0 0 0 0 0 0 0 0 0 0 0 0 0 0
9.0364026120008 8.67237649199626 44.2754846583373 89.8703689138009 91 91 0 15.5980368098457 30.5 61 61 16.1034978492876 12.8813357728508 2.29808533826619 16.5000000000196 32.2083602521391 33.0364026120004 45.1633929021443 42.1006430980069 29 61.5 39.5 48 62 62 62 62 62 62 62 62 61.3762837971465 44.5434172666728 36 46.0711058472079 51 51.3458248140039 62.4826415503657 70 32.7852524163553 70.6698965991185 90.5781544719609 30.8877433073288 0.23151110493422 8.96318331288631 40 39.6126761958177 8.99263365577296 0 0 0 0 0 0 0 0 0 0 0 0 0 0 0 0 0 0 0 0 0 0 0 0 0 0 0 0 0 0 0 0 0
20 20 10.1157555524671 0.364026120004155 74.3579401214724 73.7456434252521 89.3436811539811 43.8436811539811 31.6102796660127 61 15 23.1509597982996 33.3373427015279 0.27301959001544 16.309003350146 29.6378005711051 53.7221866532492 42.1006430980069 58 28.8543895519983 64.7567329703803 31 48 55 62.436831344005 62 62 62 62 61.2173438419911 48.2173438419911 32.8750506248557 37.3913668232616 38.1113514960241 52.1284809720129 51.6916496280079 70 70 0 79.5986660713484 0 0 0 0 40.0810288754442 40.5096365680058 33.1926329625974 4.19263376089156 0 0 0 0 0 0 0 0 0 0 0 0 0 0 0 0 0 0 0 0 0 0 0 0 0 0 0 0 0 0 0 0 0
20 19.6359738799963 19.6359738799958 20 20 20 10.3640261200042 0.364026120004155 29.3897203340215 61 38.8372600760096 60.3794796349783 64.0347266509857 38.0800348454555 5.99924513890221 35 48.7221866532492 58 54 50 71 31 48.0810288754442 68.2184156720025 73.851037629969 70.0568832074334 61.4357595139936 60.4346876839821 60.4346876839821 33.1294987768368 21.7301959000312 20.3650979500156 80.0085647379944 44.2919110346495 22.0157305240539 45.501509722196 69.5449673499948 70 0 94 45.2890772359805 0 0 0.982870524025327 49.3996976879776 36.1100726088582 8.71400420146247 1.04068522039266 0 0 0 0 0 0 0 0 0 0 0 0 0 0 0 0 0 0 0 0 0 0 0 0 0 0 0 0 0 0 0 0 0
19.2719477599917 17.2543556557898 3.31263769203781 19.5204718208603 16.5718602488266 21.2922927260148 20 19.6359738799958 40.6274091420015 66.9652733490143 57.8293485397837 65.9715583962833 67 66.8907921639988 48.4732339560054 35.6916496280079 24.8543895519983 58 54 50 50 34.2567329703803 55.2184156720025 74 74 74 46.5 19 19 19 94 93.8437300011317 55.5995712679954 44.1809412299907 0.893774011888749 45 47.1721611824118 70 70 93.6723764919963 1.38329925601579 0 0.121543330524419 38.3008574640091 47.0797794151412 11.5792423365777 1.04068522039266 0 0 0 0 0 0 0 0 0 0 0 0 0 0 0 0 0 0 0 0 0 0 0 0 0 0 0 0 0 0 0 0 0 0
27 18.1279890546412 30.8848327952822 88.6702328319734 57.8351164159867 54.4625255579882 20.2548182840029 27 47.4849656136757 66.7569133736674 45.2355451479913 64.1092078360012 66.8907921639988 42.0231025087664 42.2051155687684 25.87366268801 21 41.5 54.1456104480017 50 50 40.7366169780027 60.5267660439946 74 74 74 37.000000000005 18.3083503719937 8.93706031765047 52.2239938936081 92.6349020499844 68.189505967985 45 45 18 40.5 36 70 70 76 26.3563673744947 0.382227426004363 15.5010475534615 59.2310013642002 15.3267353228303 3.27032720202609 0 0 0 0 0 0 0 0 0 0 0 0 0 0 0 0 0 0 0 0 0 0 0 0 0 0 0 0 0 0 0 0 0 0 0
27 27 27 27 27 27 27 65.5438955199834 66.7569133736674 46 46.2430866263326 60.3222751617432 67 63.2260102393147 73 47 21 39.5728052240008 52.7743543637407 49.2537464539915 49.2537464539915 45.5 47.2961715708274 60.9271947759992 74 74 38.3468966440154 38.3468966440154 74 10.846896644031 43.4914352620056 46.4559489494036 22.3361882460285 45 40.2395500134583 40.3361882459981 47.1721611824118 64.7910055864189 70 76 39.401500562016 1.07738499082474 33.9549961105882 11.9251161630035 1.88865091723751 0 0 0 0 0 0 0 0 0 0 0 0 0 0 0 0 0 0 0 0 0 0 0 0 0 0 0 0 0 0 0 0 0 0 0 0
27 27 27 27 27 27 27 46.2719477599917 67 45.7569133736674 66.7569133736674 52.6777248382568 45.2355451479913 65.5 68 46.12633731199 21 21.527837874006 50 28.7537464539915 29.6280910383112 46.9453960819994 47 29.5142208018583 72.9079216399875 74 74 73.0535320879892 72.1070641759784 36.1808631965816 71.5884084337385 8.53237355475873 17.791639989938 44.1809412299907 36 46.5 53.3822274260044 70 56.0085647379944 75.4051446540133 76.5182013060002 61.1790650668235 17.7002776903932 2.83658450187705 0 0 0 0 0 0 0 0 0 0 0 0 0 0 0 0 0 0 0 0 0 0 0 0 0 0 0 0 0 0 0 0 0 0 0 0 0
27.6916496280079 27.3458248140039 27 36.5 27 27 27 34.5843326613131 39.5653617880758 45.4786317743239 25 66.7569133736674 25.7644548520087 65.5 71.944324251988 21 23 36.027837874006 50 30.2462535460085 47 45.6092078360012 46.809003350146 47 44 74 74 74 74 51.1940122366906 24.3554613820098 44.180941229992 35.3447529839936 40.127828235935 30.4845946368331 57 63.4247589460084 69.6648347368627 43 60.6188444040071 77 60.5864334439556 9.53710905895606 0 0 0 0 0 0 0 0 0 0 0 0 0 0 0 0 0 0 0 0 0 0 0 0 0 0 0 0 0 0 0 0 0 0 0 0 0 0
46.1852088978339 46 27 36.6099677744098 46 36.8458248140039 34.2021052353088 67 40.3298166400845 32.9635479159417 66.2355451479913 26.0075414783413 66.9271947759992 64.9453960819994 61.4865340592394 23.0728052240008 23.4550326500052 50 50 47 47 48.4453960819994 41.9442124396489 14.6006430980069 44 74 74 74 73.0535320879892 34.6446944253955 47.3640261200042 18 34.277257644347 23.9622919096322 35.3447529839925 56.6177725739956 61.2717104712526 65.1980176626668 37.2997856339977 75.3618824599813 62.7710475614835 14.8091215804642 1.88865091723751 0 0 0 0 0 0 0 0 0 0 0 0 0 0 0 0 0 0 0 0 0 0 0 0 0 0 0 0 0 0 0 0 0 0 0 0 0 0
78 51.6702332348777 27.6916496280079 46.5824417920066 46 46 56.1177725739956 62.7148235879869 66.9271947759992 66.9271947759992 60.4925565640749 64.9768488530545 63.4817986939998 63.510606738688 38.7724634944342 24.9040436637699 49.8553055746045 50 50 47 48.8623505602821 38.6572349915136 46.1991425359909 46.3993569019931 44 74 74 55.9666957167274 39.3878007955256 42.714825425903 47 18 18 2.95780517671901e-11 24.1706519196953 46.8822274260044 45 45 32 22.3545180265752 10.1491217287125 1.88865091723751 0 0 0 0 0 0 0 0 0 0 0 0 0 0 0 0 0 0 0 0 0 0 0 0 0 0 0 0 0 0 0 0 0 0 0 0 0 0 0
78 78 78 78 62.5824417920066 47.1648835840133 46.4946310998374 54.6357888776424 61.9079216399875 61.9079216399875 63 63 63 45.055675748012 21 23 50 50 48.9169544782827 46.006285047269 43.491045328304 3 3 47 44 74 74 74 22.4550326500052 39.1492006941011 47 26.0561288058146 36 29.5374744420118 10.8076733531527 57 51 44.2173438419911 38.5 10.0846898178784 0 0 0 0 0 0 0 0 0 0 0 0 0 0 0 0 0 0 0 0 0 0 0 0 0 0 0 0 0 0 0 0 0 0 0 0 0 0 0 0 0
78 76.2727859478588 40.689505967985 31.2701536979301 76.1288514608719 75.1605962639676 47.7866842962925 33 32.3993569019931 49.4561044800166 63.9100653000104 63 68 72.0535320879892 21 27.9708026162274 50 50 44.4715583962833 27.6638117540019 47 3 25.8008574640091 47 44 74 74 73.5921855970594 39.5 35.6820130600021 31.1006430980069 42.0642404860064 36.1215433478825 46.8822274260044 57 57 50.7815843279975 10.5323735547587 31.1294987768368 8.87522486168225 0 0 0 0 0 0 0 0 0 0 0 0 0 0 0 0 0 0 0 0 0 0 0 0 0 0 0 0 0 0 0 0 0 0 0 0 0 0 0 0 0
53.758862047384 19.6517978714056 78 30.2558901140143 69 69.6916496280079 69.6916496280079 69.4557925189813 81.7567311324641 88 88 75.9550326500052 63.6370457100073 72.12633731199 23.9828705240112 37.5 50 42.9571033436283 27.5546039180006 45.2253048502748 42.507492907983 3.25466219980534 46.8725908579985 50.4907280350496 65.5 73.6905777979965 65.1905777979965 57 23.0715191966878 35.3179869399979 47.0578777979312 56.2229755445299 36 46.4305466980285 56.563168655995 45 45.1809412299907 23.6809412299907 17 7.16518003898713 0 0 0 0 0 0 0 0 0 0 0 0 0 0 0 0 0 0 0 0 0 0 0 0 0 0 0 0 0 0 0 0 0 0 0 0 0 0 0 0 0
62.5824417920066 77.7684888082752 57.1445386179902 35.7558901140143 67.9625255579882 87.5442074810187 88 88 88 88 88 88 79.3897203339873 60.62633731199 37.9550326500052 50 50 40.1820130600021 4.49250709201704 3.74625354600852 3.67344832200769 22.1734483220077 40 40 48.5 57 57 40.1370457100073 23.9992451389022 29.8993569019931 50.2859294351947 22.5000000000132 45 45 44.2173438419911 2 23.6809412299907 23.6809412299907 17 7.31648840782086 0 0 0 0 0 0 0 0 0 0 0 0 0 0 0 0 0 0 0 0 0 0 0 0 0 0 0 0 0 0 0 0 0 0 0 0 0 0 0 0 0
74.2078327503853 58.2002143660023 34.5000009189581 67.9625255579882 39.4625255579882 34.8993566599171 68.1275450551282 62.4865340592394 69 88 88 88 50.2199355488196 50 50 49.7601091420667 49.6359738799958 40 43.8543895519983 3 21.5 40 40 40 48.2889699989335 57 57 57 35.5 14 45.2890772359805 45 45.287868973974 44.7511255522148 44.2173438419911 2 25.0586087487514 23.6809412299907 33.1830848900135 11.0218415637286 0 0 0 0 0 0 0 0 0 0 0 0 0 0 0 0 0 0 0 0 0 0 0 0 0 0 0 0 0 0 0 0 0 0 0 0 0 0 0 0 0
47.2472237166907 29 40.5 13.1034978492876 13.6745201520191 66.9143087478784 87.1081360059898 36.0085647379944 50 87.3083503719921 88 68.7800644511804 49.8437300011317 49.8437300011317 50 41.557800565937 40 40 40 40 58 57 45.586081510164 48.8094222020035 40 57 57 57 35.5 13.6641528231948 0 0 56.4903634319942 9.23554986654909 30.1317889728092 2 23.6141585108253 12.9498685035129 32 12.1534044669461 0 0 0 0 0 0 0 0 0 0 0 0 0 0 0 0 0 0 0 0 0 0 0 0 0 0 0 0 0 0 0 0 0 0 0 0 0 0 0 0 0
58 55.7866842962925 57.3811555959929 58 58 58.4004287320046 68.5995712679954 23 36.0085647379944 23 67.3254798479809 23 23 23 36.3437300011317 22.5267660439946 39.4539608199938 40 40 40 75.3447529839925 57 48.5983922009371 56.9016077990629 48.8094222020035 57 57 57 36.2826561580089 0 0 1.03153058843602 43.5096365680058 36.2548182840029 31.3720109453588 42.2537464539915 42.9363344500487 32 31.6971302619076 6.99340450466422 0 0 0 0 0 0 0 0 0 0 0 0 0 0 0 0 0 0 0 0 0 0 0 0 0 0 0 0 0 0 0 0 0 0 0 0 0 0 0 0 0
58 41 41 57.8032155286934 58 69 58.8008574640091 23 24.2194875020139 23 23 23 22.7633830219973 22.7633830219973 14.4565818143691 10 10 39.2803274956326 46.3790114355631 40.6552470160075 66.1905777979965 66.5 56.3083503719921 57 56.1627399239904 56.1627399239904 48.2780178989689 55.9625255579882 0 0 7.37050076368414 43 43 43 43 32 35.7881564382418 32 23.8060381803145 5.01010702943678 0 0 0 0 0 0 0 0 0 0 0 0 0 0 0 0 0 0 0 0 0 0 0 0 0 0 0 0 0 0 0 0 0 0 0 0 0 0 0 0 0
52.055675748012 37.6562699988683 24 24.6188444040071 52 72.7709537722386 80 24.0374744420118 56.5 23 23 24.0374744420118 23 16.5 16.5 10 10 10 43 58.6552470160075 76 61.0240085012513 19.7075711187824 42.6018120342179 34 34 26.1152779749785 27.6627399239904 0 0 0.782656158008933 43 42.7451817159971 43 37.7002143660023 32 57.0314234678615 52.1422098564996 37.3518265177731 2.49670230976699 0 0 0 0 0 0 0 0 0 0 0 0 0 0 0 0 0 0 0 0 0 0 0 0 0 0 0 0 0 0 0 0 0 0 0 0 0 0 0 0 0
