rasters/edaphic/S_SAND.asc
NCOLS 720 
NROWS 300 
XLLCORNER -180 
YLLCORNER -60 
CELLSIZE 0.5 
NODATA_value -9999 
[rows 180 to 215 of 300, columns 405 to 485 of 720]
77.7432688675359 62 62 62 62 62 62 62 41.3623258242531 29.9357595139936 38.7040923422199 22.5070788328697 27.2271077243131 37.0717333939894 22.0069670205307 56.1397399935114 39 38.0644257304368 54.3169151099865 18.7901490659927 0 0 0 0.538263307282789 20.7265185340059 20.2432670296197 29.7339960843534 33.0803759742422 25.9140745978078 28.5995712679954 11.7509403077853 69.3083503719921 60.0728052240008 21.5183038842875 36.7141968513099 35.288341366458 35.2916400246531 41.7269023678981 43.0364026120004 45.8190587700093 32.7605134746398 13.0273231638876 1.73447525245135 0 0 0 0 0 0 0 0 0 0 0 0 0 0 0 0 0 0 0 0 0 0 0 0 0 0 0 0 0 0 0 0 0 0 0 0 0 0
62 62.1099677049773 62.6916496280079 71.8458248140039 62 62 62 61.7269804099969 46.3649962906864 19.9712949505385 19.4732339560054 19 37.4175582079934 33.5 26.9368313440214 25.0373236097843 16.9664420268944 0.663548709549635 22.9131833031032 0 0 0 0 35.5687408910709 17.1178994210095 33.2964635015338 36.3326811193082 22.2466430283586 18.1924631383366 17.7655512588325 58.3914838889776 50.908993469999 61.7137288755095 45.2753483514938 21.138430040274 20.7548182840029 18.3570352824026 41.9090715120977 43.197568635598 54.1942894078903 10.5205563922899 0.809421780648304 0 0 0 0 0 0 0 0 0 0 0 0 0 0 0 0 0 0 0 0 0 0 0 0 0 0 0 0 0 0 0 0 0 0 0 0 0 0 0
81 81 81 81 71.5 62 61.9237648813035 36.8822274260044 44.5442074115862 38.7567329703803 32.5890918436237 19.5096365680058 24.006285047269 36.7737019645573 39.8198722884654 44.5364026120004 0.254662217163454 10.1863829032283 21.3955037121675 0 0 0 13.5077466176588 26.0530547692835 31.3993569019931 40.3172753392019 39.8680304412169 33.5454159410548 13.6538829465957 42.0201159923776 29.9271947759992 48.5 34.3048966677449 19.564239968341 19.9834746550145 19.908993469999 18.3752365884028 32.0813699619952 30.217926060891 10.0906447083885 1.73447525245135 0 0 0 0 0 0 0 0 0 0 0 0 0 0 0 0 0 0 0 0 0 0 0 0 0 0 0 0 0 0 0 0 0 0 0 0 0 0 0 0
81 81 81 81 74.7567311324641 62.3458248140039 71.8458248140039 43.1254944556241 25.0807662322846 44.8553055746045 45 19 22 21.2257233008397 34.1638117540019 36.3717965703792 22 0.873662688049409 23.4041506413827 0 0.89186399401018 0.794465788345555 32.3640265794832 44 31 24.3719145144294 37.2090178293594 24.2431647031476 48.533050689971 43.9802247936069 54.5489478541367 53.5289100283582 65.6538325620954 35.5182013060002 20 46.7351800776335 23.3680066003718 25.1436637840794 9.19092371232402 1.54999069668477 0 0 0 0 0 0 0 0 0 0 0 0 0 0 0 0 0 0 0 0 0 0 0 0 0 0 0 0 0 0 0 0 0 0 0 0 0 0 0 0 0
81 81 81 81 81 81 81 43.2789092011929 46.2355451479913 45.5906951404168 44.9165352251326 19.1092078360012 7.93913554177132 21.8107570765083 35.9288941527921 43.3811555959929 21.1991425359909 24.3906071269372 24.0182013060002 0.618688319822945 1.69675524164222 0.800857464009762 14.3164185182084 11.4864857358791 28.1734483220077 32.3468966440154 37.2596178274398 6.26338302199825 53.9681779811649 67.8379422491116 51.6988017500064 43.9135489101959 58.4660332874228 18.9743057860168 20.8198186389854 49.7152487523266 21.1512686043124 10.3876026408018 2.67350899096565 0 0 0 0 0 0 0 0 0 0 0 0 0 0 0 0 0 0 0 0 0 0 0 0 0 0 0 0 0 0 0 0 0 0 0 0 0 0 0 0 0 0
80.5779400672996 81 81 81 81 81 64.6188444040071 47.4220600021329 33.0077218816284 41.8183771980403 28.9625017409173 19 19.9178994534569 39.3361882459981 33.09103126603 26.1251289336106 4.90564660963356 25.0642404860192 39.8814192350625 40.3492984710201 20.5783245224337 50.1350293643007 44 53.6359738799958 46.8008574640091 68 33.3265516779923 1.31535360158104e-11 45 42.3539214516976 38.8645815468185 33.9786808982668 57.7357792742876 57.8444899395403 48.7250409025113 22.7442918881801 9.69323209518247 1.98391837103124 0 0 0 0 0 0 0 0 0 0 0 0 0 0 0 0 0 0 0 0 0 0 0 0 0 0 0 0 0 0 0 0 0 0 0 0 0 0 0 0 0 0 0
78.9250511159763 74.0015697263934 81 81 81 81 64 32.9004525490754 43.144874326664 34.3213921918714 20.0192731360116 23.2897597269076 25 26.2186006743559 18.2093540400518 17.6365537926365 12.9955570831323 31.6552470160075 40.5138264011101 55.5312969636499 38.5876592023332 28.4909086635631 47.1162031481688 56.293237943569 66.503303074879 33.3447529839925 3.54195652876875 13.8785886268051 1.6381175400187 10.6823833080187 67.2636460664495 51.806016031172 53.1848685206613 50.5100806184899 67.2279745992021 23.2063212667845 1.82721600191128 0 0 0 0 0 0 0 0 0 0 0 0 0 0 0 0 0 0 0 0 0 0 0 0 0 0 0 0 0 0 0 0 0 0 0 0 0 0 0 0 0 0 0 0
24 24 51.4625255579882 80.9131833031032 80.4539608199938 81 69.8278388175881 46.7277403484054 29.478004103042 26.6916496280079 41.8183771980403 21.8907921639988 25.4004287320046 13.4903634319951 24.4097290736712 14.6770633041361 31.3094222020035 40.9929211671303 48.4903634319942 39.4708026162274 43.9296306754224 46.432144547512 48.3593393235111 48.8413762095613 20.9284031887923 50.6773262635091 26.3238522668144 9.06366554995133 9 8.7897592674294 49.8990401107574 48.9132131007961 50.8551205960253 44.7316080286515 34.3041073394869 12.2285197073925 0.616702314535363 0 0 0 0 0 0 0 0 0 0 0 0 0 0 0 0 0 0 0 0 0 0 0 0 0 0 0 0 0 0 0 0 0 0 0 0 0 0 0 0 0 0 0 0
24 24 24 24 65.2355451479913 80.6401637131001 81 47 46.3064118685439 46.9635973879996 25.9941342058811 33.3276235080037 35.8726689000973 0.455032650025734 34.2901490659919 39.1327000347815 47.5085647379944 24.1215433305417 34.9848636775542 48.6466334308625 49 49 52.7633830219973 24.5040337836229 28.4435636117203 34.493817804996 11.378851225922 14.2997856339977 9 6.04266297992383 28.6177725739956 28.2742766991603 38.9844920585458 39.869857132328 17.7137544931677 2.41466808929262 0 0 0 0 0 0 0 0 0 0 0 0 0 0 0 0 0 0 0 0 0 0 0 0 0 0 0 0 0 0 0 0 0 0 0 0 0 0 0 0 0 0 0 0 0
24 24 24 24 44.2355451479913 66 63.3811555959929 47 47 44 30.4004287320046 39.1530461699661 36.4004287320046 0 15.5000000000394 31.1270198029171 43.390212251359 28.1091835594513 34.9914352620056 24.8976517460431 25.3918639940102 35.6102796660127 34.5 32.8989428268799 40.8846582718911 43.413918489836 28.6564794411974 9 9.20021436600229 9 9 29.1273310999027 18.2513929564719 47.6489487533854 11.8798493748956 1.02188442284861 0 0 0 0 0 0 0 0 0 0 0 0 0 0 0 0 0 0 0 0 0 0 0 0 0 0 0 0 0 0 0 0 0 0 0 0 0 0 0 0 0 0 0 0 0
24 24 24 24 24 58.5578203097344 56.6027381876713 46.9884244265273 38.4930385587988 34.8014611937198 38.7019137427952 37.629474959766 46.5995712679954 12.5 24 49.285511186082 49 28.0967700054713 34.9914352620056 48.3255286951315 58.6231116689475 64.4903634319942 48.4482511100724 26 44.6390098684425 37.0995712679954 29.0728052240008 4.55963174897032 9 9 9.80085746400914 31.0983922009371 39.7622040243714 24.7077017639256 9.66693949381304 2.66000008583069 0 0 0 0 0 0 0 0 0 0 0 0 0 0 0 0 0 0 0 0 0 0 0 0 0 0 0 0 0 0 0 0 0 0 0 0 0 0 0 0 0 0 0 0 0
24 24.133118886639 24 24 23.8543895519983 24 44.4786317743239 55.5 45.6571855194557 45 41.0728052240008 40.7087791039967 32.4023672354528 12.5 0.764454852043233 48.0212413364282 49.4004287320046 48.5 30.85488146937 47.173399474857 64.3437300011317 48.7163989012291 74.9325338709495 79.8351164159867 25.9453960820002 27.6006430980069 14.4913084653548 8.83618824599832 9 9.2315110875761 47.2901490659919 48 56.3901837645269 25.6215842660545 11.1599998474121 1.70000004768372 0 0 0 0 0 0 0 0 0 0 0 0 0 0 0 0 0 0 0 0 0 0 0 0 0 0 0 0 0 0 0 0 0 0 0 0 0 0 0 0 0 0 0 0 0
31.9762699791683 35.9186300380048 28.2644548520087 24 50.1202671730128 20.8372600760096 43 55.1177725739956 45 44.3143728768276 41 41 25.4004287320046 13.3554613820098 0 43.2926087239964 47.9443242519884 41.4364071965349 51.6951382147781 34.6562699988683 41.2070155490064 48.7079461770259 25.3918639940102 48.3917371047608 41.4929211671303 31.1713825042432 41.4423600935527 34.5367238383811 29 30.2680689151791 43.118137177051 41.5948597198266 41.5294571783258 65.1101482627149 8.75871529781465 0 0 0 0 0 0 0 0 0 0 0 0 0 0 0 0 0 0 0 0 0 0 0 0 0 0 0 0 0 0 0 0 0 0 0 0 0 0 0 0 0 0 0 0 0 0
43.9146751888499 35.7027283075243 38.9230829155613 27.5405144377221 45.1274091420015 66 43.2662377732781 40.6420202019022 44.9040436984862 43 41.0728052240008 41 47 36.4004287320046 0.855461382009764 13.800906017109 41.5138266779023 56.1456104480017 48.936831344005 48 34.9914352620056 58.8435693416421 25.2022563667362 56 48 48.9635973879996 50.6876442714642 28.632202881391 35.7106690543451 40.8237747267343 38.8239597290877 25.7979246706296 42.4804639202622 35.4528919013451 13.7962307325419 0 0 0 0 0 0 0 0 0 0 0 0 0 0 0 0 0 0 0 0 0 0 0 0 0 0 0 0 0 0 0 0 0 0 0 0 0 0 0 0 0 0 0 0 0 0
34.5 38 35.6998497629469 38 60.1281640030992 66 43 30.4453960819994 40.9453960819994 41 42.9271947759992 42.0284416037167 47 47 44 0.746253546008518 23.3001511560122 48.1081360059909 73.0106305557589 64.2077851162436 48.1986164470864 48.0926044489169 48.1986164470864 58.8061965589594 55.7087791039967 51.0485773711853 31.0648453644147 48.3649962906864 48.0631938859152 36.8384391430679 39.4381661177426 30.6088184969169 32.2275360460868 65.5411551943545 14.0830837961082 2.50188449935698 0 0 0 0 0 0 0 0 0 0 0 0 0 0 0 0 0 0 0 0 0 0 0 0 0 0 0 0 0 0 0 0 0 0 0 0 0 0 0 0 0 0 0 0 0
38 38 38 38 59.5 65.7392378797794 38.5282281320484 42.5372405925078 39.1186885966018 38.494026767382 45.9939496048202 44.1092078360012 47 47 47 21.3554613820098 20.7569133389512 48.3907921639988 17.7168615467007 24.5020167708261 48 55.7087791039967 48 35.5359986898987 66.381974635288 16.6825287944726 9.72485640217652 18 9.85538333994384 40.3276235080037 39.5 46.6750461401975 47.7550813284551 38.3169158571383 40.5260384905501 4.14000010490417 0 0 0 0 0 0 0 0 0 0 0 0 0 0 0 0 0 0 0 0 0 0 0 0 0 0 0 0 0 0 0 0 0 0 0 0 0 0 0 0 0 0 0 0 0
38.9100653000104 38.9100653000104 38 38.4977488955704 66.8705012231632 81 51.5995712679954 31.5 21.5702868079128 45.6211493484268 38 43.5330258375692 45.7814285119131 46.3190099228587 46.2321932606781 44.8157076505652 3.45446924310247e-13 41.7569133389512 42.1149955880214 53.8512226670387 25.0622234384407 46.2526746239801 78.7794406679751 46.6160328360767 25.0000000000121 49.0203253138206 33.8179869399979 48.2731075852713 48.4708080097515 48.9817986939998 48.5182013060002 48.6714063213141 24.4817986939998 34.8253316083149 12.4808573078825 4.05117772954019 0 0 0 0 0 0 0 0 0 0 0 0 0 0 0 0 0 0 0 0 0 0 0 0 0 0 0 0 0 0 0 0 0 0 0 0 0 0 0 0 0 0 0 0 0
46.5703491481939 63.9100653000104 38.9100653000104 59.438536292608 81 38.8943779355322 46.5995712679954 17.1111225805651 44.0744811850155 39.5972663235757 34.0722306805593 22.7019146617533 4.81798693999792 12.8414499438719 26.2420637129043 51 38.4732339560054 44.7366169780027 48.1092078360012 54.2128909644346 6.62445255031643 30.8827243199607 1.46113231099102 15.0010916902042 51.4453960819994 49 51.047461949012 41.371256084261 48.5057877520201 48.9817986939998 48.9942122479799 49 42.628743915739 30.8791529143474 10.9269381775626 1.72563698128372 0 0 0 0 0 0 0 0 0 0 0 0 0 0 0 0 0 0 0 0 0 0 0 0 0 0 0 0 0 0 0 0 0 0 0 0 0 0 0 0 0 0 0 0 0
55.3397161518165 86.1798693999792 42.5 81 81 64.0000000694325 47 44.8646298497148 40.3447529839925 13.6723764919963 10 18.7800014569199 12.7793822780784 51 51 51 51 51 51 50.6401637131001 44.8472909440376 57.0834650169435 14.9794699325091 18.460060498333 49.4175582079934 49 44.0463022244585 48.0124135539801 48.8103923726857 48.6714063213141 44.6638117540019 40 40.4550326500052 38.7530940704549 48.2375218948549 2.67920739224035 0 0 0 0 0 0 0 0 0 0 0 0 0 0 0 0 0 0 0 0 0 0 0 0 0 0 0 0 0 0 0 0 0 0 0 0 0 0 0 0 0 0 0 0 0
63 38 42.3361882459981 80.2173438419911 64.6188444040071 81 42.3361882459981 30.1723764919963 10.9146742698919 5.76602852266207 9.90899346999896 17.7730195900031 28.8061727418886 43.5868166968968 51 51 51 51 50.8137971068937 36.3598362868999 43.7730195900031 42.2582426925764 61.6991425359909 23.6081360059898 49 48.5182013060002 48.1350037093136 48.2700074186273 48.1532050153139 48.5182013060002 49 44.7366169780027 57.9807268639884 56.2269804099969 17.1211103093216 8.05498230678441 1.0988054085244 0 0 0 0 0 0 0 0 0 0 0 0 0 0 0 0 0 0 0 0 0 0 0 0 0 0 0 0 0 0 0 0 0 0 0 0 0 0 0 0 0 0 0 0
63 38 38 38.2893888507911 72.8468426188279 58.8447529839925 37.1048621520964 27.7212940984957 7.74573229995773 5.35983625218368 10.0578777805731 25 68.8227028967229 51 50.908993469999 51 51 51 43.3137971068937 43.7730195900031 0.709850934008102 50.7048233277563 9.70642652543516 12.4096613779069 44.5570343388205 39.1325975994559 48.1025816014551 47.4453960819994 48.6714063213141 48.9453960819994 48.6723764919963 35.6638117540019 38.2290462277614 45.7604981649377 34.359992301665 33.9769060791625 9.60792357448078 0.0647966483192525 0 0 0 0 0 0 0 0 0 0 0 0 0 0 0 0 0 0 0 0 0 0 0 0 0 0 0 0 0 0 0 0 0 0 0 0 0 0 0 0 0 0 0
63.9100653000104 38.9828705240112 63.3775898923192 39.2376888080141 46.5703491481939 26.8629542899927 10 16.3500439853221 3.31269606457599 11.1905777979965 28.6905777979965 31.7366169780027 37.9914352620056 51 46.0197752063931 46.1530741610365 51 51 51 50.0717333939894 19.5 18.3963602326047 51.0240955856888 5.99924513890221 16.338268769902 46.0661794914734 46.6687610929285 46.3610157865445 46 47.5546039180006 40 40.1456104480017 42.413918489836 48.6981975952289 48.7730195900031 69.5 23.3743026711438 1.77999997138977 0 0 0 0 0 0 0 0 0 0 0 0 0 0 0 0 0 0 0 0 0 0 0 0 0 0 0 0 0 0 0 0 0 0 0 0 0 0 0 0 0 0 0
98 70 42 56.6006430980069 36.5103676120327 17.8847220250215 10 10 14.8179869399979 10.1241352967871 15.1820130600021 37.9189711245558 51 51 1.58351362201807 38.952538050988 51 51 51 25.2815843279975 20.2098509340081 38.3151268189673 50.8129591263863 0.637045710007271 23.6081360059898 47.5546039180006 47.6638117540019 47.4453960819994 46.9857791981417 49 40.3822274260044 47.8361644289273 54.4469699823922 57 56.1820130600021 75.186812603439 26.3825902938843 1.77999997138977 0 0 0 0 0 0 0 0 0 0 0 0 0 0 0 0 0 0 0 0 0 0 0 0 0 0 0 0 0 0 0 0 0 0 0 0 0 0 0 0 0 0 0
87.2002143660023 69.0154535149741 42.9947085391914 71.8993569019931 56.6006430980069 31.1579403805535 14.3109713663674 10.3276235080037 10.3276235080037 19.4817986939998 18.4679434141549 37.6723764919963 50.7633830219973 51 31.6549406105273 39.2859294351947 50.0477683544921 50.7048233277563 0.709850934008102 39 19.5 51 24.5717333939894 16.8629542899927 1.43790317401641 36.9273853495546 54.9632226616163 73 67 60.9363344500487 52.0602603593829 78.5813699619952 32 65.028680730372 60.4506869400632 65.4924054326878 21.1616695754704 0.0647966483192525 0 0 0 0.78766597523641 2.3400000333786 2.40000003576279 1.63999998569489 0 0 0 0 0 0 0.0108537458972574 1.62320641390355 1.63703941062966 0.821498948549501 0 0 0 0 0 0 0 0 0 0 0 0 0 0 0 0 0 0 0 0 0 0 0 0 0 0
98 64.0899346999896 52.834053280971 72.3900322950227 61.0557875603511 19 19 19 19 24.5860805912059 22.2616827262463 28.87183091959 38 50.5267660439946 37.2730195900031 50.8137971068937 51 25.2048233277563 38.8900322255902 39 0.928266606010595 51 0.928266606036932 0.27202554265632 27.5 40.6497046023987 20.2954105217478 73 60.832154427659 51.5653123160179 52.9683474593786 87.8172577338872 32.7280522400083 16.5824417920066 62.8458248140039 45.0007548610978 21.8998952130006 1.77999997138977 0 0 0 1.51999998092651 19.9160163996806 21.3635966384868 3.75426138517034 2.11426128894523 1.05713064447261 0 0 0 0 1.1363597656636 6.00416070582918 19.4817986939998 4.12831190648508 0.602907906670653 0 0 0 0 0 0 0 0 0 0 0 0 0 0 0 0 0 0 0 0 0 0 0 0 0
72.3208912165142 62.0441002439718 71.4268889732638 79.5 56.5096365680058 60.2641429604059 35.5824417920066 20.1648835840133 19.5824417920066 19 19 19 37.5499951636064 38 44.2765564796697 51 51 0.709850934040145 39 19.5 51 51 26.4051155284976 22.6445386179918 5.5 14.8543895519983 73 66.6758844287907 60.5267660439946 76.4175582079934 61 60.472162125994 52 72 72 51.3629542899927 15.8165830470625 1.77999997138977 0 0 0 1.46466801138021 2.25481792008256 2.31263376565993 5.66029951137124 27.539999961853 2.03999996185303 0 0 0 1.6182013276723 4.40158479615777 26.0829333097235 16.129606316062 20.805821896381 7.57832977101855 0 0 0 0 0 0 0 0 0 0 0 0 0 0 0 0 0 0 0 0 0 0 0 0 0
65 89 73.7598962731432 77 70 60.8458248140039 51 51 35.5824417920066 50.6401637131001 35.4956250951098 20.0780668871165 19.5824417920066 38.4732339560054 40.8136170967717 51 49.1434667879788 20.2098509340401 38.0644257304371 0.928266606010595 51 47 42.4428477361987 0.928266606052498 5.67363332436114 12.1284809720129 60.4481142567116 48.7194426805882 47.2415424229066 39.3719231554755 40.6400130756042 47.0373718793713 34.0728052240008 83.4098344884488 87.3974440535319 48.9327748355209 7.66631669520775 0 0 0 0 0 0 0 4.00573859661386 4.00573859661386 2.00286929830693 0 0 1.01999998092651 7.31139203832201 30.3254388379074 39.1919154545386 48.1092078360012 62.563168655995 13.7980725840664 0.0589722316142543 0 0 0 0 0 0 0 0 0 0 0 0 0 0 0 0 0 0 0 0 0 0 0 0
65 77 88.563168655995 67.591006530001 70 70 51.2548182840029 51 51 43.5 50.6401637131001 51 51 51 51 25.2815843279979 26.1848727215537 38.5158723841897 20.4282666060208 26.4282666060525 49.7765567217473 51.0578777979312 20 30.1385658202214 0 40.8607766598892 68.4453960819994 69.1097262765261 18.540032177148 31.7517002809101 32.3530544354586 62.4453960819994 40.7402072241022 66.1508232639667 60.7815843279975 1.31458007854178e-11 4.66501143617052 0.319999992847443 0 0 0 0 0 0 0 0 0 0 0 1.93203427454493 30.7729332587922 51 50.0344928014832 49.4453960819994 51 23.8577664315781 3.29202691529338 0 0 0 0 0 0 0 0 0 0 0 0 0 0 0 0 0 0 0 0 0 0 0 0
65 69.1137664148667 89 89 82.6467634274868 70 65.9480418124037 51.2548182840029 50.7269804099969 43.6820130600021 36.3640261200042 46.0711058472079 51 33.3134907014136 18.1779445605921 38.774276664444 38.6837179565308 44.7815843279975 51.0338886704784 51.0018320452123 60 31.1102796660413 50.123823370468 21.6017149280183 33.2260597113739 25.5353307819903 63.8146358205537 65.9189710551233 37.9379031740164 73.1092078360012 79 60.8543895519983 61.87366268801 68.6188444040071 76.3136418328007 26.9051444466535 10.2443033170167 0.651648821274646 0 0 0 0 0 0 0 0 0 0 1.78879739542553 7.38305693040917 32.1404267281347 50.7451817159971 49.8404313932996 49.8404313932996 50.9189711245558 51.225338986069 5.93897234171564 0 0 0 0 0 0 0 0 0 0 0 0 0 0 0 0 0 0 0 0 0 0 0 0
65.1389066039429 65.436831344005 89 89 70.6916496280079 70.3458248140039 70 60.1541751859961 50.9305466980285 46.0711058472079 50.7815843279975 48.7941544225356 44.774276664444 38.774276664444 37.5802981319838 1.39822675151789 32.3707778309504 59.7601091420667 54.8179869399979 22.3443242027399 68 64.2988154633155 61 61.9635973879996 46.1820130600021 7.02768674264315 37.4196872849971 61.7637238079818 71.7838636174303 69.3193220912539 60.9536977755415 55.628743915739 74.4850243370439 85 57.3708667451766 43.1932477542836 15.209051022646 2.84835106168583 0 0 0 0 0 0 0 0 0 1.90959326802828 7.05580263558033 50.3810042144549 19.136548816051 47.5182013060002 51 42.9680737820604 47.6274091420015 43.5571564798496 9.03610293936222 0 0 0 0 0 0 0 0 0 0 0 0 0 0 0 0 0 0 0 0 0 0 0 0
77 77 89 89 89 79.5 70 51 50.2173438419911 38.6541751859961 38.5442074115862 39 50.0717333939905 8.21863514806703 36.2740914200145 58.4865926581073 39.1110977175462 48.4634704987502 2.08180874284752 33.6064311268193 65.5246223839732 66.7623111919859 61.1274091420015 58.0546039180006 59.5 27.0134659407606 4.76762170225217 39.4023384730909 39.1648835840133 30.4716121430668 74 69 70.8367869991241 53.2002143660023 58.6365488160509 67.8579260056561 53.9326182757406 2.52835112844303 0 0 0 0 0 0 0.162611318631371 0.826462024250161 6.76162319473098 15.5844105581089 54.4092472012071 26.2051155687685 65.62633731199 44.3285936786859 50.856065513013 51 50.9453960819994 51.5460391800062 11.1638470110352 0 0 0 0 0 0 0 0 0 0 0 0 0 0 0 0 0 0 0 0 0 0 0 0
65 77 89 89 89 88.6541751859961 61.4296508518061 32.2988073555817 21.2558901140143 20.3458248140039 23.6025577843842 18.7901490659919 2.62342389402068 75.5497873407 50.3293485397837 40.4523138118512 55.5852820685137 1.99727186117638 8.20113510716623 8.39925470284769 30.2133147847494 22.9029329862075 27.5576399064473 46.7692488508325 67.1445386179902 25.0449673499948 8.4461025048671 80.3557525751372 60.6532050153139 55.2506243081928 73.4962292261131 59.3054435357778 57.1662720038083 62.4423600935527 64.6331188519228 48.0437280736977 13.0870692320399 1.83083501422526 0 0 0 0 1.77999997138977 6.00676902144594 13.8695529038168 22.9460128546852 29.7612063109873 87.1771994436921 44.1359738800254 24.1134177845137 42.5 44.0355646314931 43.8835621997419 51 44.2886076452501 34.0886078186268 9.248607900118 0 0 0 0 0 0 0 0 0 0 0 0 0 0 0 0 0 0 0 0 0 0 0 0
88.12633731199 69.1137664148667 89 89 89 89 87.7441098859857 25.3136170967717 49.0125700945381 39.2184156720025 42.3296738237917 13.2725816978765 72.1332260889697 0 0.501178790266089 37.5581172407998 61.0857901962382 25.9244425078241 47.6547536857865 40.2201457388576 30.2604597648477 54.5396280535923 43.5221281640847 35.1914206543624 19.2798303596017 49.2912989381021 53.6711690325749 34.0192731360116 33.7280522400083 85.3993569019931 69.7730195900031 68.296749645551 76 76 45.3597037143777 14.0782006997177 1.34903632022547 0 0 0 0 0 2.32720178031657 48.7464792583334 35.9636569984242 56.3083503719921 86.6732725856076 38.8528103137573 63.1359058680183 55.3139202785041 67.1809412299907 44.6638117540019 49.0284416037167 50.9826366745071 37.8863806932136 9.31910021327956 2.00286929830693 0 0 0 0 0 0 0 0 0 0 0 0 0 0 0 0 0 0 0 0 0 0 0 0
76.9427261257123 65.5757379479479 89 89 89 88.6006433053667 70 51 51 42.2582426925758 24.2756011422101 1.0303228279397 24.7651708535375 30.8862906883132 52.256455443635 52.7443046920311 55.3554613820098 65.5767215499454 76.3600504494853 2.1113514960241 12.352772577109 39.7804541080898 79 27.6920142311093 10.8918639940488 37.2986405148575 84.6411577083725 61.2548182840029 57.2730195900031 55.890427592237 76.8179869399979 76 76.1281690109775 74.7794418487955 20.1152109135574 3.5504107857909 0 0 0 0 0 0.0182013060002078 5.12861020983827 22.598997835882 28.5 26.0989671369922 36.6167007439842 38 19.9233168345315 44.3502776915604 43.9226109434392 49.5 50.4857791981417 51 39.2327783173068 4.8536615274825 0 0 0 0 0 0 0 0 0 0 0 0 0 0 0 0 0 0 0 0 0 0 0 0 0
64.0899483640507 89.0364026120004 88.7221866532492 65.1263371046302 64.7707533924083 43.055143469514 51.5267657672023 51 50.0717333939894 59.5717333939894 2.76675459627252 68.5631016234408 41.408993469999 26.6909185839972 8.21482542590304 36.1805664739255 57.7602205150722 29.1908405656564 60.8882490118818 87.7800644511804 23.2888536113024 11.9984902778044 79 39.4828705240112 49 60.1167007439842 64.2856181463366 68.0520900459111 68.3276235080037 75.4903634319942 71.5858249969447 55.5894697438136 27.1276224418951 15.1265303932205 4.43254789290228 0 0 0 0 0 0 0.5 11.5422644923818 22.3383615097811 33.8136170967717 41.1398226959815 19.9282666060467 44.2633830219973 43.6727410950516 38.1092078360012 46.7282913666636 49.3353502654908 49.5546039180006 51 19.2873228768199 2.80671622892303 0 0 0 0 0 0 0 0 0 0 0 0 0 0 0 0 0 0 0 0 0 0 0 0 0
91.3792152546285 86.6665625135379 91.2336048066269 94.5813699619952 84.4776088608956 81.936831344005 88.6486995329386 0.567202197541875 0.480385535379595 29.7521819504752 36.7287689024682 69.8342488317192 64.8152333460277 14.7894473111235 0.473311998114762 80 56.4705486297607 34.8565332120212 87.8080873969723 50 25.5824417920066 34.6452404433441 70.0578777979312 65.5 56.5 31.4455271615032 81.3064897404841 76.2803274262002 53.753230719549 34.857015310402 20.9188024699907 9.12270918386759 1.48393994076104 0 0 0 0 0 0 0 0 0.5 14.58316306192 50.6295822043323 41.5182013060002 44.9635973879996 40.208175374286 38.2366169780027 44.7134659004897 47.6846578558015 49.5 47.7140705648053 51 51.1736333243611 13.567323060591 0 0 0 0 0 0 0 0 0 0 0 0 0 0 0 0 0 0 0 0 0 0 0 0 0 0
