rasters/edaphic/S_SAND.asc
NCOLS 720 
NROWS 300 
XLLCORNER -180 
YLLCORNER -60 
CELLSIZE 0.5 
NODATA_value -9999 
[rows 36 to 71 of 300, columns 0 to 80 of 720]
11.0321213251087 14.4047117236282 14.5283290456309 13.0629387331996 7.53295552646614 2.47892934042775 0 0 0 0 0 0 0 0 0 0 0 0 0 0 0 0 0 0 0 0 0 0 0 0 0 0 0 0 0 0 0 0 0 0 0 0 0 0 0.0605320147447786 1.98824088355188 4.52055699462884 4.5349106654642 2.08569621478303 0.225696187459329 0.157987337296872 0.0677088588415164 0 0 0 0 0 0 0 0 0 0 0 0 0 0 0 0 0 0 0 0 0 0 0 0 0 0 0 0 0
25.6990355757362 25.0535320879892 25.0535320879892 28.2728051993768 40.1335905578434 2.98000007867813 0 0 0 0 0 0 0 0 0 0 0 0 0 0 0 0 0 0 0 0 0 0 0 0 0 0 0 0 0 0 0 0 0.0677088588415164 0.777987337725714 3.32569622431978 5.80569611116538 6.42569599672447 6.42569599672447 8.08854423958016 12.1102620087407 30.6151806250911 31 14.8693799454369 13.0770882156245 11.2847974047702 8.1872019544422 6.27384641620071 6.32720159118828 5.79030334866687 3.30312660036641 0.732848102837566 0.0451392392276776 0.0677088588415164 0.157987337296872 0.20312657218502 0.157987337296872 0.0677088588415164 0 0 0 0 0 0 0 0 0 0 0 0 0 0 0 0 0 0
5.78179911165748 6.07464675452163 7.11432357705219 9.71938315111164 7.8023527131845 2.8904496495987 0 0 0 0 0 0 0 0 0 0 0 0 0 0 0 0 0 0 0 0 0 0 0 0 0 0 0 0.0225696196138388 0.732848102837566 3.30312660036641 5.80569611116538 6.42569599672447 8.28569637733651 11.882227675055 23.2334051078608 31 31 31 31 31 31 31 31 31 31 30.6151806250911 29.8715190279874 30.6151806250911 31 22.6359748375761 10.393962083845 7.6656962620379 8.57910142797688 11.0139619867622 12.4796579453397 11.2847974047702 8.28569637733651 5.80569611116538 3.32569622431978 0.84569619656723 0.225696187459329 0.225696187459329 0.225696187459329 0.225696187459329 0.225696187459329 0.225696187459329 0.225696187459329 0.225696187459329 0.157987337296872 0.0677088588415164 0 0 0 0 0
0 0 0 0 0 0 0 0 0 0 0 0 0 0 0 0 0 0 0 0 0 0 0 0 0 0 0 0 0 0 0 0 0.0225696196138388 2.59284811714268 8.53396195033063 22.6359748375761 31 31 31 31 31 31 31 31 31 31 31 31 31 31 31 31 31 31 31 31 31 31 31 31 31 31 31 31 23.2334051078608 13.6745189453883 13.0770882156245 13.0770882156245 13.0770882156245 13.0770882156245 13.0770882156245 13.0770882156245 13.0770882156245 13.0770882156245 11.2847974047702 8.28569637733651 4.56569622517746 2.07851937068629 0.18981196697564 0.182635122878902 0.204165655169116
0.0203581866942607 0 0 0 0 0 0 0 0 0 0 0 0 0 0 0 0 0 0 0 0 0 0 0 0 0 0 0 0 0 0 0.0677088588415164 2.63798736070989 10.3713922388312 31 31 31 31 31 31 31 31 31 31 31 31 31 31 31 31 31 31 31 31 31 31 30.8205788889025 31 31 31 31 31 31 31 31 31 31 31 31 30.2563384028961 30.4357595139936 31 31 31 31 31 31 8.70510103865054 5.97348820651603 5.6040920401775 6.94031487287886
5.83223488294844 6.77105332244697 4.37083547222651 0.995460586768603 0.066980805126068 0 0 0 0 0 0 0 0 0 0 0 0 0 0 0 0 0 0 0 0 0 0.64256962438221 3.21284812191105 5.78312649589107 6.42569599672447 6.42569599672447 8.28569637733651 13.6745189453883 31 31 31 31 31 31 31 31 31 31 31 31 31 31 31 31 31 31 31 31 31 31 31 31 31 31 31 31 31 30.641157777805 29.8715190279871 29.8715190279871 29.8715190279871 25.1221424172218 10.1863829032283 0 0 0 0 0 0 0 0 0 0 0 0 0
26.3598362521837 41 28.4488034554409 13.0314400035954 9.73284015771865 5.71861763231406 1.00016408130239 0.078629642875594 0 0 0 0 0 0 0 0 0 0 0 0 0 0 0 0 0 0 1.86000001430511 19.2200000286102 31 31 31 31 31 31 31 30.2563384028961 29.8715190279871 29.8715190279871 29.8715190279871 14.9357595139936 25.1221424172218 29.8715190279871 29.8715190279871 29.8715190279871 31 31 31 31 31 31 31 31 31 31 30.8205788889025 30.2563384028961 29.8715190279871 29.8715190279871 25.1221424172218 0 0 0 0 0 0 0 0 0 0 0 0 0 0 0 0 0.358842222195006 0.358842222195006 0 0 0 0.358842222195006
0 0 26.3169684571887 27.3435693416421 54.9421224788611 30.6891470114931 12.7751666496546 9.52201332094639 5.3365391779206 2.2859394404872 0.0584086525766946 0 0 0 0 0 0 0 0 0 0 0 0 0 0 0 1.83743039469128 18.7460380210591 30.3454810355382 31 31 31 26.2506233892347 0 0.564240486006746 1.12848097201288 0 0 0 30.2563384028961 30.8205788889025 31 10.6272341935435 5.87785758277817 1.12848097201288 0 0 0 0 0 0 0 0 0 0 0 0 0 0 0 0 0 0 0 0.179421111097503 1.12848097201288 1.12848097202098 20.8136170967717 31 31 31 31 31 31 31 31 31 31 31 31 31
5.84742778504909 1.20128619601371 2.13785449556646 22.9468188510051 53.8354810190421 26 30.9288941527921 35.8577883055843 36.7269804099969 12.2697791928262 5.29492529051952 0.858030239761043 0.240257235731119 0.240257235731119 0.216231517365442 0.120128622205089 0.0240257248749707 0 0 0 0 0 0 0 0 0 0.597430385154533 2.98715192577266 7.23687348069591 10.9343036556133 22.4434684343951 30.3906202834449 31 31 26.2506233892347 14.9357595139936 0 0 0 0 0 10.1863829032283 29.8715190279871 25.1221424172218 0 0 0 0 0 0 0 0 0 0 0.179421111097503 1.12848097201288 1.12848097201288 1.12848097201288 1.12848097201288 1.12848097201288 1.12848097201288 1.12848097201288 20.8136170967717 31 31 31 31 31 31 31 31 31.0578777979312 31 31 31 31 31 31.2398908579333 31.3640261200042 32.8960836248073 34.4281411296105
11.7900372536529 16.5230730701304 20.0971253468101 33.6250025382531 30.9965994084979 29.5357207156906 27.1998488439888 27.2866655061694 26.5460391800062 33.5 23.3496945408541 9.77730304110582 12.0128491466773 13.9207715338166 13.1007852387726 8.90069243306314 3.98648336985606 1.39206785586301 0.00763986647150832 0 0 0 0 0 0 0 0 0 0.0298501415799689 0.746681095224142 3.25580319782262 8.12552463396542 21.3301492768955 30.3979007989018 31 31 30.8478370707291 31.0578777979312 31.3640261200042 31.3640261200042 31.3640261200042 32.8960836248073 34.4281411296105 31.3640261200042 31.3640261200042 31.3640261200042 31.0578777979312 10.6272341935435 10.6272341935435 10.6272341935435 31 31 31 31 31 31.0578777979312 31.3640261200042 31.3640261200042 31.3640261200042 31.3640261200042 31.3640261200042 31.3640261200042 31.3640261200042 31.3640261200042 31.3640261200042 32.8960836248073 37.7140705648053 41 41 41 41 41 41 41 41 41 41 41 41 41 60.7451817159971
32.8677190938683 30.0634808481644 31.7987138039871 17.3372600760098 0.623716168137303 12.5267660440018 26.4146742698919 0 20.5000000000107 33.0267660439946 31.9956471446243 20.5503514090976 33 32.8320764202764 32.7221086458666 30.1222788161124 16.8458248140039 3.10250490321488 3.34803911680051 2.63775133511936 0.951777450632293 0.0298501415799689 0 0 0 0.0895504247399068 0.208950993229547 2.75850139217225 6.8585013542397 12.9567028503547 16.5053543235339 14.7323354420604 10.29340575917 8.35537506815698 13.0728052413589 40.3149028532614 40.823942302006 41 41 41 41 41 41 41 41 41 41 41 37.7140705648053 31.3640261200042 31.3640261200042 31.3640261200042 31.3640261200042 31.3640261200042 31.3640261200042 41 41 41 41 41 41 41 41 41 41 41 40.7627011256875 41 41 40.491045328304 41 41 41 41 41 41 41 41 41 41.4732339560054 67
0.284775219235329 0.42036676979078 1.49250709201704 26.5460391800062 33.0267660439946 40.4896815356844 38.155874562789 14.2185668034126 26.2724785249143 13.2730195900147 3.9833478583637 38.1339572099485 38.4288941527921 25.6990355757362 13.450160885875 8.43992967273336 32.3993569019931 10.8435693416421 13.3091199392293 25.0080219085676 5.0785018703191 0.819999992847443 0 2.48985012229206 5.88925070658776 10.9286511281411 14.9250547358687 19.6659544178224 41 41 41 41 23.6167031572458 18.0856543706781 19.6659544178224 25.9871527684831 37.8393999057115 41 41 41 41 41 41 41 41 41 41 41 41 41 41 41 41 41 41 41 41 41 41 40.9942122479799 40.9635973879996 40.9942122479799 41 40.9884244959597 40.9635973879996 40.9635973879996 40.9635973879996 40.9635973879996 40.9760109419797 41 41 40.2537464539915 41 41 41 41 41 41 41 53.8495177531519 67
35.3924677237208 12.1923157816246 25.9631102052143 40.491045328304 1.39319886847384 0.775847210545364 0.299570897232301 33.2260597113726 7.71933637062679 13.2730195900031 32.7894671696827 19.3197410424302 39.3508525616057 26.7266148879834 21.965434467983 6.25707421584383 0.600643098006856 4.58399095637158 16.7518786819637 9.10477792210776 4.41014991781026 0.819999992847443 0 3.28000003099442 40.4029971597216 41 41 41 41 41 41 41 41 41 41 41 41 41 41 41 41 41 41 41 41 41 41 41 41 41 41 41 40.9942122479799 40.9635973879996 40.9635973879996 40.9635973879996 40.9635973879996 40.9635973879996 40 40 40.0124135539801 40.178032123274 40.9635973879996 40.9635973879996 40.9817986939998 41 41 40.6714063213141 40.0364026120004 40.0364026120004 40.8161801247059 40.9635973879996 40.9635973879996 40.9635973879996 40.9635973879996 40.9635973879996 40.9942122479799 41 41.1504822468481 54.4732339560054 67
45.8687073600242 9.377754081186 6.39149860137753 9.25327553525529 8.19545990224086 3.6635115146637 2.83007023846039 9.87176130221617 29.2038926073699 6.28143319661038 33.2260597113743 0.457234423132073 33.4489040187938 1.91901373264303e-11 32.809003350146 6.07523485614624 6.30156549234821 3.46014305695604 2.95947697952548 0.819738492254135 0 0 0 3.19044960408474 9.63104869553977 17.7414985330348 35.021199078884 41 40.5254022513751 40.5254022513751 40.016447579679 33.2260597113726 0.237298874312874 13.7096121316936 39.507492907983 41 41 41 41 41 41 33.2260597113726 0 13.4723132574041 34.7185668033896 41 41 41 40.9760109419797 40.8103923726857 40.0239890580203 39.7991037376879 39.6806529556182 40.6656185692939 40.9760109419797 40.9884244959597 40.9942122479799 41 40.1896076273143 40.0364026120004 40.0364026120004 40.6714063213141 41 40.0182013060002 40.0239890580203 40.3649962906864 40.8161801247059 40.9635973879996 41 41 41 40.016447579679 39.507492907983 40.2537464539923 41 40.0364026120004 40 52.7719477599929 67 67 67
9.08160844935682 2.71734462726664 0 0 0 0 0 3.73607848485537 5.79146577904956 20.0965598603034 8.33336070804828 43.4821814226553 1.43790317401641 12.5267660439946 12.5267660439946 15.9714340744493 1.98000007867813 0 0 0 0 0 0 0 0 2.40029969538239 10.510749141682 39.9159029373866 7.27735410923697 1.49250709201704 41 39.9253948944421 39.9335125745747 41 27.5276867426189 40.0637793835519 40.1641960617981 37.0492503416185 41 41 0 0 0.746253546008518 40.491045328304 41 27.5276867426189 41 41 40.0364026120004 26.8926825738262 40.0364026120004 40.0364026120004 40.0364026120004 40.6714063213141 41 41 41 41 41 41 41 41 41 40.9942122479799 40.9760109419797 41 41 40.1896076273143 40.5182013060002 41 1.49250709201704 1.49250709201704 1.49250709201704 1.49250709201704 0.474597748624939 41 40.6714063213141 40.0239890580203 61.8805756833531 66.3522947391261 67
0 0 0 0 0 0 0 0 0.635974301351073 1.47418008903442 3.60335857729347 7.01389363020519 6.90826996689362 2.58214117480683 2.64025685230852 1.8625695933878 1.48089959593169 0.29850141146016 0.29850141146016 0.208950993229547 0.0895504247399068 0 0 0 0 0 2.37044955380242 4.48311422135602 6.9729642862132 10.001706640522 11.2710485663649 10.3614984337822 10.3614984337822 13.1324561359212 12.71296407035 9.46281445943085 9.75044971699916 18.0101498137638 41 21.2462535460085 0 7.26498561693137 40.7627011256875 41 41 41 41 41 41 41 41 41 41.1041800223897 41.6552470160075 44.2045901122906 46.9622932533531 43.9811466266765 41 41 41 41 40.2809024316877 38.5438955199834 38.5438955199834 38.5438955199834 38.5438955199834 39.7719477599925 41 41 41 41 41 41 41 41 41 41 41 40.5182013060002 40.0057877520201 40
0 0 0 0 0 0 0 0 0 0 0 0 0 0 0 2.45999997854233 7.02355610832423 9.39400548982201 11.7644551010593 12.5546046651524 10.7197001262325 7.43970016352181 4.10000002384186 0.819999992847443 0 0 0 0 0 0.0298501415799689 2.60925068644217 5.18865133966484 4.39850143096249 2.75850139217225 8.91640345428203 13.3447546887245 13.4185012970192 19.6659534988643 33.6373942427652 40.016447579679 0.74625354601923 34.7185668033896 41 41 41 41 41 41 41 41.1041800223897 41.6552470160075 50.3276235080037 49.6723764919963 41 41 41 41 41 40.7627011256875 39.507492907983 33.2260597113726 1.07117443561801e-11 40.7627011256875 1.49250709201704 0.983552420320987 0.983552420320987 0 0.508954671696048 0.746253546008518 0 0 0 33.7350143830686 41 40.9942122479799 40.9942122479799 41 41 41 40.5124135539801 40
0 0 0 0 0 0 0 0 0 0 0 0 0 0 0 2.45999997854233 5.74000000953674 8.19999980926514 10.6599998474121 39.9552450251732 40.4925475866312 39.8358444675324 21.483296866596 0.819999992847443 0 0 0 0 0.00949195488570819 3.34781799645675 12.3442799258864 41 30.7280519909577 19.6659544178224 32.3083511191439 41 41 41 20.5 0.23729887431247 40.491045328304 41 41 41 41 41 41 41.3276235080037 58.6723764919963 55.58704984293 41 41 41 41 41 40.7627011256875 39.507492907983 19.7537464539915 0 0 0.746253546008518 7.77394028862742 1.49250709201704 41 41 41 7.77394028862742 41 41 28.4371336067792 14.9648203493981 7.77394028862742 27.5276867426189 41 40.4817986939998 40 40.3285936786859 40.9817986939998 41 40.5 40
0 0 0 0 0 0 0 0 0 0 0 0 0 0 0 0 0 0 2.37044955380242 6.35104895171976 9.54149872810914 8.75134870453703 3.95074931377225 0.790149851267474 0 0 0 0.0298501415799689 2.87000002649955 10.9819116682805 40.491045328304 34.7185668033896 40.2537464539923 41 41 41 41 41 41 34.4812679290771 41 41 41 41 41 41 41 50 50.3276235080037 41 41 41 41 40.016447579679 13.4723132573811 0 0 0 5.8232483872099e-13 2.14775410803993 59 41 39.507492907983 39.507492907983 40.7627011256875 41 41 41 41 41 41 41 40.016447579679 39.507492907983 40.016447579679 41 40.0364026120004 40.0057877520201 40.8103923726857 40.4817986939998 40
0 0 0 0 0 0 0 0 0 0 0 0 0 0 0 0 0 0 0 0 0 0 0 0 0 0 0.849850134427412 5.06925065847521 14.7584101497697 41 40.491045328304 41 21.2462535460422 40.491045328304 41 41 41 41 41 41 34.7185668033896 41 41 41.4318035303934 41.3276235080037 41 52.6535231186728 58.3447529839925 58.3447529839925 41 41 41 0 0 0 0 0 11.1868895267393 59 59 59 13.4723132573811 0 0 0 13.4723132573811 40.2537464539923 40.7627011256875 41 41 13.4723132573811 0 0 0 0 0 0 19.2719477600141 39.0404366724156 40 40.4914352620056
0 0 0 0 0 0 0 0 0 0 0 0 0 0 0 0 0 0 0 0 0 0 0 0 0 0 1.63999998569489 23.7799999713898 41 41 40.7627011256875 41 41 41 41 41 41 41 41 41 41 41 58.3447529839925 58.3447529839925 49.6723764919963 41 41 41 41 41 41 41 21.2462535460085 1.49250709201704 0 0 0 30.5738770540607 59 59 59 59 57.5846440492856 0 0 0 0 39.507492907983 40.5254022513751 40.7627011256875 41 7.77394028862742 1.49250709201704 0.23729887431247 0 0 0 0 0 13.1437204976532 38.5438955199842
0 0 0 0 0 0 0 0 0 0 0 0 0 0.0597002831599379 0.0597002831599379 0.0298501415799689 0 0 0 0 0 0 0 0 0 0 1.61014984411492 8.87074904111739 28.1925474132545 40.6920066141262 41 41 41 41 40.491045328304 41 41 41 41 41 41 39.507492907983 40.2537464539915 41 41 41 41 41 41 41 41 41 40.016447579679 39.507492907983 0 0 11.1868895267393 58.7129735890766 58.8711347201909 58.7422695098144 59 30.5738770540123 0 0 0 0 0 0.341478861985904 0.341478861985904 0 0 0 33.2260597113726 39.507492907983 39.507492907983 0 0 0 0 0 0
0 0 0 0 0 0 0 0 0 0 0 0 0 1.63999998569489 2.35640339012343 0.819999992847443 0 0 0 0 0 0 0 0 2.48985012229206 5.88925070658776 8.46865108999415 8.46865108999415 11.5397002978939 22.0364040290597 41 41 41 41 27.5276867426189 41 41 41 41 41 19.7537464539915 0 0 19.7537464539915 41 41 41 41 41 41 20.5 0 0 0 0 38.8098305310545 43.4259122350477 58.5780438688455 59 57.9261229459877 0 0 0 0 2.40295497968645 8.43182032014671 37.8029552874353 59 59 50.0079463342777 0.468809996607322 0.468809996604808 0 0 0 0 0 0 0 0 0
0 0 0 0 0 0 0 0 0 0 0 0 0 1.63999998569489 1.63999998569489 0.819999992847443 0 0 0 0 0 0 0 0 3.28000003099442 40.4029971597216 41 41 27.5674523561483 12.2104493043462 27.5532385712753 27.0690683914503 7.77394028865039 41 41 40.7014985885398 41 41 40.2537464539915 13.4723132573811 0 0 0 0 20.7372988743462 41 41 41 41 41 20.5 0 0 0 4.84751403962282e-11 12.1522312177571 27.3042546737191 58.8907921639988 47.0628710371056 19.3869866083149 0 0 0 0.0429550802510973 6.75910173510561 58.1838534361734 37.994987788822 23.2134037098751 22.2183919816807 20.4417380615193 78.852817182357 81 2.94861157203366 12.7607797235937 51.7435390751937 26.5268024329679 1.94311578262164 0 0 0 0
0 0 0 0 0 0 0 0 0 0 0 0 0 0 0 0 0 0 0 0 0 0 0 0 3.19044960408474 9.63104869553977 16.1014991347073 28.8035970424863 11.3307493046643 4.04029973851216 3.69296431265366 8.26562884604959 12.08452145367 13.9823064383138 14.4614988000636 20.2014985885398 40.6024561872166 41 13.4723132573811 0 0 0 0 0.746253546008518 41 41 41 41 40.016447579679 39.507492907983 27.1819253890747 28.1998347324668 0.0407163733885215 0 3.87801139885576e-12 4.52092087268829 54.1667979733248 26.9807268639884 0 0 0 0 0 3.53999984264374 34.3690781172667 11.5852247677817 6.86522428403199 2.27408973459363 0 4.68308331946235 15.7871946561235 22.2671946795365 16.5194698214863 9.47121460892164 8.21676045660833 11.5344850979707 8.99943691128596 2.65027761459351 0 0.117944463228509 45.875138759613
0 0 0 0 0 0 0 0 0 0 0 0 0 0 0 0 0 0 0 0 0 0 0 0 0 0 0.790149851267474 1.58029970253495 1.58029970253495 0 0 0 0 0 0 5.65044946992708 39.6472516653366 13.4723132573811 0 0.610425647316728 0.746253546009386 1.49250709201704 7.77394028862742 41 41 41 41 41 41 40.7627011256875 40.2537464539915 0 3.48461253720462 0.0407709256140465 0.163083702456186 3.40077093991916 0.0407709256140465 0 1.07922907915433 0 0 0 0 2.27408973459363 2.27408973459363 1.13704486729682 0 0 0 0 0 0 0 0 0 0 0 0 0 3.18102777792249 12.2148281584921
0 0 0 0 0 0 0 0 0 0 0 0 0 0 0 0 0 0 0 0 0 0 0 0 0 0 0 0 0 0 0 0 0 0 0 2.37044955380242 0 1.32904243440281 0.685674377468756 3.80149853229523 25.898313162587 40.5522478654516 31.3515574284308 40.1044957309033 40.3731470116323 37.0492503416185 41 34.7185668033896 39.7447917822958 41 20.2627011256875 0 0.0815418512280931 4.72462556407871 15.3754184550605 15.2938765951533 6.72000002861023 1.12000000476837 0 0 0 0 0 0 0 0 0 0 0 0 0 0 0 0 0 0 0 0 0 0 0
0 0 0 0 0 0 0 0 0 0 0 0 0 0 0 0 0 0 0 0 0 0 0 0 0 0 0 0 0 0 0 0 0 0 0 0 0 0 0 1.58029970253495 4.77074924918481 8.81104898769697 9.60119901126908 8.8707492708569 19.9785007976779 41 40.2537464539915 40.016447579679 39.507492907983 13.4723132573811 0 0.26498373603901 2.36231278203935 32.4929646412275 55.4421716722365 54.7082950198627 29.4245814972558 1.12000000476837 0 0 0 0 0 0 0 0 0 0 0 0 0 0 0 0 0 0 0 0 0 0 0
0 0 0 0 0 0 0 0 0 0 0 0 0 0 0 0 0 0 0 0 0 0 0 0 0 0 0 0 0 0 0 0 0 0 0 0 0 0 0 0 0 0.0298501415799689 2.60124211076059 10.5250965279182 30.9630295720882 41 19.7537464539915 19.7537464539915 0.0705665171382552 3.56904244393955 12.5543109621163 14.9892947623961 0 0 1.34338867250467 7.57618923242616 6.51614540054 1.07922907915433 0 0 0 0 0 0 0 0 0 0 0 0 0 0 0 0 0 0 0 0 0 0 0
0 0 0 0 0 0 0 0 0 0 0 0 0 0 0 0 0 0 0 0.0407709256140465 0.0815418512280931 0.0815418512280931 0 0 0 0 0 0 0 0 0 0 0 0 0 0 0 0 0 0.12231277684214 1.40539647538764 6.78693817274131 13.6759321232458 40.5267660439946 45.3819342741616 0 0 0.790149851267474 0.790149851267474 2.28077093081126 33.1515197185385 56 2.03854627202327 35.8975003710995 7.7884361743927 4.83614540100098 1.12000000476837 0 0 0 0 0 0 0 0 0 0 0 0 0 0 0 0 0 0 0 0 0 0 0 0
0 0 0 0 0 0 0 0 0 0 0 0 0 0 0 0 0 0 0 1.12000000476837 3.21850221993433 2.24000000953674 0 0 0 0 0 0 0 0 0 0 0 0 0 0 0.0815418512280931 0.163083702456186 3.56385464237535 11.3223125904468 19.6990789832301 39.468383397521 54.9807268639884 0 0 2.55132571791609 0 0 0 2.1992290839227 16.2507927869353 40.8907926620999 21.3763833956021 7.32481969258949 2.50163891808209 0 0 0 0 0 0 0 0 0 0 0 0 0 0 0 0 0 0 0 0 0 0 0 0 0 0
0 0 0 0 0 0 0 0 0 0 0 0 0 0 0 0 0 0 0 1.12000000476837 2.24000000953674 2.24000000953674 0 0 0 0 0 0 0 0 0 0 0 0 1.24231277727098 5.84462544963779 12.6461670997366 16.1800443568037 16.8753211805613 54.9807268639884 53.9614537279767 18.4012074101732 0 1.12000000476837 0 0 0 1.12000000476837 2.24000000953674 3.36000001430511 6.67922909865665 11.1184579667161 7.75845806294122 1.12000000476837 0 0 0 0 0 0 0 0 0 0 0 0 0 0 0 0 0 0 0 0 0 0 0 0 0 0 0
0 0 0 0 0 0 0 0 0 0 0 0 0 0 0 0 0 0 0 0 0 0 0 0 0 0 0 0 0 0 0 0.12231277684214 0.203854623730703 3.6861674061989 12.5646257166666 39.8115636978154 55.5515198312641 56 46.8367229741132 0.231660922851174 0.326167396233313 1.93759017537735 0.776819244994927 0 0 0 0 1.12000000476837 28.1414977943708 2.24000000953674 0 0 0 0 0 0 0 0 0 0 0 0 0 0 0 0 0 0 0 0 0 0 0 0 0 0 0 0 0 0 0
0 0 0 0 0 0 0 0 0 0 0 0 0 0 0 0 0 0 0 0 0 0 0 0 0 0 0 0 0 1.24231277727098 5.84462544963779 13.6438546809512 17.1477536099233 18.6131058073932 56 54.8176431441741 55.3068942689007 26.129110549327 54.4507048179872 33.2975900661336 30.5038104615404 4.29773129908866 1.12000000476837 0 0 0 0 1.07922907915433 2.15845815830865 2.15845815830865 0 0 0 0 0 0 0 0 0 0 0 0 0 0 0 0 0 0 0 0 0 0 0 0 0 0 0 0 0 0 0
0 0 0 0 0 0 0 0 0 0 0 0 0 0 0 0 0 0 0 0 0 0 0 0 0 0 0 1.12000000476837 2.24000000953674 6.72000002861023 34.4154184169135 55.3476651901753 54.573017616527 36.144581525866 15.3946038128589 16.3922909259153 9.79460344874726 7.59537436482456 7.59537436482456 9.79460344874726 7.7176871416667 3.31922908869107 1.12000000476837 0 0 0 0 0 0 0 0 0 0 0 0 0 0 0 0 0 0 0 0 0 0 0 0 0 0 0 0 0 0 0 0 0 0 0 0 0 0
0 0 0 0 0 0 0 0 0 0 0 0 0 0 0 0 0 0 0 0 0 0 0.0407709256140465 0.163083702456186 0.176048324610232 0.066700169922139 0.0129646221540462 1.07922907915433 28.1007268687567 6.67922909865665 12.1161450710935 15.3130619616308 10.8330614874178 5.39614528090187 1.07922907915433 0 0 0 0 0 0 0 0 0 0 0 0 0 0 0 0 0 0 0 0 0 0 0 0 0 0 0 0 0 0 0 0 0 0 0 0 0 0 0 0 0 0 0 0 0 0
