rasters/edaphic/S_SILT.asc
NCOLS 720 
NROWS 300 
XLLCORNER -180 
YLLCORNER -60 
CELLSIZE 0.5 
NODATA_value -9999 
[rows 36 to 71 of 300, columns 162 to 242 of 720]
54 54 52.9384998396225 52.6960584492543 31.910648971006 5.43725925280143 6.25336218091154 15 15 15 10.9528909244538 4.12933654923424 1.25460390390993 0.0109207840340776 0 0 0 0 0 0 0 0 0 0 0 0 3.75802990509419 14.5522478741307 14.6976907208235 15 15 14.6401637478163 7.22698040999688 0 0 4.92889507175021 14.4539608199938 14.4539608199938 14.4539608199938 15 15 15 14.8137970721775 14.7269804099969 9.98428826606923 7.77301959000312 7.77301959000703 0.546039180006233 7.77301959000312 5.76552474754865 0.546039180006233 4.51778721322349 3.98837183437377 3.50488741055289 3.22401045077752 2.09305465673038 0.372972830721369 0.0327623521022328 0 0 0 0 0 0 0 0 0 0 0 0 0 0 0 0 0 0 0 0 0 0 0
20.1268522412159 17.9668523851248 13.6468517583239 9.36616686866422 12.6227404602386 16.4197018680162 15 15 15 15 15 15 5.00749484245446 1.25460390390993 0.0109207840340776 0 0 0 0 0 0 0 0 0 0 0 0 2.40455719986635 0.11268050109982 0 0 0 0 0 0 0 0 0 1.48048672826039e-13 7.77301959000312 15 15 15 15 15 15 15 15 14.9131833378194 7.50000000000032 7.77301959000312 7.59938626564198 9.52506574824356 4.86919026649647 10.0711049282498 10.6822275087302 4.7903038194933 3.6615491615094 3.09828705413693 2.20920786418263 0.998287083390426 0.0546039180006233 0.0109207840340776 0 0 0 0 0 0 0 0 0 0 0 0 0 0 0 0 0 0
0 0 0 0 11.7851819442588 53.5391429376293 35.2098509340081 15 15 15 15 15 15 5.88565336541421 2.43276232609061 0.900000035762787 0 0 0 0 0 0 0 0 0 0.359836252183684 10.0711049282498 10.0711049282498 15 15 15 15 15 15 5.14220985649959 0.546039180006233 0.359836252183684 2.84412451825683 15 15 15 15 15 15 15 15 15 15 15 14.8263666756389 15 15 12.7019146617533 14.7269804099969 10.1308097335035 7.77301959000703 7.31379707218586 14.7269804099972 15 15 5.7494651670998 3.56209876045509 1.57644548172925 0.332762361853397 0 0 0 0 0 0 0 0 0 0 0 0 0 0 0 0 0
1.27657415552874 5.75383349373202 9.03314855987049 5.79314831191517 12.1552038764392 54 54 34.5 15 15 15 15 15 15 14.7051388462683 1.60920783600125 0.0982870541369337 0.0546039180006233 0.0109207840340776 0 0 0 0.300000011920929 1.74025724007065 3.62067821241783 14.6574802584648 15 14.9563168725427 14.9781584362714 15 15 15 15 15 15 14.883344038554 14.7557673039227 14.7885296581947 0.546039180006233 15 12.5781583409039 14.7597427469108 14.8907921639988 15 15 15 15 15 15 0.273019590003116 0 4.92889507175021 14.4539608199938 15 15 10.0711049282498 7.5 0.546039180006233 7.50000000000841 14.5407774821743 12.5954428001336 12.1092078360012 10.0856534130979 2.15460394618201 0.0109207840340776 0 0 0 0 0 0 0 0 0 0 0 0 0 0 0 0
12.7842410020858 38.3897224981983 54 40.4710927092442 29.0235556295341 35.2676681005877 54 53.355966085244 21.0712069466558 6.56191172451579 15.225723335556 12.7019146617533 15 13.1498929415242 12.6873661769052 7.48394041955114 4.59314825555239 2.04025730725669 0.300000011920929 0 0 0 0.300000011920929 1.5 2.66723769341172 3.8235543752196 7.40171271612355 15 15 15 15 14.7109205998085 15 13.1453958912645 8.8201288952888 6.8235543752196 14.5522478741307 14.8034258917261 14.6614557101319 10.9361881506307 7.19486101935965 10.4563168638637 10.2379011918612 8.59079244142199 14.8689506002701 15 14.9131833378194 14.9131833378194 15 15 5.14220985649959 0.546039180006233 0.546039180006233 0.546039180006233 7.77301959001152 15 14.8137970721775 7.77301959000312 2.84412451826524 10.3170126613261 7.41318333781943 14.7269804099969 15 6.43104959046474 1.80000007152557 0.300000011920929 0 0 0 0 0 0 0 0 0 0 0 0 0 0 0
38.3897224981983 54 54 54 54 46.7152042613397 33.6372597686432 21.5900355365938 20.1521445097785 40.2078874927614 54 54 34.5 15 15 15 11.2419700949058 3.64715593560697 0.321841579989084 0 0 0 0 0 0 0.0109207840340776 3.92184165909606 14.8907921639988 15 15 15 15 15 15 15 4.79999995231628 2.62355456161494 3.49079207297085 3.50171285700493 4.06381161529025 9.58907912276826 3.26723760238382 1.7563168205195 8.43790123954491 11.1488220690929 9.70465063613489 13.081677764266 15 15 15 12.7019146617533 15 15 15 15 15 15 15 5.14220985649959 7.68620292782255 12.1558754817472 14.8137970721775 14.9235545182708 14.7269804099969 7.92526748363615 0.310920795955007 0 0 0 0 0 0 0 0 0 0 0 0 0 0 0
28.0800008773804 53.7641110909011 54 54 54 53.6068518181685 52.7353732674375 29.4908342486664 30.9647528695516 52.888264230896 46.0792301322932 54 53.2901490659919 15 14.8137970721775 15 14.8137970721775 6.49368327806286 1.81033904877404 0 0 0 0 0.0327623521022328 0.0764454860687785 0.709207855503575 5.29657401290644 15 15 15 15 15 12.7019146617533 10.4038293235066 15 8.79250510986182 0.300000011920929 0 0.600000023841858 2.6890792658194 2.97815843627137 1.17815842218068 0.289079227886851 1.48907921596592 4.53276234559294 14.7815843279975 8.15460382263319 7.47815842759232 11.5580296189919 15 15 15 15 15 15 15 15 15 5.14220985649959 15 12.7019146617533 12.7019146617533 12.8845222003251 9.03456868871988 5.78628187187693 2.17644550991064 0.387366282023785 0.0873662722726208 0.0546039180006233 0.0109207840340776 0 0 0 0 0 0 0 0 0 0 0
53.6068518181685 54 54 54 54 41.2220556980384 16.158243831311 11.4154179188123 13.4389723417156 15 15 15 15 15 15 15 15 15 15 2.84412451825291 0.359836252183684 0.0689973693030389 0.354603932091317 1.21092077211315 4.01498968490893 6.61670267845571 12.1092078360012 15 15 15 15 15 15 12.6242299650528 6.62422972663422 2.69999992847443 0.300000011920929 0 0.300000011920929 7.8488220019069 7.8488220019069 0.300000011920929 0.300000011920929 2.73276228708595 10.6638117540019 15 15 10.3747325835499 5.67815848395509 10.9528909244538 12.6873661769052 14.7379011831821 15 15 15 15 15 15 15 15 15 7.77301959000703 14.7269804099969 12.2426921439281 15 10.9528909244538 5.91147038081 5.7494651670998 4.44025728341483 1.89828712132298 0.354603932091317 0.0109207840340776 0 0 0 0 0 0 0 0 0
54 54 54 54 54 37.4159738620176 14.4479228084714 15 15 15 15 15 15 15 15 15 15 15 15 15 15 11.0448143012254 5.02933640618309 4.60920783600125 10.789079170452 15 15 15 15 15 15 15 15 15 10.6638117540019 3.50749484245446 0.600000023841858 0 0.289079227886851 1.15631691154741 1.15631691154741 0.289079227886851 0.300000011920929 8.50342593940985 15 15 15 15 4.17815847527603 2.96723765006753 4.12355433187542 4.73447525245135 10.658029762043 15 15 15 15 15 15 15 15 15 12.7019146617533 14.6401637478163 14.6401637478163 14.9131833378194 14.6401637478163 15 15 10.9528909244538 5.02933640618309 2.49828702595555 0.987366301526113 0.0764454860687785 0.0546039180006233 0.0109207840340776 0 0 0 0 0
15 15 27.8151277379254 40.6302554758508 27.8151277379254 15 15 15 15 15 15 15 15 15 15 15 15 15 15 15 15 15 15 15 15 15 14.8137970721775 12.7019146617533 15 7.77301959001152 15 15 15 15 15 8.81434668226951 0.600000023841858 0 0 0 0 0 0.289079227886851 2.34539606032728 4.70171290251888 5.89079216399875 5.89079216399875 4.12355456161494 1.76723771942334 0.0109207840340776 0.354603932091317 2.78736619640752 7.77301959000312 13.2655245178091 15 14.9131833378194 14.9131833378194 15 15 15 15 15 15 7.58681666218057 0.459222517825665 0 0 8.55330618983356e-12 12.6150979995728 14.9131833378194 15 15 5.69088583000681 4.69838044272175 3.54372986182504 1.25460390390993 0.0109207840340776 0 0 0 0
15 15 15 15 15 15 15 15 15 15 15 15 15 15 15 15 15 15 14.9131833378194 12.7019146617533 10.0711049282498 15 15 10.0711049282498 15 15 14.916106392826 15 15 15 14.9453960819994 15 14.7488219737255 14.6505349282676 5.60171299354678 2.34539606032728 0.289079227886851 0 0 0 0 0 0 0 0 0 0 0 0.9109208176271 2.45460389849829 5.01841562431878 11.2419700949058 15 15 15 7.31379707217745 0 14.4539608199938 14.5407774821743 14.8137970721775 12.6150979995728 15 15 15 15 12.7019146617533 0.173633324361136 4.59617067649336 14.5407774821743 15 14.7269804099969 14.5407774821743 12.3420784095696 7.31379707217745 15 3.19657398906458 0.300000011920929 0 0 0 0
7.58681666218057 14.8263666756389 15 15 15 15 15 15 15 15 10.0711049282498 15 15 15 15 15 15 15 15 15 15 15 15 15 15 15 15.0726551949317 15.5906853289077 14.9718982657102 15 12.8453961773668 11.7488219737255 9.62698050102479 2.32355449225913 0.867237683660554 0 0 0 0 0 0 0 0.0218415680681552 0.0218415680681552 0.0109207840340776 0 0 0 1.21092077428291 14.8034258917261 15 15 15 15 15 7.68620292782255 7.77301959000312 2.84412451825291 2.84412451825683 15 15 15 15 10.9528906947143 11.7815843279975 14.6718737054277 15 5.14220985649959 15 7.77301959000312 0.273019590007035 0.372405855645097 15 15 10.0913738688538 2.66723758288149 0.300000011920929 0 0 0 0
15 15 15 15 15 15 15 15 15 15 15 15 15 15 15 15 15 15 8.80955559979351 13.2011167595633 14.8868167036525 14.9131833378194 15 15 14.8558456550897 19.7668523780161 54 41.1848731810327 14.589315041568 11.9082654184533 14.7051388462683 8.50342593940985 1.46723765006753 0.289079227886851 0 0 0 0 0 0 0.0109207840340776 0.0546039180006233 1.39368314369077 2.39486118191313 2.80920788368496 2.80067524522392 2.88167795500091 2.88912607176665 4.38218073289044 8.04372988572078 13.2327621635371 15 15 15 15 15 15 15 15 15 14.9131833378194 15 15 11.4327624496394 4.52184156372863 3.83447516142345 5.59932473527376 14.8471090278624 15 10.0711049282498 7.77301959001152 15 14.6947208422935 9.95974280327354 2.64539601264357 0.289079227886851 0 0 0 0 0
15 15 15 15 12.7019146617533 7.58681666218057 15 15 15 15 15 15 15 15 15 15 15 15 15 15 15 5.14220985649959 15 15 9.46149882805368 37.37678778482 54 54 22.7711211471345 12.3982872361927 8.64025733109855 6.1856533177305 3.39828700645322 1.59828705413693 0.354603932091317 0.0109207840340776 0 0 0 0 0.610920805706171 3.22933645386681 6.99770545541875 10.0711049282498 12.7019146617533 15 12.3295088061082 14.9131833378194 12.7019146617533 15 15 15 15 15 7.77301959000312 12.1558754817471 14.5407774821743 15 15 15 15 15 15 15 10.6638117540019 4.30920788368496 3.37644544272459 5.40000009536743 14.6723764919963 14.8580298097268 15 10.5706634984495 3.80171303906073 1.44539608199938 0.289079227886851 0 0 0 0 0 0
14.7269804099969 15 12.7019146617533 5.47493425176484 15 15 15 15 15 15 15 12.7019146617533 15 15 15 15 15 15 15 15 15 15 14.8580298097268 9.72089924154809 9.78449676587271 39.4304076037212 54 54 35.2098509340081 15 15 15 15 10.6638117540019 3.55117797859077 0.709207855503575 0.0764454860687785 0.0327623521022328 0 0 0.899999976158142 9.3109207341806 15 15 15 15 9.9177111782227 10.0711049282498 15 15 14.8137970721775 15 14.6275941443549 15 0.546039180006233 2.84412451825291 7.77301959000312 15 15 15 15 15 15 15 15 15 15 6.90578184890768 4.77815861832718 4.7017131322584 4.40171294586307 2.34539606032728 0.289079227886851 0 0 0 0 0 0 0 0
15 15 15 15 15 7.77301959000312 5.47493425176484 7.77301959000312 15 14.726980409997 14.8137970721775 15 15 5.14220985649959 15 15 15 15 15 15 15 14.6614557101319 6.08171301262027 8.22539606206821 21.3201720522152 44.6338340502939 54 54 54 54 22.3947241150408 15.7516422348945 15.9355742695641 15 14.3139472503681 9.63860190255107 5.41030737606235 2.43931479434129 0.300000011920929 0 0.621841589740248 3.58907912276826 7.0310494950973 14.7051388375892 14.7269804099969 10.3953492684977 4.80216903696076 4.50216908464448 5.69363637031833 6.3815842043948 14.6247179128718 14.682794487292 12.7019146617533 15 15 15 15 15 15 15 15 15 15 10.0711049282498 15 15 14.7269804099972 15 10.1482871332709 2.15460394618201 0.310920795955007 0 0 0 0 0 0 0 0 0 0
7.77301959000312 12.7019146617533 15 14.8263666756389 15 15 15 14.7269804099969 15 10.0711049282498 15 10.0711049282498 15 12.7019146617533 15 14.7269804099969 14.4539608199942 14.6614557101319 6.79079202094761 5.89079216399875 4.99079230271037 2.92355451610099 1.94723766914102 28.3343888519102 52.584666458616 52.8598702032562 53.5675369652691 54 54 52.9384998396225 35.2083362661183 12.3178227183666 12.5254816377064 52.5437520724957 52.6267500181361 22.3947241150408 15.5919064794587 8.2208991223388 0.300000011920929 0 1.19999998807907 3.72591051445696 4.467237645728 4.95289115419336 4.88222742600436 2.34539606032728 0.289079227886851 0 0 0.867237683660554 2.02355453777308 3.99886860300164 10.156898596954 14.7051388462683 14.9017129545421 15 15 15 15 15 15 14.9344753088141 14.934475291456 15 15 15 15 12.7019146617533 15 9 0.600000023841858 0 0 0 0 0 0 0 0 0 0
14.4539608199938 14.9131833378194 15 10.0711049282498 14.8137970721775 14.7269804099972 15 7.77301959000312 10.0711049282498 15 15 15 14.8137970721775 15 15 15 10.1453961296831 2.62355444674518 0.867237683660554 0 0 0 1.04068522039266 5.20342598709356 9.36616686866422 12.5668518302783 35.7764445612007 52.7026109305236 36.8957593030899 13.8041115035541 8.71862997968905 8.99383374168734 16.357259576193 17.8304081585677 16.1900359093845 12.1036117772366 8.24071386852023 2.52539612491472 0.289079227886851 0 1.19999998807907 8.48158437568122 14.563168655995 2.40000009536743 1.79999995231628 0.900000035762787 0 0 0 0 0 0.289079227886851 1.44539608199938 3.80171303906073 14.6177725739956 15 15 15 15 15 15 15 13.2655245178091 13.1235543275359 15 15 15 15 12.7534728005953 3.90000009536743 0.600000023841858 0 0 0 0 0 0 0 0 0 0
15.0057877693782 0.546039180014638 7.31379707217745 14.7269804099972 2.84412451825291 15 10.0711049282498 14.9131833378194 15 14.8137970721775 15 15 15 11.2913739121979 6.19079211631504 5.3017130412305 2.94539608199938 0.58907923980778 0 0 0 0 0 0 0 1.04068522039266 5.20342598709356 8.32548176314132 5.20342598709356 5.36068527284475 17.5760190093031 54 54 52.5453516404329 4.32000005245209 0 1.11931486543802 5.5965742036413 8.87588925242165 5.51794455859594 1.3690792708022 1.44539608199938 1.73447525245135 0.867237683660554 0 0 0 0 0 0 0 0 0 0.867237683660554 2.92355451610099 5.89079216399875 14.6396141464033 11.9453960819994 14.6832972738606 14.8580298097268 15 15 15 15 10.3747323538104 8.36723773241637 8.02355442290332 14.8252674641338 6.61670267845571 2.60749486629632 0.300000011920929 0 0 0 0 0 0 0 0 0 0
16 15.5182013060002 15.0182013060002 15 15 15 15 7.77301959000312 7.77301959000312 15 15 14.8798713734554 14.6286933558599 3.24539603865519 0.289079227886851 0 0 0 0 0 0 0 0 0 0 0 0 0 0 4.32000005245209 32.7330184215193 52.7419257487067 36.8957593030899 11.6047963654612 3.12205566117799 0 3.24000000953674 33.4800000190735 54 30.6123333922903 1.08000004291534 0 0 0 0 0 0 0 0 0 0 0 0 0 0 0.867237683660554 2.04539610584123 2.91263373206691 3.20171290251888 4.69079212065457 10.5597427165852 14.6614557101319 14.6723764919963 14.6942180557249 7.77301959000312 15 3.87815829322023 4.19999980926514 4.51092079054337 1.81092085338989 0.300000011920929 0 0 0 0 0 0 0 0 0 0
10.7425119387824 13.5487087274814 5.54870872748139 15.0364026120004 15.0182013060002 10.0711049282498 15 14.8137970721775 12.7019146617533 15 14.847340541762 9.94882202140922 2.62355444674518 0.867237683660554 0 0 0 0 0 0 0 0 0 0 0 0 0 0 0 1.04068522039266 5.20342598709356 8.32548176314132 5.20342598709356 1.04068522039266 0 0 3.20068519135359 32.654388785153 52.5060368048916 11.6834260148461 1.04068522039266 0 0 0 0 0 0 0 0 0 0 0 0 0 0 0 0 0 0 0.289079227886851 1.44539608199938 2.60171299354678 2.89079216399875 3.50171285700493 4.41263373206691 4.14539612968309 8.74882197806504 9 8.70000004768372 0.600000023841858 0 0 0 0 0 0 0 0 0 0 0
16 15.7087791039968 16 16 16 16 16 16 13.5487087274814 15.1721203899779 5.34079222836127 1.74539615135519 0.289079227886851 0 0 0 0 0 0 0 0 0 0 0 0 0 0 0 0 0 0 0 0 0 0 0 1.04068522039266 5.20342598709356 6.24411109261647 3.12205566117799 0 0 0 0 0 0 0 0 0 0 0 0 0 0 0 0 0 0 0 0 0 0 0 0 0 0.578158455773703 1.1672376381466 2.64539612968309 2.35631695923112 0.58907923980778 0 0 0 0 0 0 0 0 0 0 0
16 16 15.9073955510831 16 13.5487087274814 16 16 16 16 5.76142881715698 1.20562232314487 0 0 0 0 0 0 0 0 0 0 0 0 0 0 0 0 0 0 0 0 0 0 0 0 0 0 0 0 0 0 0 0 0 0 0 0 0 0 0 0 0 0 0 0 0 0 0 0 0 0 0 0 0 0 0 0 0 0 0 0 0 0 0 0 0 0 0 0 0 0
16.7815843279975 15.908993469999 16 16 16 16 10.7425119387824 16 11.8283510807593 2.85670232190234 0 0 0 0 0 0 0 0 0 0 0 0 0 0 0 0 0 0 0 0 0 0 0 0 0 0 0 0 0 0 0 0 0 0 0 0 0 0 0 0 0 0 0 0 0 0 0 0 0 0 0 0 0 0 0 0 0 0 0 0 0 0 0 0 0 0 0 0 0 0 0
11 11 10.8634511882886 11 15.0519586470754 15.8800545883915 16 16 11.1988424868648 1.60000002384186 0 0 0 0 0 0 0 0 0 0 0 0 0 0 0 0 0 0 0 0 0 0 0 0 0 0 0 0 0 0 0 0 0 0 0 0 0 0 0 0 0 0 0 0 0 0 0 0 0 0 0 0 0 0 0 0 0 0 0 0 0 0 0 0 0 0 0 0 0 0 0
11 9.31473747988298 11 11 11 11 11 15.8800545883915 13.7905571355907 10.9124630364463 11.4241118611772 6.41087843946699 1.35323359165621 0 0 0 0 0 0 0 0 0 0 0 0 0 0 0 0 0 0 0 0 0 0 0 0 0 0 0 0 0 0 0 0 0 0 0 0 0 0 0 0 0 0 0 0 0 0 0 0 0 0 0 0 0 0 0 0 0 0 0 0 0 0 0 0 0 0 0 0
7.38547700098907 10.7997856339979 3.77095400197814 11 11 11 11 11 12.8201306000208 61 61 41.0149903934386 8.76205590894206 0.044411187681994 0 0 0 0 0 0 0 0 0 0 0 0 0 0 0 0 0 0 0 0 0 0 0 0 0 0 0 0 0 0 0 0 0 0 0 0 0 0 0 0 0 0 0 0 0 0 0 0 0 0 0 0 0 0 0 0 0 0 0 0 0 0 0 0 0 0 0
11 11 11 11 11 11.5757380173804 19.2275365055658 39.6405342967775 61 61 61 61 21.4949903951539 2.57323362026644 0 0 0 0 0 0 0 0 0 0 0 0 0 0 0 0 0 0 0 0 0 0 0 0 0 0 0 0 0 0 0 0 0 0 0 0 0 0 0 0 0 0 0 0 0 0 0 0 0 0 0 0 0 0 0 0 0 0 0 0 0 0 0 0 0 0 0
11.3192437723628 20.1275941443549 15.5505995967879 19.2275365055658 23.4992451389022 35 35 35 47.5267660439946 61 61 61 44.5417566864837 10.2041120883437 1.66411189675111 6.54411201119203 7.76411204848132 4.05970075761052 0.22205593840997 0.044411187681994 0 0 0 0 0 0 0 0 0 0 0 0 0 0 0 0 0 0 0 0 0 0 0 0 0 0 0 0 0 0 0 0 0 0 0 0 0 0 0 0 0 0 0 0 0 0 0 0 0 0 0 0 0 0 0 0 0 0 0 0 0
24.8577901435004 18.0460391800062 34.3629542899931 35 35 35 35 35 35 48 61 61 61 33.9614568883901 26.9079243022997 45.7173457571515 61 28.0835133729675 18.6370464185369 10.0682224344819 3.88244030071919 0.765908970931828 0.0633405430581206 0 0 0 0 0 0 0 0 0 0 0 0 0 0 0 0 0 0 0 0 0 0 0 0 0 0 0 0 0 0 0 0 0 0 0 0 0 0 0 0 0 2.76357545763044e-13 0 0 0 0 0 0 0 0 0 0 0 0 0 0 0 0
30 29.6275941443549 34.9710611010344 35 35 34.7974277766733 35 35 35.9464679120108 61 61 61 61 61 61 61 61 61 61 45.5824417920066 26.3984434354936 14.6491669531717 5.44368389153121 0.643340528538585 0 0 0 0 0 0 0 0 0 0 0 0 0 0 0 0 0 0 0 0 0 0 0 0 0 0 0 0 0 0 0 0 0 0 0 0 0 0 0.509636568005817 28 18.7993958354343 14.0000000000006 0 0 0 0 0 0 0 0 0 0 0 0 0 0 0
30 30 30 30 30 30.0289388989656 35 47.5267660439946 60.0535320879892 60.3762837971465 61 61 61 61 61 61 61 61 61 61 61 44.8147911021661 21.1755893197183 8.33113504210474 5.43113517647683 3.11113511968521 0.727794592458707 0.0633405430581206 0 0 0 0 0 0 0 0 0 0 0 0 0 0 0 0 0 0 0 0 0 0 0 0 0 0 0 0 0 0 0 0 0 0 2.30051513744812e-11 27.8379422143954 28 28 14.3475787824012 0 0 0 0 0 0 0 0 0 0 0 0 0 0
30 30 29.4539608199947 30 30.091006530001 34.5655265133195 35 35 35 35 35 35 35.9464679120108 61 61 61 61 61 61 60.242774769446 45.5824417920066 29 29 29 29 22.547281287846 11.7323347335308 7.98411182131485 6.24411205019669 6.24411205019669 4.44903550041592 2.03584483377922 0.197429985000926 0.105567573933299 0.0211135143527069 0 0 0 0 0 0.0240257237900883 0.488051445195991 0.488051445195991 0.211991424211211 0 0 0 0 0 0 0 0 0.0636655542909721 0.0636655542909721 2.08569136699136 0 0.200214366002285 0 0 0 0 0 0 0 26.9807268639884 28 28 0.509636568005817 0 0 0 0 0 0 0 0 0 0 0 0 0
29.4539608199941 30 19.5961706764934 20.1422098564996 32.5 29.6378005711051 23.4992451389022 35 35 35 35 38.9833487773218 52.4565827333272 61 61 61 61 61 45.5824417920066 34.4850243370439 39.70018456079 50.4850243370439 29 29 34.4850243370439 45.5824417920066 30.1648835840133 30.1648835840133 30.1648835840133 30.1648835840133 30.1648835840133 21.887908896575 14.3952473486112 6.88338363539708 1.18111348314387 0 0 0.219999998807907 1.12147912619803 2.03096679512788 2.27499254210379 2.94432593740886 5.5 0.200214366002285 0 0 0 0 0 0.0636655542908635 0.200214366002285 5.70021436600229 5.70021448087205 11 11 10.5995712679954 0 5.30903240344016 0 0 0 0 0 0 0 0 27.490363431995 19.5 11 2.08569136699136 0.200214366002285 0 0 0 0 0 0 0 0.423982848422422 1.27194860270215 1.11347054834669
30 30 25.2301959991455 10.2844197129992 31.6429647175974 35 11.9984902778044 35 34.7974277766733 12.7748462811123 23.4992451389022 35 35 35 35 34.5655265133195 35 43.5434172666728 60.0535320879892 44.3133782203199 45.5824417920066 61 44.8147911021661 29 45 61 61 60.6469455992576 61 61 61 61 45.5824417920066 19.9288225279519 1.78441119721874 0 0 0.219999998807907 6.24749605030148 10.9363344500487 11 0.400428732004571 5.70021436600229 5.70021436600229 0.136548816050951 0 0 0.0636655542908635 1.88547700098907 7.38547700098907 11 11 10.7997856339977 11 11 3.50707408602452 0 23.2006037050875 18.2897592674294 14.5096361085268 0 0 0 0 0 0 9.36266147333313 19.2997856339981 11 5.50000000000023 0 0 0 0 0 0 1.08569033580179e-13 0.263879920293149 0.263879920302186 11 5.70021436600229
30 20.8076586470133 19.9685765321385 25.4038293235066 20.8076586470133 32.408993469999 35 35 23.2966729155755 35 34.8179869399979 34.908993469999 34.908993469999 34.8179869399979 34.9710611010344 35 34.8610933266246 34.12633731199 26.7724634944342 11 11 11 49.5749590370335 50.4850243370439 45.5824417920066 61 61 61 61 61 61 61 61 24.8250116743098 3.62329757145256 0 0 0.211991424211211 3.28038557126894 11.1037490029602 11 11 11 11 5.70021436600229 0.200214366002285 0.336763182053237 0.400428732004571 3.81473747988596 10.6632368222863 10.7269023765772 7.24892818927765 11 11 5.5 0 0.400428732004571 0.336763182053237 9.20060370508661 26.980726863989 28 0.509636568005817 0 0 0.200214366002285 11 0.263879920311224 19.0632466980938 7.0487138232756 1.88547700098907 10.7997856339977 7.24892818927765 10.9363344500487 5.29978563399771 0 0 5.50000000000904 11 11 11 10.8362272670475
