rasters/edaphic/T_BULK_DEN.asc
NCOLS 720 
NROWS 300 
XLLCORNER -180 
YLLCORNER -60 
CELLSIZE 0.5 
NODATA_value -9999 
[rows 99 to 131 of 300, columns 300 to 374 of 720]
0 0 0 0 0 0 0 0 0 0 0 0 0 0 0 0 0 0 0 0 0 0 0 0 0 0 0 0 0 0 0 0 0 0 0 0 0 0 0 0 0.00100437691875339 0.313619375892465 1.44882467844306 1.11093756713892 1.1055175121336 1.29918631741651 1.1824047227834 1.3907188721893 1.41386502232068 1.34275603153707 1.35898045901392 1.40094258339586 1.41789047944707 1.4066876022145 1.26136547983883 1.27999997138977 1.25330978682814 1.25073168045298 1.26646712160468 1.28164547527516 0.888873243379624 0.239047274255733 0.0270508826078964 0.000946467931538686 0.0808248443838766 0.194220566685861 0.220127632298018 0.205590177748331 0.119810733007075 0.0241999998688698 0 0 0 0 0
0 0 0 0 0 0 0 0 0 0 0 0 0 0 0 0 0 0 0 0 0 0 0 0 0 0 0 0 0 0 0 0 0 0 0 0 0 0 0 0 0.116312129218265 0.607177896799176 1.43313380463929 1.40351118832263 1.32965277640549 1.39419492389247 1.35299787515309 1.34838471826965 1.35890793698659 1.32943402563895 1.47851769385707 1.28228786572388 1.24933479768627 1.3457523805002 1.40181433714645 1.28236614108301 1.3161245581353 1.28963593608019 1.30188634145665 1.02505520843897 0.287081766504383 0.0256645497192054 0.00404602163857006 0.0300460221750119 0.176516943801924 1.28170400063493 1.38776525182515 0.209799997508526 0.0996000021696091 0.0241999998688698 0 0 0 0 0
0 0 0 0 0 0 0 0 0 0 0 0 0 0 0 0 0 0 0 0 0 0 0 0 0 0 0 0 0 0 0 0 0 0 0 0 0 0 0 0 0.284085399609623 1.43942881789231 1.41737378024281 1.39976846442832 1.37947181947894 1.4011960721009 1.33254822332524 1.33012417732687 1.30322674720286 1.30317987611858 1.26087790727615 1.36930547174866 1.52563165777614 1.36705137991755 1.36566913127899 1.40763379692816 1.36416352934422 1.3465417586568 1.33678187233321 1.01489248811645 0.242772575474639 0.0826736614108086 0.189408330854283 0.216160742885337 0.180960600628049 0.336134462538561 0.286254382615929 0.107120341689175 0 0 0 0 0 0 0
0 0 0 0 0 0 0 0 0 0 0 0 0 0 0 0 0 0 0 0 0 0 0 0 0 0 0 0 0 0 0 0 0 0 0 0 0 0 0 0 0.281401060983776 1.38825870046614 1.40222525217687 1.44422112386665 1.33910304695205 1.36296511220216 1.47695526908039 1.30763383269095 1.27353234968932 1.25445395657237 1.2537091457637 1.34854624489985 1.41372226962802 1.40917448178929 1.40410929397978 1.35225306217466 1.36389117078547 1.31319666727617 1.31028074057443 1.29225037676623 0.73992776807162 0.0826736614108086 0.766158939951195 0.167546465992928 0.0282000005245209 0 0 0 0 0 0 0 0 0 0
0 0 0 0 0 0 0 0 0 0 0 0 0 0 0 0 0 0 0 0 0 0 0 0 0 0 0 0 0 0 0 0 0 0 0 0 0 0 0 0 0.110111236472222 0.473329407376954 1.15578434113928 1.34060892343958 1.54894874114647 1.33072809446103 1.33000004291534 1.36230461487681 1.23300150146179 1.40669147082245 1.23890793221822 1.2558849323633 1.31027341227147 1.29035666149268 1.27291222345584 1.27274693565558 1.34806411985456 1.31318926553481 1.30788230684089 0.54598849610025 0.209275769866119 0.0532873493861745 0.0543468936940305 0.0543468936940305 0 0 0 0 0 0 0 0 0 0 0
0 0 0 0 0 0 0 0 0 0 0 0 0 0 0 0 0 0 0 0 0 0 0 0 0 0 0 0 0 0 0 0 0 0 0 0 0 0 0 0 0 0.248104490261165 0.986115718833584 1.45848024293393 1.37932406811871 1.21000003814697 1.21167849222136 1.22187832978681 1.21970460611147 1.40071338415139 1.47781580266203 1.4162858405639 1.27387178456159 1.30668973039471 1.35177297723173 1.30353184534204 1.27737953258652 1.38490725161264 0.899043929691307 0.130116914456492 0 0 0 0 0 0 0 0 0 0 0 0.00103383418753807 0.00206766837507614 0.00301413630661483 0.00378587172615474
0 0 0 0 0 0 0 0 0 0 0 0 0 0 0 0 0 0 0 0 0 0 0 0 0 0 0 0 0 0 0 0 0 0 0 0 0 0 0 0 0 0.138556314154394 1.36351639965609 1.23461004399176 1.20198475246788 1.37095632661518 1.36995086667037 1.38346769351141 1.45658884740026 1.34341632262826 1.28287028158481 1.28175384431735 1.305293882953 1.39890789883962 1.37020715654927 1.37857427563421 1.05295224839847 0.47038025616322 0.211052826798513 0.0271734468470152 0 0.00310150256261421 0.0072368391771562 0.0103105604786504 0.0361348233595696 0.141890137155529 0.255012227580241 0.290548705905461 0.294196030065208 0.209083384997844 0.180754541777638 0.237538343624797 0.365612007817045 0.380275598667627 0.420287613648262
0 0 0 0 0 0 0 0 0 0 0 0 0 0 0 0 0 0 0 0 0 0 0 0 0 0 0 0 0 0 0 0 0 0 0 0 0 0 0 0 0 0.0841466042750783 0.181063452078045 0.301821686988978 0.301841099978424 0.31661156077796 0.565475066524534 1.37696323622078 1.41468117593998 1.32662056584833 1.39719017945164 1.35275356810563 1.34016009796876 1.35942279717032 1.2896571486167 1.04765102822224 0.313119702367495 0.0496389707742151 0 0.0313198248184021 0.149041268155217 0.350937841284654 0.516732683970119 0.595783152365741 0.60910390748551 0.992220380094517 1.34735775906733 1.41999995708466 1.41781580027784 1.42040510206941 0.76364098298728 1.41999995708466 1.41999995708466 1.41999995708466 1.49557639061006
0 0 0 0 0 0 0 0 0 0 0 0 0 0 0 0 0 0 0 0 0 0 0 0 0 0 0 0 0 0 0 0 0 0 0 0 0 0 0 0 0 0 0 0 0 0 0.1403839348609 0.958413243006254 1.31699823431189 1.16743412063291 0.517826589655917 0.34829949143195 0.266338317905241 0.262676657640721 0.209678794408558 0.132205559611835 0.0569224810833373 0.0901216338796905 0.205958035923153 0.392573031424743 0.99842408752936 1.41982632382973 1.41893301866061 1.41540378824608 1.37137650661932 1.36655242512092 1.43699556639954 1.4918900428776 1.41930542406494 1.41817982822045 1.41635969935624 1.41595455437148 1.40079928131982 1.39914306931404 1.3629978060117
0 0 0 0 0 0 0 0 0 0 0 0 0 0 0 0 0 0 0 0 0 0 0 0 0 0 0 0 0 0 0 0 0 0 0 0 0 0 0 0 0 0 0 0 0 0 0.0556381159724285 0.475617994152849 1.5356316482394 1.0952137923706 0.287620685718583 0.131924638134691 0.157411314911217 0.123676212520501 0.0665336922727223 0.0383230169459902 0.177067185091145 0.483862547055709 1.41690573584574 1.37620053068284 1.31815682988053 1.40554601004903 1.41999995708466 1.41936330253984 1.41773200613268 1.31546033805123 1.31162208277942 1.46183587935511 1.46074380203659 1.40433090196258 1.30611376139577 1.33690916425451 1.26327259785106 1.27468075810916 1.28127406376448
0 0 0 0 0 0 0 0 0 0 0 0 0 0 0 0 0 0 0 0 0 0 0 0 0 0 0 0 0 0 0 0 0 0 0 0 0 0 0 0 0 0 0 0 0 0 0.141081641211079 0.898530894550237 1.41999995708466 1.5386108958136 1.18164823800181 1.15112757249966 1.07599867708731 1.0560159358577 0.620561267203942 0.595276283908785 1.05506832107392 1.34936828261922 1.30069448750576 1.34735775906733 1.4051736046447 1.41999995708466 1.36363446272629 1.30999994277954 1.35910693574811 1.30975558352458 1.38200213915202 1.50086478531072 1.62479547380846 1.62999999523163 1.38428266588652 1.42503766699329 1.41999995708466 1.41999995708466 1.31400423062033
0 0 0 0 0 0 0 0 0 0 0 0 0 0 0 0 0 0 0 0 0 0 0 0 0 0 0 0 0 0 0 0 0 0 0 0 0 0 0 0 0 0 0 0 0 0.0313306250344731 0.370216115105407 1.40047975888078 1.4163261786605 1.37886229276241 1.53126333462577 1.51506281607827 1.41861010992991 1.36372586189692 1.31685624292782 1.33963600760576 1.33327627487092 1.45779301132993 1.34113773150829 1.41947905731987 1.41836184110687 1.41508560698153 1.47362956153946 1.58070181490109 1.46489883782888 1.50473233938647 1.62999999523163 1.62999999523163 1.62592185293803 1.54190579545038 1.57172167753983 1.45708782762471 1.46187882443163 1.46000003814697 1.49869917121194
0 0 0 0 0 0 0 0 0 0 0 0 0 0 0 0 0 0 0 0 0 0 0 0 0 0 0 0 0 0 0 0 0 0 0 0 0 0 0 0 0 0 0 0.00305781950241967 0.0919448441482017 0.320958202972452 1.05878334569412 1.41337523044062 1.35758428833359 1.29999995231628 1.31692858201411 1.41716238647004 1.32945400208632 1.33011579769538 1.33000004291534 1.3462078214472 1.33000004291534 1.33000004291534 1.33000004291534 1.33493953408271 1.33607954801402 1.26701526939525 1.37946468354132 1.41929818509891 1.62999999523163 1.62999999523163 1.62399356347044 1.59392835987501 1.45529283548521 1.3295733443423 1.29999995231628 1.30600638407747 1.32205116929847 1.43999999761581 1.56059557118358
0 0 0 0 0 0 0 0 0 0 0 0 0 0 0 0 0 0 0 0 0 0 0 0 0 0 0.00189293586307737 0.00189293586307737 0.000946467931538686 0 0 0 0 0 0 0 0 0 0 0 0 0.00107023680550534 0.0935293436791012 0.297108365016028 0.601440624628162 1.41952023396666 1.42036404246214 1.35542689407828 1.3323622451344 1.3293683016927 1.34908995723999 1.3021841091231 1.36514222180295 1.33000004291534 1.33000004291534 1.33000004291534 1.47453962814133 1.38688251316543 1.53043817733674 1.62999999523163 1.62999999523163 1.62999999523163 1.62999999523163 1.6286109291922 1.61798713170926 1.56742927448491 1.35914673636832 1.29999995231628 1.29999995231628 1.29999995231628 1.29999995231628 1.46499997377396 1.4779604485031 1.39028999617756 1.60462438918386
0 0 0 0 0 0 0 0 0 0 0 0 0 0 0 0 0 0 0 0 0 0 0 0 0.0260000005364418 0.104000002145767 0.156000003218651 0.0997687626786122 0.0260000005364418 0 0 0 0 0 0 0 0 0 0 0 0.00107023680550534 0.122841979363214 0.449499386246801 1.46945398995097 1.43000000715256 1.47781580266203 1.5386108958136 1.53999996185303 1.53999996185303 1.43972161263194 1.30071962640024 1.41672372512908 1.33000004291534 1.33000004291534 1.33000004291534 1.33000004291534 1.48173635162277 1.62690577399271 1.54809423792822 1.62999999523163 1.62999999523163 1.625631681618 1.56795017641946 1.30163807046384 1.34336185085803 1.29999995231628 1.30364021438423 1.5 1.30364021438423 1.29999995231628 1.29999995231628 1.46627406614867 1.3833429292742 0.733960961197432 1.61160211505371
0 0 0 0 0 0 0 0 0 0 0 0 0 0 0 0 0 0 0 0 0 0 0 0 0.0260000005364418 0.680231216161739 0.707177684629719 0.0780000016093254 0.0260000005364418 0 0 0 0 0 0 0 0 0 0 0 0.0614141359636018 0.423687628758271 1.46817989540649 1.26651474837646 1.31117772483121 1.3960030057366 1.41562326383953 1.47357162562968 1.41540013391096 1.3137259052411 1.32890796125729 1.32890796125729 1.32890796125729 1.35859316093221 1.38497037322758 1.41809424269659 1.5 1.54336189854175 1.62924758373702 1.62999999523163 1.50399355870207 1.29999995231628 1.37293524288405 1.32706156390597 1.29999995231628 1.29999995231628 1.40364023822609 1.5 1.39751727056956 1.29999995231628 1.29999995231628 1.5 1.49884244352063 1.16080044314982 0.685507945529944
0 0 0 0 0 0 0 0 0 0 0 0 0 0 0 0 0 0 0 0 0 0 0 0 0.0250535326049031 0.100214130419612 0.100214130419612 0.0250535326049031 0 0 0 0 0 0 0 0 0 0 0 0.0306775173244785 0.298194874468562 1.0814946803609 1.38726979022881 1.21364029587539 1.30412968373602 1.30358364507675 1.30481793466149 1.29999995231628 1.29999995231628 1.29999995231628 1.29999995231628 1.33428137826467 1.36856280421305 1.5 1.5 1.5 1.52464909016527 1.58537295228363 1.58449401729575 1.34336185085803 1.35715041480864 1.30052085425083 1.30327618861139 1.30163807046384 1.06323858134006 1.28193700895999 1.49936334545518 1.5 1.39635971409019 1.29999995231628 1.39999997615814 1.49635973793205 1.39635971409019 1.49271947586411 1.5
0 0 0 0 0 0 0 0 0 0 0 0 0 0 0 0 0 0 0 0 0 0 0 0 0 0 0 0 0 0 0 0 0 0 0 0 0 0 0 0.149988870833991 0.975963605638133 1.43771342699323 1.29942148789094 1.21608948510777 1.22896082038073 1.3096359170067 1.29999995231628 1.29999995231628 1.29999995231628 1.30728047645218 1.49751729441142 1.49751729441142 1.39635971409019 1.36872215773289 1.5 1.5 1.44247694916226 1.34336185085803 1.3295733443423 1.29999995231628 1.29999995231628 1.29999995231628 1.09513295916773 0.574374724446427 0.361128254482409 0.670921201071284 1.44499999284744 1.49635973793205 1.29999995231628 1.29999995231628 1.38278335045548 1.34817983320324 1.29999995231628 1.29999995231628 0.889147718845934
0 0 0 0 0 0 0 0 0 0 0 0 0 0 0 0 0 0 0 0 0 0 0 0 0 0 0 0 0 0 0 0 0 0 0 0 0 0 0 0.321956313569143 1.44999998807907 1.41999995708466 1.4011776964354 1.3096359170067 1.29999995231628 1.29999995231628 1.30728047645218 1.33676408385325 1.49271947586411 1.40115753263751 1.43428140210652 1.41085693090038 1.40364023822609 1.29999995231628 1.38999998569489 1.49599571215921 1.24153938657975 1.29093670823036 1.29999995231628 1.29999995231628 1.29621408167501 1.29999995231628 1.28390999883623 0.155053528107752 0.0599920770682637 0.91410192814954 1.46385479413254 1.39635971409019 1.29999995231628 1.30052085425083 1.37785926795232 1.15663119652963 1.11025266289348 1.07938330786461 0.32435974062626
0 0 0 0 0 0 0 0 0 0 0 0 0 0 0 0 0 0 0 0 0 0 0 0 0 0 0 0 0 0 0 0 0 0 0 0 0 0 0 0.314957604031789 1.43520596674089 1.40106924307108 1.30327618861139 1.33631370744477 1.29999995231628 1.29999995231628 1.29999995231628 1.30728047645218 1.5 1.5 1.44584458028847 1.47750499408183 1.46207831198367 1.29999995231628 1.34336185085803 1.38070376420304 1.46583351392698 0.661481805034232 1.28594854489996 1.29999995231628 1.27255238474265 1.26687357715342 0.386650960014278 0.108805146632564 0.188768750277651 1.04869766876106 1.39999997615814 1.29999995231628 1.29999995231628 1.34505784748048 1.33522181364335 0.594630027926722 1.48441968195099 1.01818415942942 0.182184162028923
0 0 0 0 0 0 0 0 0 0 0 0 0 0 0 0 0 0 0 0 0 0 0 0 0 0 0 0 0 0 0 0 0 0 0 0 0 0 0.00112120044353746 0.257897961346994 0.982746761238222 1.34773016447166 1.49071101343292 1.45676936522815 1.29999995231628 1.30364021438423 1.30728047645218 1.40364023822609 1.44700213676784 1.5 1.39635971409019 1.34499996900558 1.29999995231628 1.29716055042021 1.29999995231628 1.12502825539024 0.527169791266956 0.859817094472593 0.335374717749904 0.40762740767109 0.333995712224815 0.215203434785864 0.326081383663729 0.517130668260865 0.774761958866386 1.5 1.34999996423721 1.29999995231628 1.3027552888466 1.29999995231628 0.49842527438584 0.310903634211837 1.04781585457167 1.06638118688716 0.178907926615284
0 0 0 0 0 0 0 0 0 0 0 0 0 0 0 0 0 0 0 0 0 0 0 0 0 0 0 0 0 0 0 0.00283940379461606 0.00378587172615474 0.00283940379461606 0 0 0 0.00109935891344018 0.0670047976994237 0.465263460390316 1.42138902529385 1.46113767884178 1.53424258219997 1.30364021438423 1.43428140210652 1.49736120153479 1.44563664956202 1.39400427353567 1.44220431822052 1.49884244352063 1.49520218145268 1.44384243636808 1.29999995231628 1.28296353117591 1.29999995231628 1.28593398360867 0.819041511102765 0.148969168668234 0.156467276914827 0.186501533746054 0.384000271566248 0.546038591049551 1.12419703246453 1.5 1.5 1.43649953717283 1.29999995231628 1.29999995231628 1.28969901908386 0.841354922113621 0.179160592781117 0.150000005960464 0.989999994635582 0.54109209986108 0.245460401011341
0 0 0 0 0 0 0 0 0 0 0 0 0 0 0 0 0 0 0 0 0 0 0 0.0634929355292914 0.0634929355292914 0.0317464677646457 0.00336360133061237 0.00448480177414982 0.00336360133061237 0 0.000997431569570802 0.136789728064942 0.200342664776602 0.106397434858988 0 0 0.00329807674032055 0.128488231432534 0.444005356564849 1.1973659068873 1.5242853411849 1.30728047645218 1.33792164033261 1.49799785607961 1.39400427353567 1.5 1.30728047645218 1.30728047645218 1.29999995231628 1.29999995231628 1.29999995231628 1.29999995231628 1.29999995231628 0.631812012208711 0.484535309067707 0.81007275174318 0.320736609397425 0.920741311009715 0.614716851386525 1.49014620429456 1.16794601623691 1.35334049335254 1.5 1.5 1.49126337277274 1.33069340833879 1.30115750879565 1.29999995231628 0.990824089157252 0.316529435532933 0.0531383816459633 0.214368319621 0.993276230388246 1.08436832564177 0.591841588548155
0 0 0 0 0 0 0 0 0 0 0 0 0 0 0 0 0 0 0 0 0 0 0 0.113600000739098 0.822431667682431 0.145521201015742 0.269842408513509 0.313918689208143 0.127189725881932 0.00299229470871241 0.0548000000417233 0.316253121762573 0.846599996089935 0.133833832113296 0.005030841111464 0.03962827707513 0.246689947022544 0.630689509381595 1.50981797757684 1.5 1.44700213676784 1.49799785607961 1.44700213676784 1.49635973793205 1.36571855020976 1.30185204181537 1.39635971409019 1.49271947586411 1.39635971409019 1.29999995231628 1.29999995231628 1.14322780634929 0.746870255308627 0.371720763878692 0.076107065746248 0.0501070652098062 0.163014987001613 0.524325484491934 1.46714070105326 1.39063664240947 1.44499999284744 1.5 1.49799785607961 1.43373702497745 0.832339605205463 1.5 1.5 1.43428140210652 1.40364023822609 0.915744263441107 0.394047121336519 0.619657418574713 1.5 1.29764456919664 1.5
0 0 0 0 0 0 0 0 0 0 0 0 0 0 0 0 0 0 0 0 0 0 0.0152000002563 0.141757593185263 0.141757593185263 0.174078799961774 1.4017695301292 0.980919869964709 0.327002190469854 0.136999998241663 0.0548000000417233 0.771659076164088 0.246638967674774 0.224098716342113 0.411186028554323 0.595633439592758 1.14550534773714 1.44081347276264 1.5 1.46391267260744 1.49854389690863 1.49854389690863 1.46000003814697 1.46000003814697 1.46000003814697 1.46000003814697 1.46000003814697 1.30728792897344 1.29390024887748 1.28384880170614 0.805402147724139 1.23244436342168 1.62999999523163 0.296883781512447 0 0 0 0.322907018511835 1.48529700029338 1.44636548222302 1.44700213676784 1.5 1.5 1.15904753247642 0.82316917752554 1.49235545226103 1.49672376587466 1.5 1.5 1.49635973793205 1.5 1.5 1.5 1.48798713756251 1.46505349271828
0 0 0 0 0 0 0 0 0 0 0 0 0 0 0 0 0 0 0 0 0 0 0.0152000002563 0.381920322813088 0.0304000005125999 0.115211131217149 0.230422262434298 0.310343455948815 0.774935305307527 0.136999998241663 0.0264025684512908 0.0528051369025816 0.198544533888807 0.880761647072433 1.35627301852873 1.4011776964354 1.40621540634404 1.50494211675673 1.50499999523163 1.49357034098989 1.46182016701118 1.46028942618193 1.46000003814697 1.46000003814697 1.32058479291621 1.29148414738763 1.44830751869336 1.44890884729816 1.59631050988568 1.26537474558835 1.21532895508979 1.62999999523163 1.28649599436679 0.456966390634786 0.0288394043310579 0 0 0.172323770171336 0.978916253958633 1.44499999284744 1.5 1.5 1.5 1.49563168638637 1.5 1.5 1.5 1.43832975705949 1.5 1.43428140210652 1.46323586846304 1.49635973793205 1.5 0.774539608632613 0.296723769260125
0 0 0 0 0 0 0 0 0 0 0 0 0 0 0 0 0 0 0 0 0 0 0.0146466805445637 0.0292933610891273 0.0292933610891273 0 0 0.0264025684512908 0.0528051369025816 0.0528051369025816 0 0.00327623500680783 0.325727870130447 1.43542658174794 1.28451143078689 1.33599546657557 1.47018225868448 1.33074479628913 1.2964614442476 1.40182310486179 1.38461897447579 1.498492103887 1.4807365858201 1.47847663804543 1.01554784268331 0.54765845507024 0.647232568873022 1.15513320681151 1.41809005088509 1.61798713170926 1.61798713170926 1.40843568478842 1.29999995231628 0.905503209260971 0.184839400099128 0 0 0.0545880060931017 0.451736176133709 1.22086806438901 1.5 1.5 1.5 1.5 1.49776954041327 1.5 1.5 1.39635971409019 1.5 1.5 1.5 1.5 1.49344752957955 1.1732762220972 0.386209894902019
0 0 0 0 0 0 0 0 0 0 0 0 0 0 0 0 0 0 0 0 0 0 0 0 0 0 0 0 0 0 0.0921471129102499 0.305404833422706 0.792755014491291 1.48394168429444 1.30121538727055 1.50999999046326 1.31971556614526 1.32965271680084 1.29999995231628 1.29999995231628 1.50235544055452 0.927050879768787 0.672271111862194 0.984454556053589 0.582811132530883 0.626944572445295 1.29999995231628 1.25499999523163 1.25663811120942 1.29999995231628 1.29999995231628 1.29999995231628 1.29999995231628 1.29999995231628 0.339892934843799 0 0 0.0310920776650504 0.41463640853798 1.26449677484757 1.38012846600232 1.5 1.5 1.5 1.5 1.49884244352063 1.5 1.30364021438423 1.40115753263751 1.49635973793205 1.49822617174594 1.5 1.5 1.35160601741087 1.5
0 0 0 0 0 0 0 0 0 0 0 0 0 0 0 0 0 0 0 0 0 0 0 0 0 0 0 0 0 0.0310735568243037 0.304405791218428 1.49281245679324 1.49953697871011 1.40621540634404 1.50999999046326 1.50999999046326 1.29999995231628 1.29999995231628 1.29999995231628 1.29999995231628 1.29999995231628 1.29999995231628 1.29999995231628 1.29999995231628 1.29999995231628 1.29999995231628 1.2983618363385 1.2983618363385 1.29999995231628 1.29999995231628 1.29999995231628 1.29999995231628 1.29999995231628 1.29999995231628 0.444839420093487 0.0288394043310579 0.00109207833560261 0.155460388460862 1.02327624593906 1.5 1.5 1.49781584319318 1.43324975679164 1.49635973793205 1.29999995231628 1.30115750879565 1.5 1.49072723366518 1.10544913892899 1.39999997615814 1.5 1.33792164033261 1.39999997615814 1.49884244352063 1.5
0 0 0 0 0 0 0 0 0 0 0 0 0 0 0 0 0 0 0 0 0 0 0 0 0 0 0 0 0 0.151676234236408 1.01961236371593 1.5 1.45999997854233 1.50999999046326 1.50999999046326 1.50302524910483 1.25721625071168 1.31072436541792 1.33499997854233 1.29999995231628 1.29999995231628 1.29999995231628 1.29999995231628 1.29999995231628 1.29999995231628 1.2983618363385 1.3212114720266 1.25878115097408 1.29076660626757 1.05158455046716 1.28565732449866 1.21905777999494 1.30240252632262 1.29861665351158 0.92805138214396 0.18309207470792 0.0610920771979135 0.468565349112002 1.5 1.5 1.5 1.5 1.5 1.37051636875707 1.30115750879565 1.40364023822609 1.21238624292231 0.828179853361608 1.24796573150107 1.20556741794138 1.49635973793205 1.5 1.5 1.30728047645218 1.46207831198367
0 0 0 0 0 0 0 0 0 0 0 0 0 0 0 0 0 0 0 0 0 0 0 0 0 0 0 0 0.00109207833560261 0.32356830782006 1.47371257232959 1.5 1.50499999523163 1.50999999046326 1.50422653719288 1.30839828637996 1.29999995231628 1.29999995231628 1.33372588616762 1.29999995231628 1.29905348574085 1.29999995231628 1.29999995231628 1.29999995231628 1.25499999523163 1.25704325619417 1.29999995231628 1.32300147306598 0.99730749730406 0.696175714075345 0.966167027750111 1.5 1.5 1.5 1.28798709204856 0.212152888614117 0.185889509489972 1.05349078200566 1.5 1.5 1.5 1.5 1.5 1.5 1.49465871613442 1.49173403380434 1.39999997615814 0.724402575782473 1.29999995231628 1.29162735194675 1.07085647984799 0.887957159896602 1.30276232979578 1.5 1.36571855020976
0 0 0 0 0 0 0 0 0 0 0 0 0 0 0 0 0 0 0 0 0 0 0 0 0 0 0 0.00109207833560261 0.123860389986741 0.63335537999029 1.38918629119047 1.5001157569498 1.50671408354253 1.50617771550889 1.29999995231628 1.36745182001895 1.33372588616762 1.33372588616762 1.30086889970624 1.29999995231628 1.29999995231628 1.29999995231628 1.29999995231628 1.34552087094014 1.33372588616762 1.33372588616762 1.29306161527095 1.05888447785712 1.18693731593722 1.49832154375585 1.48944324390853 1.49304316571011 1.45557032960383 1.14802706477272 0.522398274113406 0.385396594518796 0.621815265164488 1.50499999523163 1.5 1.5 1.5 1.5 1.34781586703504 1.02982871635951 1.49158109793543 1.29999995231628 1.19663302031039 1.11435970992987 1.29999995231628 1.29432114526949 0.545053535069497 1.28580293415687 1.39999997615814 1.49635973793205 1.29999995231628
0 0 0 0 0 0 0 0 0 0 0 0 0 0 0 0 0 0 0 0 0 0 0 0 0 0 0 0.0632762336657033 0.439207751524956 1.46145608380346 1.50518200811805 1.50999999046326 1.50999999046326 1.40850104568188 1.29999995231628 1.29999995231628 1.29910444917547 1.31159331280788 1.29999995231628 1.29999995231628 1.29999995231628 1.30223438908182 1.29999995231628 1.29999995231628 1.29999995231628 1.29448859794951 1.10240041287093 1.24387581500488 1.49472162195426 1.30697042470597 1.21887833799429 1.36027839711922 1.5 0.569314879202049 1.02109208913224 1.5 1.50499999523163 1.50494211675673 1.5 1.5 1.5 1.5 1.5 1.06638118688716 1.3361884279583 1.39817984729393 1.29999995231628 1.29999995231628 1.29999995231628 1.29999995231628 0.977588829248041 0.961053514935126 1.29999995231628 1.49520218145268 1.29999995231628
