rasters/edaphic/T_CEC_CLAY.asc
NCOLS 720 
NROWS 300 
XLLCORNER -180 
YLLCORNER -60 
CELLSIZE 0.5 
NODATA_value -9999 
[rows 36 to 71 of 300, columns 0 to 80 of 720]
9.98715276848312 12.858672543622 13.8162856766027 11.8135295724516 6.71029962526416 1.52693793322747 0 0 0 0 0 0 0 0 0 0 0 0 0 0 0 0 0 0 0 0 0 0 0 0 0 0 0 0 0 0 0 0 0 0 0 0 0 0 0.158164294631408 5.19508102547693 11.8117780055019 11.8492827885665 5.44972234346625 0.58972234217972 0.41280562563931 0.176916694842763 0 0 0 0 0 0 0 0 0 0 0 0 0 0 0 0 0 0 0 0 0 0 0 0 0 0 0 0 0
36.5717044758335 35.6531033559846 35.6531033559846 53.1145140029492 24.9527342784825 2.24000000953674 0 0 0 0 0 0 0 0 0 0 0 0 0 0 0 0 0 0 0 0 0 0 0 0 0 0 0 0 0 0 0 0 0.176916694842763 2.03280564342627 8.68972245919369 15.1697227253648 16.7897231051192 16.7897231051192 21.1345841009815 31.6429436051395 79.994504210588 81 38.8522504694481 34.1691684135531 29.4860836007839 21.3923663737712 16.3929547836181 16.5323666823777 15.1295028549061 8.63075023191897 1.91486116283964 0.117944463228509 0.176916694842763 0.41280562563931 0.530750097546877 0.41280562563931 0.176916694842763 0 0 0 0 0 0 0 0 0 0 0 0 0 0 0 0 0 0
8.76852295753854 8.64468938396648 14.3282332077126 17.3308736051775 12.4698326723229 2.18539609153612 0 0 0 0 0 0 0 0 0 0 0 0 0 0 0 0 0 0 0 0 0 0 0 0 0 0 0 0.0589722316142543 1.91486116283964 8.63075023191896 15.1697227253648 16.7897231051192 21.6497227270802 31.0471121780263 60.7066395233453 81 81 81 81 81 81 81 81 81 81 79.994504210588 78.0513884279671 79.994504210588 81 59.1456109461028 27.1584169532119 20.0297228068049 22.4163617163678 28.7784168040547 32.6081398363107 29.4860836007839 21.6497227270802 15.1697227253648 8.68972245919369 2.20972234260856 0.58972234217972 0.58972234217972 0.58972234217972 0.58972234217972 0.58972234217972 0.58972234217972 0.58972234217972 0.58972234217972 0.41280562563931 0.176916694842763 0 0 0 0 0
0 0 0 0 0 0 0 0 0 0 0 0 0 0 0 0 0 0 0 0 0 0 0 0 0 0 0 0 0 0 0 0 0.0589722316142543 6.77486130503311 22.2984172618184 59.1456109461028 81 81 81 81 81 81 81 81 81 81 81 81 81 81 81 81 81 81 81 81 81 81 81 81 81 81 81 81 60.7066395233453 35.7301951528794 34.1691684135531 34.1691684135531 34.1691684135531 34.1691684135531 34.1691684135531 34.1691684135531 34.1691684135531 34.1691684135531 29.4860836007839 21.6497227270802 11.9297224600514 5.45064836434837 0.594352550739072 0.595278606337437 0.592500439542343
0.0124135279428993 0 0 0 0 0 0 0 0 0 0 0 0 0 0 0 0 0 0 0 0 0 0 0 0 0 0 0 0 0 0 0.176916694842763 6.89280575958256 27.099445610179 81 81 81 81 81 81 81 81 81 81 81 81 81 81 81 81 81 81 81 81 81 81 80.5311900033952 81 81 81 81 81 81 81 81 81 81 81 81 81.0959563709463 81.0728052240008 81 81 81 81 81 81 39.6476417704312 35.0857600128164 35.1334252855117 34.9610070225978
5.70727062194067 5.40797156640259 2.75700243863996 0.759914653501753 0.178372793594601 0 0 0 0 0 0 0 0 0 0 0 0 0 0 0 0 0 0 0 0 0 1.67897223638263 8.39486130546195 15.1107504980901 16.7897231051192 16.7897231051192 21.6497227270802 35.7301951528794 81 81 81 81 81 81 81 81 81 81 81 81 81 81 81 81 81 81 81 81 81 81 81 81 81 81 81 81 81 81.0463022938909 81.1456104480017 81.1456104480017 81.1456104480017 81.7584341850894 83.6856289610886 85 85 85 85 85 85 85 85 85 85 85 85 85
36.712131026026 25 25.4483302407156 25.3367060702175 17.9157146023734 4.75523721805218 0.650438660613696 0.0633405452278853 0 0 0 0 0 0 0 0 0 0 0 0 0 0 0 0 0 0 4.8600001335144 50.2200002670288 81 81 81 81 81 81 81 81.0959563709463 81.1456104480017 81.1456104480017 81.1456104480017 83.0728052240008 81.7584341850894 81.1456104480017 81.1456104480017 81.1456104480017 81 81 81 81 81 81 81 81 81 81 81.0231511469455 81.0959563709463 81.1456104480017 81.1456104480017 81.7584341850894 85 85 85 85 85 85 85 85 85 85 85 85 85 85 85 85 84.9536977061091 84.9536977061091 85 85 85 84.9536977061091
83.4528889899823 82.9609279158645 49.1220750549294 100.743268867536 69.3217577138848 21.5180911306235 11.9344722798357 9.33605978166596 7.28691140185155 4.97714686326228 0.0963250443552526 0 0 0 0 0 0 0 0 0 0 0 0 0 0 0 4.80102789756062 48.981583407469 79.2898053048843 81 81 81 81.6128237370877 85 84.9271947759992 84.8543895519983 85 85 85 81.0959563709463 81.0231511469455 81 83.6287420778229 84.2415658149106 84.8543895519983 85 85 85 85 85 85 85 85 85 85 85 85 85 85 85 85 85 85 85 84.9768488530545 84.8543895519983 84.8543895519983 82.3143710389114 81 81 81 81 81 81 81 81 81 81 81 81 81
88.3666988374414 16.8083558440798 2.07715065715056 47.0730598526333 72.0242970999645 37 33.0568841263915 29.1137682527829 64.7184156720025 23.1575728093466 8.87299773316413 2.62822324099122 0.757174301835654 0.757174301835654 0.681456871652088 0.378587150917827 0.0757174301835654 0 0 0 0 0 0 0 0 0 1.56102777315412 7.80513898064035 18.9092504321712 28.5702784762648 58.642611429865 79.4077497594337 81 81 68.5903386220931 83.0728052240008 85 85 85 85 85 83.6856289610886 81.1456104480017 81.7584341850894 85 85 85 85 85 85 85 85 85 85 84.9768488530545 84.8543895519983 84.8543895519983 84.8543895519983 84.8543895519983 84.8543895519983 84.8543895519983 84.8543895519983 82.3143710389114 81 81 81 81 81 81 81 81 80.6700966767706 81 81 81 81 81 79.6326222347588 78.9250511159763 70.1923266468473 61.4596021777183
35.520569386539 50.9946602774274 70.6319052029079 90.0038128287014 34.3241367591497 70.136889902602 48.4842694759461 48.4148161739746 36.563168655995 31 60.1863084115146 26.7965764647902 37.8586740379255 43.871521518493 40.1059823474457 30.0542548394667 15.1660788556044 5.98896801307531 0.0240771548090102 0 0 0 0 0 0 0 0 0 0.0174732533696418 1.64839404325697 7.96239826639153 20.6865096121605 55.4310056863866 79.3662508039716 81 81 80.4881792947153 80.6700966767706 78.9250511159763 78.9250511159763 78.9250511159763 70.1923266468473 61.4596021777183 78.9250511159763 78.9250511159763 78.9250511159763 80.6700966767706 83.6287420778229 83.6287420778229 83.6287420778229 81 81 81 81 81 80.6700966767706 78.9250511159763 78.9250511159763 78.9250511159763 78.9250511159763 78.9250511159763 78.9250511159763 78.9250511159763 78.9250511159763 78.9250511159763 70.1923266468473 42.7298010888592 24 24 24 24 24 24 24 24 24 24 24 24 24 38.908993469999
101.62042267072 80.9755750554188 101.761239361976 52.2730195900031 1.94274598527454 20.9207736980373 65.1863819842702 3.09422202003532 14.0471110100242 31.87366268801 30.8913354915267 47.4393405309914 104 102.392731446258 102.566364735903 79.0859939293519 92.4068498099761 9.27236542001637 7.22232203956764 1.91453985199889 0.763554902551112 0.0182013060002078 0 0 0 0.0524197601089254 0.12231277684214 1.61473250693432 4.01473268845407 7.58441140726467 9.66167121577025 9.83511858019772 12.0819702388146 19.5639825232923 28.5650097793181 23.965053491091 24.0654335089917 24 24 24 24 24 24 24 24 24 24 24 42.7298010888592 78.9250511159763 78.9250511159763 78.9250511159763 78.9250511159763 78.9250511159763 78.9250511159763 24 24 24 24 24 24 24 24 24 24 24 23.8610933266246 24 24 23.7020753206914 24 24 24 24 24 24 24 24 24 24.4550326500052 49
84.1413005652153 83.0835810029507 82.8158432799751 36.563168655995 31.87366268801 25.5656823207248 27.2752997983939 64.1923413529867 46.5524703583035 60.7815843279975 77.6461261824442 51.3061121274267 27.0568841263915 37.5556266935016 61.6236381607548 13.5577810079449 103.654175185996 77.7288226784234 9.66242842716447 22.781966571493 8.00719494875581 0.5 0 1.45747322443778 3.44736628223821 6.39725930830652 8.73661745679281 11.5117782742461 24 24 24 24 13.8244111783828 10.5867247450082 11.5117782742461 15.2119914722397 22.1498929415242 24 24 24 24 24 24 24 24 24 24 24 24 24 24 24 24 24 24 24 24 24 24 24.1794210763813 25.1284809720129 24.1794210763813 24 24.3588421527625 25.1284809720129 25.1284809720129 25.1284809720129 25.1284809720129 24.7436615623877 24 24 23.563168647316 24 24 24 24 24 24 24 36.3553055746045 49
23.9741793906587 27.3255615464991 22.804096021874 25.7448117112902 83.7965119614269 83.9405478198234 82.9425516400343 36.3764980730116 74.8793920410027 60.7815843279975 32.2209293367322 68.6511185504406 37.5994785281163 49.3579321639561 97.6467634274868 47.6496669564857 1.89293582402161 76.4448399864337 52.4294698589179 16.9726794513007 7.72179846511796 0.5 0 1.92000004649162 23.6505349282676 24 24 24 24 24 24 24 24 24 24 24 24 24 24 24 24 24 24 24 24 24 24 24 24 24 24 24 24.1794210763813 25.1284809720129 25.1284809720129 25.1284809720129 25.1284809720129 25.1284809720129 55 55 54.6151805903748 49.4809854889424 25.1284809720129 25.1284809720129 24.5642404860064 24 24 34.1863838221864 53.8715190279871 53.8715190279871 29.6984355874388 25.1284809720129 25.1284809720129 25.1284809720129 25.1284809720129 25.1284809720129 24.1794210763813 24 24.1446944253955 36.9550326500052 49
43.9073214136232 7.66432038442527 5.02740906626968 14.0195509545936 23.3593586767162 23.1914774385705 19.9574789721324 33.7592349526781 87.0323359505066 75.8076586470133 36.3764980730116 84.7048233971888 31.1983043134075 85 103.890032295023 68.0978630201931 28.5566285190997 14.9742368452473 12.6000821158723 3.40098333145651 0 0 0 1.86758028312805 5.63768721579088 10.3852678663924 20.5002143076866 24 24.7061088014848 24.7061088014848 25.4633340667551 35.5661057003259 84.6469455992576 64.6027716335708 26.2205593320253 24 24 24 24 24 24 35.5661057003259 85 64.9558260343132 33.3455463683006 24 24 24 24.7436615623877 29.8778566638201 54.2563384376123 53.7326123546117 48.8242186568713 34.3658048985676 24.7436615623877 24.3588421527625 24.1794210763813 24 49.1221433361799 53.8715190279871 53.8715190279871 34.1863838221864 24 54.4357595139936 54.2563384376123 43.6851352058008 29.6984355874388 25.1284809720129 24 24 24 25.4633340667551 26.2205593320253 25.1102796660127 24 53.8715190279871 55 50.9989281699903 49 49 49
8.50778915021976 2.60171287867702 0 0 0 0 0 11.5741411124266 26.7063703332669 68.6325153574278 64.1697159829356 61.2276078194459 41.5717333939894 20.9207736980276 61.87366268801 93.0817542350752 11.2781157017723 0 0 0 0 0 0 0 0 1.40505346107421 6.15263374594318 23.5707383576987 73.3682199294362 82.7794406679747 24 23.9279228101867 23.9158453093723 24 44.0441739656868 23.7220337282291 23.5107489099896 21.6873666363842 24 24 85 85 83.8897203339873 23.7020753206914 24 16.1137680230434 24 24 53.8715190279871 35.7989043775418 53.8715190279871 53.8715190279871 53.8715190279871 34.1863838221864 24 24 24 24 24 24 24 24 24 24.1794210763813 24.7436615623877 24 24 49.1221433361799 38.9357595139936 24 82.7794406679747 82.7794406679747 82.7794406679747 82.7794406679747 84.2938911985152 24 34.1863838221864 54.2563384376123 50.1376494397179 49.143934486987 49
0 0 0 0 0 0 0 0 2.00428249352249 5.76311694641597 11.6820188829562 12.9649312946078 15.2143369986599 51.8065507394856 30.1089930302135 19.8265090191671 7.46899341711803 0.174732544545242 0.174732544545242 0.12231277684214 0.0524197601089254 0 0 0 0 0 1.38758020770457 6.49680981605877 14.5067453190981 16.8005669722669 11.5120340684097 6.06526747041591 6.06526747041591 8.80450737708411 9.6761671973068 7.77364060086737 5.70758046117873 10.542526679646 24 53.3897203339873 85 74.1911195649444 23.8610933266246 24 24 24 24 24 24 24 24 24 24.2315111222923 25.4561044800166 31.1213104167285 37.249538598025 30.6247692990125 24 24 24 24 39.288813914736 56.0920783600125 56.0920783600125 56.0920783600125 56.0920783600125 40.0460391800062 24 24 24 24 24 24 24 24 24 24 24 38.9357595139936 54.8205789236187 55
0 0 0 0 0 0 0 0 0 0 0 0 1.6381156055472 3.2762312110944 3.2762312110944 1.43999996781349 4.11134992547295 5.49893033419959 6.88651039831696 7.3490369331964 6.27494650976673 4.35494656570066 2.40000003576279 0.479999989271164 0 0 0 0 0 0.0174732533696418 1.52736624334076 3.03725938717352 2.57473256511968 1.61473250693432 5.21935816541557 7.81156369781536 7.85473235552575 13.1498936500538 23.4873123680474 25.4633340667551 83.8897203339873 20.3230630912221 24 24 24 24 24 24 24 24.2315111222923 25.4561044800166 44.7280522400083 43.2719477599917 24 24 24 24 24 24.3530544007424 26.2205593320253 35.5661057003259 85 24.3530544007424 82.7794406679747 82.481515988666 82.481515988666 68.8832947028888 83.2588525864941 82.8345704328037 83.4528889899823 85 85 34.8088804350556 24 24.1794210763813 24.1794210763813 24 24 24 39.1151805903748 55
0 0 0 0 0 0 0 0 0 0 0 0 0 0 0 1.43999996781349 3.36000001430511 4.80000019073486 6.24000000953674 23.3884361114498 23.7029546829521 23.3185431109898 12.5755883979009 0.479999989271164 0 0 0 0 0.00555626632748198 1.95969836300143 7.22592007767487 24 17.9871525194325 11.5117782742461 18.9122055891914 24 24 24 54.5 84.6469455992576 23.7020753206914 24 24 24 24 24 24 24.7280522400083 63.2719477599917 56.4156673386869 24 24 24 24 24 24.3530544007424 26.2205593320253 55.6102796660127 57.4079224358272 27.100118327973 83.8897203339873 73.4338942996741 82.7794406679747 24 24 24 73.4338942996741 24 24 16.6461261824442 8.75989443522707 60.4114110225956 44.0441739656868 24 40.0642404860064 55 44.8136161778136 24.5642404860064 24 39.5 55
0 0 0 0 0 0 0 0 0 0 0 0 0 0 0 0 0 0 1.38758020770457 3.71768737032134 5.58526768216683 5.12274091754787 2.31263376565993 0.462526735901522 0 0 0 0.0174732533696418 1.67999996776783 6.4284360154134 23.7020753206914 20.3230630912221 23.5631686559955 24 24 24 24 24 24 20.1841564178467 24 24 24 24 24 24 24 44 44.7280522400083 24 24 24 24 25.4633340667551 64.9558260343132 85 57.0695952060542 3.09422202010515 3.09422202008295 84.2355451479913 64 24 26.2205593320253 26.2205593320253 24.3530544007424 24 24 24 24 24 24 24 25.4633340667551 26.2205593320253 25.4633340667551 24 53.8715190279871 54.8205789236187 29.8778566638201 40.0642404860064 55
0 0 0 0 0 0 0 0 0 0 0 0 0 0 0 0 0 0 0 0 0 0 0 0 0 0 0.497473242640806 2.96736620139031 8.63906931462206 24 23.7020753206914 24 12.4368313440247 23.7020753206914 24 24 24 24 24 24 20.3230630912221 24 24 24.9595633623006 24.7280522400083 24 49.8967170590042 62.5438955199834 62.5438955199834 24 24 24 85 85 85 85 85 81.0182251230711 64 64 64 64.9558260343132 70.4304057129039 44.0471110100875 85 64.9558260343132 25.1102796660127 23.8610933266246 24 24 64.9558260343132 42.5 55.0305231219188 81.9057779799655 83.9448500988164 84.5080389258822 85 70.5460391800062 55.7196725737998 55 54.8907921639988
0 0 0 0 0 0 0 0 0 0 0 0 0 0 0 0 0 0 0 0 0 0 0 0 0 0 0.959999978542328 13.9199999570847 24 24 23.8610933266246 24 24 24 24 24 24 24 24 24 24 24 62.5438955199834 62.5438955199834 43.2719477599917 24 24 24 24 24 24 24 12.436831344005 82.7794406679747 84.5080389258822 31.024627733009 84.5080389258822 74.1177725739956 64 64 64 64 64.5037707738869 84.5080389258822 71.4855556488037 84.5080389258822 81.9057779799647 26.2205593320253 24.7061088014848 24.3530544007424 24 45.5034895057283 54.8490358740289 2.74116761929292 1.5471110100203 44.0471110100177 83.4528889899823 81.9057779799647 81.9057779799673 75.1422116944157 56.0920783600125
0 0 0 0 0 0 0 0 0 0 0 0 0 0.0349465067392836 0.0349465067392836 0.0174732533696418 0 0 0 0 0 0 0 0 0 0 0.942526725172686 5.19263358641715 16.502954873687 23.819711191297 24 24 24 24 23.7020753206914 24 24 24 24 24 24 26.2205593320253 25.1102796660127 24 24 24 24 24 24 24 24 24 25.4633340667551 26.2205593320253 81.9057779799647 83.4528889899823 81.0182251230711 63.7927397655808 63.8602139643638 64.0298501307311 64 74.1177725739956 83.9448500988164 44.0471119289757 71.9775167229215 42.5000009189589 44.0471110100177 71.855973375039 56.9480518581717 84.5080389258822 71.4855556488037 85 35.5661057003259 26.2205593320253 26.2205593320253 71.9775167229215 71.9775167229215 82.9609279158645 0.983922217668083 29.4775167576378 82.3977390887987
0 0 0 0 0 0 0 0 0 0 0 0 0 0.959999978542328 1.37935806917767 0.479999989271164 0 0 0 0 0 0 0 0 1.45747322443778 3.44736628223821 4.95725948082558 4.95725948082558 6.75494652884022 12.8993581086239 24 24 24 24 16.1137680230434 24 24 24 24 24 55.6102796660127 85 85 55.6102796660127 24 24 24 24 24 24 54.5 85 85 55.5224841960392 44.0471110100177 70.3368333448305 53.5081174027793 63.7690585711423 64 64.3822274260044 85 85 85 85 67.3922485508569 38.3951615536987 52.7209426436192 64 64 65.0481089627987 54.2879131837571 55.3430630502228 1.54711104482594 2.0390721188517 29.9694778318254 82.3977390887987 81.9057779799647 40.9528889899823 15.6247451419541 70.4304057129039 27.9304057129039
0 0 0 0 0 0 0 0 0 0 0 0 0 0.959999978542328 0.959999978542328 0.479999989271164 0 0 0 0 0 0 0 0 1.92000004649162 23.6505349282676 24 24 16.1370452312172 7.14758006325968 16.1287250310789 15.8453084974445 4.55059936706182 24 24 23.8252674554548 24 24 25.1102796660127 64.9558260343132 85 85 71.4855556488037 84.5080389258822 54.1469455992576 24 24 24 24 24 54.0080389258822 71.9775167229215 85 71.9775167229215 85 37.5430847727896 47.5336918164775 66.6937932880307 91.2703137660458 61.9828421538108 68.8832947028862 85 29.9694778317556 84.1802131610868 62.936831344005 63.1765729207166 41.2149022227411 25.1806422745611 23.0127595307843 21.7506218601662 52.6529567840358 54 1.96574104802244 36.9748718923745 63.0477901167863 73.7928804506893 14.3178947177843 40.9528889899823 68.8832947028862 27.9304057129287 28.9855556488055
0 0 0 0 0 0 0 0 0 0 0 0 0 0 0 0 0 0 0 0 0 0 0 0 1.86758028312805 5.63768721579088 9.42526783258496 16.8606421202579 6.63263376067714 2.36505352576886 2.16173517494931 4.8384167630114 7.07386619892007 8.18476494590207 8.46526779009845 11.8871519062703 23.9107387593372 24 64.9558260343132 85 85 85 85 83.8897203339873 24 24 24 24 23.4242619826196 23.12633731199 15.9113701591305 16.9991805831866 84.3627835555435 83.2053512214363 27.9459100272118 26.8449672572207 135.29858476233 110.535330781989 42.5 1.79464877856373 41.3241956255132 27.3209201487113 23.344280628946 24.3670650378191 44.0817115588918 15.9051391150124 7.4470231167434 2.46680925814145 0 3.12205566117799 10.5247964417552 14.844796149598 12.1301962778125 9.66579164610106 13.2983539912346 15.4347522935118 12.0311875825686 13.8980072157026 54.2397402749139 54.3605759149651 37.9178586911775
0 0 0 0 0 0 0 0 0 0 0 0 0 0 0 0 0 0 0 0 0 0 0 0 0 0 0.462526735901522 0.925053471803044 0.925053471803044 0 0 0 0 0 0 10.1075803224671 25.0843589618987 64.9558260343132 85 84.0918057662513 83.8897203339873 82.7794406679747 32.4810050799522 24 24 24 24 24 24 23.8610933266246 25.1102796660127 85 52.0430295936983 26.8672799404416 7.01623146100267 15.180471123801 82.7488624683397 82.7721601178016 26.2119914336176 10.0762309423502 4.97623125877811 3.2762312110944 0 2.46680925814145 2.46680925814145 1.23340462907073 0 0 0 0 0 0 0 0 0 0 0 3.79713042271298 6.99794389285547 9.11862892642396 15.2919979939276
0 0 0 0 0 0 0 0 0 0 0 0 0 0 0 0 0 0 0 0 0 0 0 0 0 0 0 0 0 0 0 0 0 0 0 8.18758024617317 82.5865068174292 61.2611856847707 58.7565091261242 32.8252683216285 26.34502103313 23.7997856339977 21.107462911617 23.4758024010805 23.633061656455 21.6873666363842 24 20.3230630912221 23.2652439766866 24 54.8530544007424 84.5080389258822 83.4484996079529 58.0051378863526 39.589424133902 42.6028279824376 28.0268080329123 14.2268092292936 4.91434681664159 0 0 0 0 0 0 0 0 0 0 0 0 0 0 0 0 0 0 0 0 0 0
0 0 0 0 0 0 0 0 0 0 0 0 0 0 0 0 0 0 0 0 0 0 0 0 0 0 0 0 0 0 0 0 0 0 0 4.91434681664159 9.82869317380415 11.4668090090909 4.91434681664159 2.56316910606768 2.79263366877877 5.15768742428715 5.62021418890611 5.19263393102643 11.6947325254718 24 23.563168655995 23.4242619826196 26.2205593320253 64.9558260343132 57.0695952060542 83.7778894780502 42.5570678574912 93.7760383630558 136.976979871192 135.168497957037 72.5724602389043 2.75999999046326 0 0 0 0 0 0 0 0 0 0 0 0 0 0 0 0 0 0 0 0 0 0 0
0 0 0 0 0 0 0 0 0 0 0 0 0 0 0 0 0 0 0 0 0 0 0 0 0 0 0 0 0 0 0 0 0 0 0 0 0 0 0 0 0 0.0174732533696418 1.73777333966167 12.8082448421815 23.6944758449617 24 13.1102796660127 55.6102796660127 83.1228895374951 63.9639712830615 56.3687264256478 65.8276697836077 85 85 86.2714214637274 63.022783502104 17.7576437168538 2.65952878168927 0 0 0 0 0 0 0 0 0 0 0 0 0 0 0 0 0 0 0 0 0 0 0
0 0 0 0 0 0 0 0 0 0 0 0 0 0 0 0 0 0 0 0.100471208773984 0.200942417547969 0.200942417547969 0 0 0 0 0 0 0 0 0 0 0 0 0 0 0 0 0 0.301413626321953 3.46329845188115 15.2461255135526 31.502055645344 27.1852285500364 127.950758994021 85 85 57.0248376878607 20.3674513315733 13.8110489790179 83.3329322092753 138 86.929338436022 117.179772348457 42.5142394118484 21.2676442021471 4.39811559601045 0 0 0 0 0 0 0 0 0 0 0 0 0 0 0 0 0 0 0 0 0 0 0 0
0 0 0 0 0 0 0 0 0 0 0 0 0 0 0 0 0 0 0 2.75999999046326 7.9313090001812 5.51999998092651 0 0 0 0 0 0 0 0 0 0 0 0 0 0 0.200942417547969 0.401884835095938 8.84424044871715 28.2108352474418 50.1822742987677 100.537604189718 137.035330781989 85 84.0717333939894 42.5958036057948 26.6430398560736 13.2905777113081 1.6381156055472 5.41952877215253 40.0465972488004 102.404713810595 61.464413173759 25.1992270239082 7.28196925334488 0 0 0 0 0 0 0 0 0 0 0 0 0 0 0 0 0 0 0 0 0 0 0 0 0 0
0 0 0 0 0 0 0 0 0 0 0 0 0 0 0 0 0 0 0 2.75999999046326 5.51999998092651 5.51999998092651 0 0 0 0 0 0 0 0 0 0 0 0 3.06141360810615 14.4028269665416 31.1637693615854 40.4128281669068 49.4470905613935 137.035330781989 136.070661563978 89.3929467728692 85 62.7223102764585 21.6668092951932 6.61434663458579 0 2.75999999046326 5.51999998092651 8.27999997138977 16.4595287253265 27.3990579465636 19.1190572772762 2.75999999046326 0 0 0 0 0 0 0 0 0 0 0 0 0 0 0 0 0 0 0 0 0 0 0 0 0 0 0
0 0 0 0 0 0 0 0 0 0 0 0 0 0 0 0 0 0 0 0 0 0 0 0 0 0 0 0 0 0 0 0.301413626321953 0.502356035190863 9.08376963290259 30.9628269266793 98.1070685044004 136.894816677449 138 128.708768151902 84.5385216558678 83.885351989997 63.0370878009044 28.6192285331567 13.2905777113081 1.6381156055472 0 0 2.75999999046326 69.3486909712086 5.51999998092651 0 0 0 0 0 0 0 0 0 0 0 0 0 0 0 0 0 0 0 0 0 0 0 0 0 0 0 0 0 0 0
0 0 0 0 0 0 0 0 0 0 0 0 0 0 0 0 0 0 0 0 0 0 0 0 0 0 0 0 0 3.06141360810615 14.4028269665416 33.6223559381081 42.2569629402281 45.8680104052489 138 135.086334971592 136.291989442163 64.9104929600382 134.305862950862 90.8281380147018 81.7844511956847 18.7814153501274 4.39811559601045 0 0 0 0 2.65952878168927 5.31905756337854 5.31905756337854 0 0 0 0 0 0 0 0 0 0 0 0 0 0 0 0 0 0 0 0 0 0 0 0 0 0 0 0 0 0 0
0 0 0 0 0 0 0 0 0 0 0 0 0 0 0 0 0 0 0 0 0 0 0 0 0 0.123768884273036 0.185653326409554 3.06942218378773 5.76753773211447 16.621884376237 84.8094243662146 136.392460659616 134.483507666873 89.0705757135101 37.9367009369096 40.3952875307904 24.1367016824909 18.7171724508594 18.7171724508594 24.1367016824909 19.0185860771813 8.17952876261579 2.75999999046326 0 0 0 0 0 0 0 0 0 0 0 0 0 0 0 0 0 0 0 0 0 0 0 0 0 0 0 0 0 0 0 0 0 0 0 0 0 0
0 0 0 0 0 0 0 0 0 0 0 0 0 0 0 0 0 0 0 0 0 0 0.100471208773984 0.401884835095938 0.476039357687728 8.87254912955154 18.435612214879 24.3591019061469 77.5334467507901 18.1595285345916 29.8576436041283 37.7357585193616 26.6957585661877 13.2976436787068 2.65952878168927 0 0 0 0 0 0 0 0 0 0 0 0 0 0 0 0 0 0 0 0 0 0 0 0 0 0 0 0 0 0 0 0 0 0 0 0 0 0 0 0 0 0 0 0 0 0
