rasters/edaphic/T_CLAY.asc
NCOLS 720 
NROWS 300 
XLLCORNER -180 
YLLCORNER -60 
CELLSIZE 0.5 
NODATA_value -9999 
[rows 180 to 215 of 300, columns 162 to 242 of 720]
0 0 0 0 0 0 0 0 0 0 0 0 0 2.1800000667572 22.4269380199158 25.2916914829361 3.30432582382563 3.59755936217207 1.23999994620681 0.119999997317791 0.0599999986588955 0 0 0 0 0 0 0 0 0 0 0 0 0 0 0.0414989771597301 4.17693142599 28.8447529839925 55.2537464539915 16.908993469999 11.4857791981417 11.871256084261 18 42.1370457100073 57.7623111919859 12.1284809720129 19.8108882973209 23.0364026120004 41.3361882459981 32.0115755734727 32 25.5 18.6571864384138 24.7110299663502 32 32 32 32 39.8080873275399 33.8293476208256 4 4 4 4 12 20 19.0807662322846 19.8163109963414 19.8163109963414 19.0807662322846 14.1439345043451 16.8907926234778 21.0010718300114 60.9558260343132 47.5 11.8468966440154 66.2355451479913 39.5653617880758 32.9635479159417 40.3298166400845 66.2355451479913
0 0 0 0 0 0 0 0 0 0 0 0 0 1.41379017553867 9.4337045704531 37 22.2245816986227 14.7358880837466 1.23999994620681 1.50758023732948 0.0599999986588955 0 0 0 0 0 0 0 0 0 0 0 0 0 0 1.20611983344411 7.96515918300513 19.9479099888052 35.5 12.0546039180006 4.2366169780027 16 24 58.0683034992937 52.2984984944019 36.6556776351763 24.2222110887116 23.6359738799958 23 35.4406845338306 32 19 18.0364026120004 28.3907921639988 33 32.0463022244585 32 32 32 40 4.7247003700533 4 4.09260444891694 4.29122089600332 14.7425121685219 19.9479099888052 19.6723764919963 11 15.3361882459981 19.6723764919963 19.7840982348033 16.7815843279975 14 57.7647819739322 47.1122188788394 72.7987138039863 40.8717718187035 46.0364026120004 67 46.2430866263326 46.7644548520087
0 0 0 0 0 0 0 0 0 0 0 0 0 0 4.35918625753805 7.23837249600261 6.86453960418068 1.79229109802872 0.655246227142223 0.115631683975381 0.0578158419876903 0 0 0 0 0 0 0 0 0 0 0 0 0 0 1.60244510730158 4.86323552992458 36.7177866620086 17.591006530001 13.8640261200042 10.4826366745071 16 24.7210852194777 30.0807662322846 41.2537464539915 51.2260597113726 18.0405144377221 27.4903634319942 28.3475788171174 23.1820130600021 31.4603479278846 19 20.9916743886609 32 32 32.6935881314561 33.2700092565435 32.2912208960033 34.8464285437146 39.6177725739956 28 22.9199648117424 19.6723764919963 11 11 11.190996649854 11 11 11 11 11 11 26.4175582079934 20.7366169780027 14.3118581014268 34.2548182840029 47 27 53.1282281812965 66.0404366376993 46.7684888777077
0 0 0 0 0 0 0 0 0 0 0 0 0 0 0 0 0 0 0 0 0 0 0 0 0 0 0 0 0 0 0 0 0 0 0 1.99957167464921 9.15349158661222 32.8447529839925 20 16.2855111513657 10.5546039180006 15.9271947759992 29.884166396755 31 24.5 18.0405144377221 11.2633830219973 18.6952162725237 28.3276235080037 32.9221669623876 32.2006046240447 33.1456104480017 32 32.0115755734727 32 32 32 32 32 35.4453960819994 30.8907921639988 30.4072642295032 20.6359738799958 21 14.0641140906483 30.2719477599917 41.2868210964757 27.8640261200042 11.0926044489169 11.5824417920066 27 27 27 27 27 39.9309947274761 13.8219427162383 27.9100653000104 27.9100653000104 44.8839268027973 39.9550326500052
0 0 0 0 0 0 0 0 0 0 0 0 0 0 0 0 0 0 0 0 0 0 0 0 0 0 0 0 0 0 0 0 0 0 0 1.76563169931995 19.1197525016947 28.1215433131663 28.1986164470864 27.7730195900031 10.7465165904608 14.1157555611462 26.5 32.0192731360116 24.5 34.4817986939998 5.26623777327807 19.5096365680058 41.6723764919963 28.4054565456161 23.5675143312208 28.6473644511151 32.6916496280079 32.5295918771195 41.7901490659919 32.9423857485397 41.642600114542 32.1347948129375 32.1456104480017 28.2184156720025 28 19.1905777979965 11 11.2315111222923 11.7280522400083 30.9652733490143 31 31 35.8094222020035 35.8094222020035 27 27 27 27 27.3103382246097 39.5134659407606 51.3083503719921 52 52 52 52
0 0 0 0 0 0 0 0 0 0 0 0 0 0 0 0 0 0 0 0 0 0 0 0 0 0 0 0 0 0 0 0 0 0 0 1.11777293791599 7.35794404113413 18.5334046615368 29.4033032071316 20.1504822121319 35.8855007031902 24 24.963621773099 21.0337330645253 34 34 27.075299823018 28 27.8179869399979 32.8179869399979 36.4903634319942 23 23 23 23 23 23 32.3644163780466 36.6840300728515 35.6135050572415 19.9186300380048 11.3640261200042 21.3640261200042 31.2548182840029 27.8907921639988 25.0810288754442 35.3725908579985 31.0364026120004 35.2717086333364 44 30.2233406918395 27 27 27 27 47.714825425903 26.4089696529281 50.7150929796375 52 52 52
0 0 0 0 0 0 0 0 0 0 0 0 0 0 0 0 0 0 0 0 0 0 0 0 0 0 0 0 0 0 0 0 0 0 0 0.332762361853397 6.39675663407992 16.2842467986067 30.2798840322465 20.8471595877415 21.9503458882284 23.7815843279975 21.0995712679954 33.0899346999896 33.0899346999896 33.0899346999896 34 34.4973258772328 23.1620577856046 27.8179869399979 23 23.6951576342348 23.6716943536105 24.0192731360116 23.5096365680058 23 23 29.0426633245331 25.0737506586541 34.8543895519983 33.628743915739 31 32.1376494397179 38.6641528405529 25 36.6003023120224 32 32.0405144724383 31.5182013060002 35.2717086333364 44 44 43.5267660439946 27.6188444040071 27.6188444040071 27.3069863025803 36.2948596952026 44.2184633061442 30.4175582079934 30.7087791039967 30.9363344500487
0 0 0 0 0 0 0 0 0 0 0 0 0 0 0 0 0 0 0 0 0 0 0 0 0 0 0 0 0 0 0 0 0 0 0.301456116097179 2.99567448373194 11.5662095204678 34.9781845301034 20.0728052240008 23.7815843279975 21.8543895519983 15.9431158736085 34 9.14469442539554 9 9 17.214825425903 9 40.7918548165721 23 23 25.5096365680058 27 27 50.12633731199 28.0312195161684 32.7351558089069 32.6886392945482 34.2561530577405 28 25.2548182840029 25.0810288754442 32.1737894085587 25 25 31.054968521056 32 32.0405144724383 32 32 31.0364026120004 35.3486257177752 31.6257331809868 37.2633830219973 37.2633830219973 27.9662669354747 15 15.091006530001 15.1820130600021 25.3543895519983 20
0 0 0 0 0 0 0 0 0 0 0 0 0 0 0 0 0 0 0 0 0 0 0 0 0 0 0 0 0 0 0 0 0 0 0.388008570913207 8.77910883731457 21.2633830219973 17.8399296234847 12.5824417920066 24 18 12.1273310999027 34 9.45503265000519 9 9 9 9 9.24308666104884 36.3976029335959 23.5096365680058 38.8610933266246 27 27 27.734756084067 46.7704762207872 40.989418916299 41.1051744774452 34.5665205433081 26.1979341576115 25 25.2548182840029 31.7451817159971 25.2548182840029 25.2548182840029 34.5 32.1274091420015 34.3001502370531 32 32.1274091420015 33.1998497629469 32.1199454289666 37 34.1456104480017 22.7087791039967 15 15 17.4379323689646 20.5142208018583 20 20
0 0 0 0 0 0 0 0 0 0 0 0 0 0 0 0 0 0 0 0 0 0 0 0 0 0 0 0 0 0 0 0 0 0 0.62907920274569 2.93044161121862 12.8627156141374 27.6309460403471 36.5 24.1638117540019 12 23 22.5995712679954 9 9 9.76445485200873 9.76445488672496 29.2355451479913 9 23.0439935971159 50.563168655995 27 27 32.4903634319942 19.3640261200042 19 19.3640261200042 29 19 19 27.0356715679735 28.7451817159971 25 24.9635973879996 26.5635094419795 33.7703738595988 35.3725908579985 32 32 33.1998497629469 35.3725908579985 37 37.0728052240008 34.7473250738417 15 15 15.091006530001 20.0546039180006 20.9857791981417 20 20
0 0 0 0 0 0 0 0 0 0 0 0 0 0 0 0 0 0 0 0 0 0 0 0 0 0 0 0 0 0 0 0 0 0 0.310192742239558 2.07071008145327 10.7765564883488 2 27.7997856339977 29.1006430980069 15.5546039180006 13.1998488439888 12 29.8286174957568 34 21.7430866610488 29.2934229285644 9 9 49.4710902959825 26.6723764919963 27 29 19.1157555611462 22.0641140906483 19 28.6359738799958 28.6359738799958 19 25.9358868283098 25.5718607083057 25 24.9368317956606 31.0712073050849 29.0426633245331 32 32 32 32.1274091420015 35.3725908579985 34.6638117540019 37.0728052240008 26.563168655995 15 15 15.1373087544595 19.8570352824026 21.5 20.7098509340081 20 20.2257233008397
0 0 0 0 0 0 0 0 0 0 0 0 0 0 0 0 0 0 0 0 0 0 0 0 0 0 0 0 0 0 0 0 0 0 0.358543909043983 2.15232112899421 2 2 22.5 44.2563384376123 17 14.5 14.5711049282498 12 22.8726689000973 42.1027671058272 19 9.42509972105091 16.7204622085672 29.2355451479913 18 27.2184156720025 25.5718607083057 25.8201313018799 19 19 19 19 19 19 28.6359738799958 24.9884244612435 25.9063239225238 32 33.0724406209455 32 32 32 35.591006530001 38.6571855194557 38.2203541754507 38.12633731199 15 15 18.15983124986 21.4453960819994 20 21.6956301321498 40.2098509340081 59 59
0 0 0 0 0 0 0 0 0 0 0 0 0 0 0 0 0 0 0 0 0 0 0 0 0 0 0 0 0 0 0 0 0 0 0.319999992847443 0.995631686386369 1.97524622574911 2 17.5434181856309 15.5546039180006 35.2897597269076 12.0364026120004 12 26.7269804099969 20.1006430980069 33.1991425359909 34.4175582079934 22.800906936067 9.10418000503155 9 9.43180351303529 33 22.0641140906483 22.4281402106524 19 19 19 19 19 19 22.3705738451491 31.9635973879996 27.6638117540019 32 32.0868946695631 32.0405144724383 32.0868946695631 32 37.9635973879996 37.5995712679954 15 26.563168655995 15 17.6750461401975 21.3543895519983 20 20.8190587700093 39.5546039180006 59 59 59
0 0 0 0 0 0 0 0 0 0 0 0 0 0 0 0 0 0 0 0 0 0 0 0 0 0 0 0 0 0 0 0 0 0 0 0.115631683975381 0.389807259927012 2.49319496755865 8.89668510621431 16.5 34.7801231589018 28.9903634319942 11.9817986939998 12 45 46.5 15.5809508680617 34.563168655995 27 26.9826366745071 25.6808339269339 19.3276235080037 19 19 19.1157555611462 19.436831344005 19.2382148969186 25.3317163925132 31.1820130600021 31.0728052240008 24.7188886325151 32 32 33.0724406209455 37.6727410950516 32 32 35.3725908579985 38 15 15 15 15.0993082235432 18.8543895519983 17.591006530001 21.6381175400187 65 62.0744811850155 59 59 58.9247588765759
0 0 0 0 0 0 0 0 0 0 0 0 0 0 0 0 0 0 0 0 0 0 0 0 0 0 0 0 0 0 0 0 0 0 0 0 0 0.579914261282167 2.58111345930201 9.72344350297219 17 45 12.9817986939998 12 46.5 48 19.3458248140039 38.6723764919963 27 27 27.5182013060002 31.8876207459826 37.8623505602821 32.2097245386499 30.0807662322846 30.5620676310354 30.5347266509857 35.9255188149845 30.408993469999 28 33.4996335590285 32.23745495851 32.1505602889469 32 32 32.1274091420015 32 33.290856292948 27 15 15 27 18.9916983064578 17.591006530001 42.5 65 65 60.1376494397179 62.1092078360012 59 52.2633830219973
0 0 0 0 0 0 0 0 0 0 0 0 0 0 0 0 0 0 0 0 0 0 0 0 0 0 0 0 0 0 0 0 0 0 0 0 0 0.0385438946584602 1.83284808850013 8.79237727600139 16.5182013060002 39.4725523840364 13.9453960819994 11.9817986939998 47.3447529839925 48 33.332154427659 29.4754359885664 24.8714704748873 27 27.5 28 35.9255188149845 28 28 30.4379323689646 33 33.3907921639988 28 28.0289388989656 31.4116392004033 35.9826366745071 36.0115755040403 37.4884244265273 37.0383411154487 36.3811555959929 37.2493710817989 36.5965609345358 15 15 15 15 21.5 20 65 65 65 65 65 62.1092078360012 52.2633830219973
0 0 0 0 0 0 0 0 0 0 0 0 0 0 0 0 0 0 0 0 0 0 0 0 0 0 0 0 0 0 0 0 0 0 0 0 0 0 0.425438960049252 3.84149889803669 10.7095096885446 10 10.9942122306218 11.9960194958581 30 48 29.0570343388205 18.8179869399979 29.2355451479913 27.2479642384571 27.2366169780027 29.6670612141168 33.2997856339977 28 28 31.3917619333884 31.4738376857161 29.685262520117 28.1456104480017 29.6429647175974 30.408993469999 35 36.5297768794729 36.5546039180006 20 20 30.0096365680058 15 15 15 15.0463022244585 22.9453960819994 20.0372405925078 19.9016077817048 41.0620968259836 63.8715190279871 65 65 65 61.5074099900256 52.5
0 0 0 0 0 0 0 0 0 0 0 0 0 0 0 0 0 0 0 0 0 0 0 0 0 0 0 0 0 0 0 0 0 0 0 0 0 0 0 1.11783141902141 2.8535195930178 12.9189711071977 10.5 11.0546039180006 11.5 30 15.5 19 34.2355451479913 9.24308666104884 35.1640508806572 27.4354964695413 28.2002143660023 28.1083698554939 31.4662431184039 34.5546039180006 32.1456104480017 36 32.1456104480017 29.8854768861193 29.7489280700684 33.6856271231724 37.0364026120004 29.4635973879996 20 20 44.3554613820098 15 15 15 17.5 20 26.2814331966104 22.5510915141595 35.055675748012 65 65 65 65 55.8458248140039 52.2112929760862
0 0 0 0 0 0 0 0 0 0 0 0 0 0 0 0 0 0 0 0 0 0 0 0 0 0 0 0 0 0 0 0 0 0 0 0 0 0 0 0.0785438937643905 3.27892933445925 9.32762350800374 10 11.0546039180006 13.0546039180006 29.3447529839925 15.3725908579985 19 14.151398234738 30 24.5 19.3822274260044 39.1911815277071 41.8921801587269 36.1638117540019 40.3361882459981 37.2815843279975 36.4596168838577 37.4453960819994 33.371256084261 33.5 32.591006530001 35.6287457536552 29.1541751859961 20.9464679120108 67 67 40.0535320879892 37.4289776972685 45.8847220250215 61 21.492507092017 41.2462535460085 47.5276867426189 61.0496541464878 63.0728052240008 65 65 65 65 49.7275365055658
0 0 0 0 0 0 0 0 0 0 0 0 0 0 0 0 0 0 0 0 0 0 0 0 0 0 0 0 0 0 0 0 0 0 0 0 0 0 0 0 1.7144753435945 5.70333770672809 11.0284420631957 14.0568841263915 14.9414155778575 11.5057877693782 12 18.8725908579985 18.5 31.5426628650541 24.5 25.9004525490754 19 31.8495177531519 40.2974277766733 35.7840982695195 27.1638117540019 36 36 34.7743543637407 28.2912208960033 33 33.0182013060002 32.8543895519983 28.9271947759992 66.4175582079934 63.9662669354747 33.8372600760096 45.8847220250215 60.035330781989 43.4887733963577 59.070661563978 59.9204912087327 38 61 61.2890772359805 63.1922829366012 64.7106111492089 63.2526746239801 64.7221866532492 24.6374749163268
0 0 0 0 0 0 0 0 0 0 0 0 0 0 0 0 0 0 0 0 0 0 0 0 0 0 0 0 0 0 0 0 0 0 0 0 0 0 0 0 0.204339089993042 2.43896712404216 13.1092078360012 10 16.2548182840029 19.7087791039967 11.9817986939998 15.0124135192638 18.5 13.7730195900031 40.2002143660023 29.1177725739956 19 19 26.8543895519983 27 31.4536977755415 35.9073955510831 35.8543895519983 32.3140064358561 30.408993469999 30.4710611010344 38.8340934331259 12.0728052240008 42 49.4052476179464 51 29.6820130600021 8 8.09100653000104 8 8 13.2256456362593 15.1896080867933 15 15.9817986939998 15 15 41.9635973879996 50.5703491481939 41.4453960819994
0 0 0 0 0 0 0 0 0 0 0 0 0 0 0 0 0 0 0 0 0 0 0 0 0 0 0 0 0 0 0 0 0 0 0 0 0 0 0 0 0.0385438946584602 2.36650962994511 10.8737042761636 14.2256456362593 22.8543895519983 16.371256084261 11.5 14.8907921639988 19.0075415130576 21 32.0149756629561 34.4175582079934 19 19.1274091420015 22.6274091420015 26.6532059342719 27.2921901477274 31.6029475751242 27.9271947759992 18.001700295751 17.9404706278648 25.3629543151742 14.3417909956648 32.1037128485664 41.1121697896127 36.8613508924735 32.527837874006 11.2826561580089 3.69987327945126 8 12.9710611183925 8.06206764839355 13.371256084261 15.7815843279975 15.1896080867933 15.9693851573778 15.0182013060002 15 41 67 61.2997856339977
0 0 0 0 0 0 0 0 0 0 0 0 0 0 0 0 0 0 0 0 0 0 0 0 0 0 0 0 0 0 0 0 0 0 0 0 0 0 0 0 0 0.508351145889194 2.50121285856557 14.9146738104128 15.9146742698919 23.5520900111948 15.1059339907869 11.8103919132067 59.1081360059898 39.2430866610488 21.0085647379944 30.0974174549628 14.3361882459981 18.2912208960033 26 26 26 25.7361200840464 20.2997856339977 15 28.4635973879996 23.4170266404855 28.027837874006 40.944324251988 23.5848722128265 31.9677917807491 42 32.7595536492426 19.1137677933039 27 8 10.591006530001 8.55209000251578 9.85103765600615 15.8510376560061 16 15.0182013060002 15 41.3009644242638 66.8379422491116 55.6905777979965
0 0 0 0 0 0 0 0 0 0 0 0 0 0 0 0 0 0 0 0 0 0 0 0 0 0 0 0 0 0 0 0 0 0 0 0 0 0 0 0 0 0.0385438946584602 1.72113964644245 3.84359273055247 13.1323589482305 21.7577026815834 23 14.5405144377221 11.2548182840029 60 9.24743233627461 13.2997856339977 9.92719477599917 22.8934617114739 24.375338965238 26 26 15.2514663966898 14.9635973879996 14.9635973879996 28.3725908579985 32.0629882132869 27.5 42 41.6935881314561 42 42 27.6314429256244 24.6003023120223 20.2548182840029 13.5096365680058 20.2548182840029 27 16.6994833219754 16 16 15.4903634319942 2 3.34689664401537 39 38.6177725739956
0 0 0 0 0 0 0 0 0 0 0 0 0 0 0 0 0 0 0 0 0 0 0 0 0 0 0 0 0 0 0 0 0 0 0 0 0 0 0 0 0 0 0.383982844693456 3.90826537015881 11.5003959820682 10 27.8958200123266 18.239890823217 15.6998488439888 37.9807268639884 32.6152788939366 11.2366169780027 9.97155793680427 8 14.2210852194776 30.5667299573498 19.3873329232658 17.9546914297232 19.7815843279975 14.047978168115 19.3179869399979 19.8372600760096 42 42 41.472162125994 40.3064118685439 40.9635973879996 26.5728052240008 15.3276235080037 19.9826366745071 26.6641528405529 26.3811555959929 23.9876883555526 22.9972518927606 14 6.60030185254331 2 2 39 38.6177725739956 34.3218163127527
0 0 0 0 0 0 0 0 0 0 0 0 0 0 0 0 0 0 0 0 0 0 0 0 0 0 0 0 0 0 0 0 0 0 0 0 0 0 0 0 0 0 0 1.29815838387289 12.0068934482879 13.1820130600021 19 27.6723764919963 18.239890823217 16 11 13.2654244876673 8 8.21841567200249 8.10920783600125 9 32.1511643678758 32.5813699619952 32.8543895519983 28.8543895519983 27.8435693416421 32.8751092740866 17 29.2825003506036 29.4635973879996 39.5813699619952 40 28.058218849766 17 17 23.8725908579985 19.1856280421305 10.0777550302299 25.4175582079934 25.2087791039967 52.3283056811058 35.3134907014136 19.8265516779923 28.1177725739956 18 18.1215433131663
0 0 0 0 0 0 0 0 0 0 0 0 0 0 0 0 0 0 0 0 0 0 0 0 0 0 0 0 0 0 0 0 0 0 0 0 0 0 0 0 0 0 0 0.385438960943322 3.02539612166007 6.36048298637246 10.1092078360012 27.6723764919963 28 18.1092078360012 13.9421222194269 12.0284420631957 14 14 14 8.21841567200249 8 8.65718597893476 16.6723764919963 25.0364026120004 17 17 17 17 28.3668811480772 28.0813699619952 24.5576399064473 16.9271947759992 17 17 19.3001511560112 20.3725908579985 23.8725908579985 18.7002143660023 10.0719672434935 17.2989476534904 42.6933055777631 52.4903634319942 28.5 38.6177725739956 24.9004525490754
0 0 0 0 0 0 0 0 0 0 0 0 0 0 0 0 0 0 0 0 0 0 0 0 0 0 0 0 0 0 0 0 0 0 0 0 0 0 0 0 0 0 0 0 0.594903657597661 3.29630693912859 8.92719477599917 10.0347266683439 18.9583063866701 7.41006517410278 10.7140698755867 7.46794295467587 17.8543895519983 14.0728052240008 14 14.1241352967871 11.4732339560054 8 8 15.2269804099969 33.4698809986451 22.9790217427418 17 15.0728052240008 17 17 17 16.9503458882284 17 17 17.1274091420015 19.5549694400141 20.5 24 24 24 27.0420586758644 38.7269804099969 28.3203447973224 28.5 18
0 0 0 0 0 0 0 0 0 0 0 0 0 0 0 0 0 0 0 0 0 0 0 0 0 0 0 0 0 0 0 0 0 0 0 0 0 0 0 0 0 0 0 0 0.349185023834188 4.42137562274221 7.21590174783859 12.9453960819994 7.21841567200249 4 5.6561920950136 9.07280522400083 16.0728052240008 16.0289388816075 15.8960827058492 14.239890823217 14 15.9271947759992 8.29122089600332 8.05787778057308 17.5 29.5267660439946 22.9790217427418 17.0636655499513 17 17.9100653000104 17 15.0728052240008 17 17 17 24 18.7002143660023 24 24 23.7997856339977 42 13.2111857077457 29.3551444130961 18 18
0 0 0 0 0 0 0 0 0 0 0 0 0 0 0 0 0 0 0 0 0 0 0 0 0 0 0 0 0 0 0 0 0 0 0 0 0 0 0 0 0 0 0 0 0.134903634894291 1.83175586651154 9.95352459210305 11.5520899938367 12.9453960819994 7.10920783600125 4.03472666834385 4.06945332800864 15.8733214425464 18.5 21.408993469999 22.3769368841539 17 14 17.2859303541528 13.2912208960033 18 17 42.5730682684531 30.5711058472079 29.9550326500052 38.1698580759082 37.714825425903 29.0449673499948 17 17 18.0724397019874 24 18.7002143660023 24 24 24 32.6723764919963 16 14.3822274260044 17.9280327565065 16.5
0 0 0 0 0 0 0 0 0 0 0 0 0 0 0 0 0 0 0 0 0 0 0 0 0 0 0 0 0 0 0 0 0 0 0 0 0 0 0 0 0 0 0 0 0 0.308351157267681 2.35209841927299 10.1594558074017 11.3882782398348 13 6.9255188323426 6.05688389665193 17.5546039180006 19 19 19 16.5 20 11.5631686560029 18.8610933266246 18.0289388989656 17.5182013060002 25 36.8293467018676 35.5182013060002 34.7451817159971 20.8301419240918 17 17 17 17 23.8725908579985 24.0520900111948 26.591006530001 24 24 18.7002143660023 10.2548182840029 20.8822274260044 16.5 15
0 0 0 0 0 0 0 0 0 0 0 0 0 0 0 0 0 0 0 0 0 0 0 0 0 0 0 0 0 0 0 0 0 0 0 0 0 0 0 0 0 0 0 0 0 0 0.308351157267681 1.72933609630471 4.18443234492393 7.31933103329218 10.2184156720025 13.1092078360012 18.9453960819994 17.5 19 19 19 12.4817986939998 0.455032650005194 13.1429651770764 20.5 18 21.3725908579985 25 27.0728052240008 30.8996976879777 17.2002143660023 17 17 17 17 20.4594855622779 24.091006530001 28.942122236785 24 24 24 12.1370457100073 20.5 22.2307859656808 16.1065382885261
0 0 0 0 0 0 0 0 0 0 0 0 0 0 0 0 0 0 0 0 0 0 0 0 0 0 0 0 0 0 0 0 0 0 0 0 0 0 0 0 0 0 0 0 0 0 0 0 0.344315899152444 2.4311584840581 10.25497954944 15.6446130761065 7.50832607081815 13.5350921148127 18.7087791039967 19 18.9131833378194 14.3996981474567 12.7548182840029 3.4281399809129 15.0526887721442 17.9817986939998 18 18 28.7997856339977 29 22.7870310628991 17.2002143660023 17 17 17 17 26.3725908579985 29 24 24 24 27.2859303541528 12.3996981474567 17.666481301477 20.1177725739956
0 0 0 0 0 0 0 0 0 0 0 0 0 0 0 0 0 0 0 0 0 0 0 0 0 0 0 0 0 0 0 0 0 0 0 0 0 0 0 0 0 0 0 0 0 0 0 0 0 0.308351157267681 1.54175578633841 2.89442289186216 4.22377331959173 9.49563168638637 9.5 11.4453960819994 11.5 19 19.4817986939998 18.4826366745071 33.3811555959929 20 18.091006530001 18.091006530001 18.0289388989656 28.7997856339977 28.5182013060002 28.465010304562 19.4455275390215 17 17.0182013060002 17 17 26.8736625369208 29 24 24 23.9479099888052 16.7451817159971 10 10
0 0 0 0 0 0 0 0 0 0 0 0 0 0 0 0 0 0 0 0 0 0 0 0 0 0 0 0 0 0 0 0 0 0 0 0 0 0 0 0 0 0 0 0 0 0 0 0 0 0 0 0 0.994518152960176 2.55631683027067 10.6277512350463 9.7366169780027 11.8285929894674 19.0182013060002 19 15.4453960819994 25.5264249574436 27.6825883626335 22.7815843279975 23 23 20.6024259607857 28.856065513013 29 29 33.9469452463633 17.9464679120108 17 17 17 20.9431158736085 23.8551494904069 23.7451817159971 19.5 10.9480413529246 10 10
0 0 0 0 0 0 0 0 0 0 0 0 0 0 0 0 0 0 0 0 0 0 0 0 0 0 0 0 0 0 0 0 0 0 0 0 0 0 0 0 0 0 0 0 0 0 0 0 0 0 0 0 0 0.308351157267681 2.32068513434756 9.92414984187614 3.2366169780027 19.7889700162917 21.9715583962833 25.1755434354464 20.7451817159971 28.0498932887899 17.3094222020035 17.5142208018583 21.4453960819994 23 23 23 28.8907921639988 29 33.6003023120224 17.4732339560054 17 18.492507092017 18.492507092017 27.2462535460085 17.6916496280079 16.0364026120004 15 10.3085061793974 24.0267660439946
