rasters/edaphic/T_CLAY.asc
NCOLS 720 
NROWS 300 
XLLCORNER -180 
YLLCORNER -60 
CELLSIZE 0.5 
NODATA_value -9999 
[rows 36 to 71 of 300, columns 0 to 80 of 720]
5.29336262155468 6.93147822710187 7.12419775064969 6.60740421399433 3.93867244979536 1.26800853417275 0 0 0 0 0 0 0 0 0 0 0 0 0 0 0 0 0 0 0 0 0 0 0 0 0 0 0 0 0 0 0 0 0 0 0 0 0 0 0.0351476222346267 1.15446248116336 2.62483962252342 2.63317401875999 1.21104944698475 0.131049399729872 0.0917345858862519 0.0393148225226794 0 0 0 0 0 0 0 0 0 0 0 0 0 0 0 0 0 0 0 0 0 0 0 0 0 0 0 0 0
10.8726689000973 10.5995712679954 10.5995712679954 15.1171683848059 20.5145232331428 1.47999992966652 0 0 0 0 0 0 0 0 0 0 0 0 0 0 0 0 0 0 0 0 0 0 0 0 0 0 0 0 0 0 0 0 0.0393148225226794 0.451734595851837 1.93104947559498 3.37104940926662 3.73104930436244 3.73104930436244 4.69657422492199 7.031765010061 17.7765564883488 18 8.63383359081482 7.59314802581287 6.55246315002949 4.75385917153777 3.64287858746657 3.67385900941314 3.36211167088354 1.91794453909361 0.42552471850958 0.0262098816817862 0.0393148225226794 0.0917345858862519 0.117944463228509 0.0917345858862519 0.0393148225226794 0 0 0 0 0 0 0 0 0 0 0 0 0 0 0 0 0 0
2.50338347306901 2.57004285755705 3.33263380510621 4.80997293844562 3.98994860642028 1.43413264106292 0 0 0 0 0 0 0 0 0 0 0 0 0 0 0 0 0 0 0 0 0 0 0 0 0 0 0 0.0131049408408931 0.42552471850958 1.91794453909361 3.37104940926662 3.73104930436244 4.81104947516613 6.89935810862395 13.4903643895744 18 18 18 18 18 18 18 18 18 18 17.7765564883488 17.3447529839927 17.7765564883488 18 13.1434692012404 6.03520374378248 4.45104957139125 4.98141369307915 6.39520385993877 7.24625306721841 6.55246315002949 4.81104947516613 3.37104940926662 1.93104947559498 0.491049418374516 0.131049399729872 0.131049399729872 0.131049399729872 0.131049399729872 0.131049399729872 0.131049399729872 0.131049399729872 0.131049399729872 0.0917345858862519 0.0393148225226794 0 0 0 0 0
0 0 0 0 0 0 0 0 0 0 0 0 0 0 0 0 0 0 0 0 0 0 0 0 0 0 0 0 0 0 0 0 0.0131049408408931 1.50552476142492 4.95520381139737 13.1434692012404 18 18 18 18 18 18 18 18 18 18 18 18 18 18 18 18 18 18 18 18 18 18 18 18 18 18 18 18 13.4903643895744 7.94004321414685 7.59314802581287 7.59314802581287 7.59314802581287 7.59314802581287 7.59314802581287 7.59314802581287 7.59314802581287 7.59314802581287 6.55246315002949 4.81104947516613 2.65104950420521 1.2089658479256 0.120631404434152 0.118547805375008 0.12479860255244
0.0104273643399413 0 0 0 0 0 0 0 0 0 0 0 0 0 0 0 0 0 0 0 0 0 0 0 0 0 0 0 0 0 0 0.0393148225226794 1.53173463876718 6.02209879860206 18 18 18 18 18 18 18 18 18 18 18 18 18 18 18 18 18 18 18 18 18 18 17.8958199949684 18 18 18 18 18 18 18 18 18 18 18 18 17.7840982521614 17.8361882459981 18 18 18 18 18 18 6.84420408256102 5.53081264921017 5.42356839957101 5.81150426327681
2.75154694746306 3.32792561903854 2.23541768842954 0.506638206529033 0.0327623510173504 0 0 0 0 0 0 0 0 0 0 0 0 0 0 0 0 0 0 0 0 0 0.373104955146008 1.86552477573004 3.35794447276525 3.73104930436244 3.73104930436244 4.81104947516613 7.94004344388637 18 18 18 18 18 18 18 18 18 18 18 18 18 18 18 18 18 18 18 18 18 18 18 18 18 18 18 18 18 17.8958200123266 17.6723764919963 17.6723764919963 17.6723764919963 16.2935253809441 11.9573371349459 9 9 9 9 9 9 9 9 9 9 9 9 9
11.2398908405752 21 14.6858165158452 5.95835681911827 3.79831932155443 1.64649676026223 0.50783240165609 0.0385867677223486 0 0 0 0 0 0 0 0 0 0 0 0 0 0 0 0 0 0 1.08000004291534 11.1600000858307 18 18 18 18 18 18 18 17.7840982521614 17.6723764919963 17.6723764919963 17.6723764919963 13.3361882459981 16.2935253809441 17.6723764919963 17.6723764919963 17.6723764919963 18 18 18 18 18 18 18 18 18 18 17.9479100061633 17.7840982521614 17.6723764919963 17.6723764919963 16.2935253809441 9 9 9 9 9 9 9 9 9 9 9 9 9 9 9 9 9.10417998767343 9.10417998767343 9 9 9 9.10417998767343
8.83618824599813 8.78409824348235 11.8927312276521 15.628743915739 12.8419760153764 14.0796169129376 6.08922572020375 4.68286967058527 2.68080839509238 1.16757477552253 0.0254147909144 0 0 0 0 0 0 0 0 0 0 0 0 0 0 0 1.06689510207445 10.8847963411905 17.6199567373117 18 18 18 16.6211488889478 9 9.16381175400187 9.32762350800374 9 9 9 17.7840982521614 17.9479100061633 18 12.0853257301081 10.7064746190559 9.32762350800374 9 9 9 9 9 9 9 9 9 9 9 9 9 9 9 9 9 9 9 9.05208999383672 9.32762350800374 9.32762350800374 15.0426628650541 18 18 18 18 18 18 18 18 18 18 18 18 18
10.4175583087194 1.99769562992902 0.504686761776791 7.13935019494801 11.5261618548049 11 14.2859303541528 17.5718607083057 18.8179869399979 5.80847973576337 2.54445401838517 0.441927316526513 0.123768884273036 0.123768884273036 0.111391994977827 0.0618844399667534 0.0123768882103272 0 0 0 0 0 0 0 0 0 0.346895073464222 1.73447536732111 4.20205547435382 6.34895061500408 13.0316914818408 17.6461666016354 18 18 15.2422973184166 13.3361882459981 9 9 9 9 9 11.9573371349459 17.6723764919963 16.2935253809441 9 9 9 9 9 9 9 9 9 9 9.05208999383672 9.32762350800374 9.32762350800374 9.32762350800374 9.32762350800374 9.32762350800374 9.32762350800374 9.32762350800374 15.0426628650541 18 18 18 18 18 18 18 18 18.0173633254929 18 18 18 18 18 18.0719672434935 18.1092078360012 18.568824719859 19.0284416037167
5.98650978268953 8.45445771828962 11.046853200177 17.3034006161265 14.3553349866516 14.0604697294777 12.0284420631957 12.0863198437688 11.3640261200042 16 11.9682711904994 5.03212036752851 6.18843727907592 7.17130682619585 6.68595888635046 4.86756185867555 2.3711658800207 0.891897087579098 0.0039356888294468 0 0 0 0 0 0 0 0 0 0.0152890965628263 0.423340557363235 1.87207723530166 4.69965747584878 12.3750317600399 17.6483507736306 18 18 17.9301069821819 18.0173633254929 18.1092078360012 18.1092078360012 18.1092078360012 18.568824719859 19.0284416037167 18.1092078360012 18.1092078360012 18.1092078360012 18.0173633254929 12.0853257301081 12.0853257301081 12.0853257301081 18 18 18 18 18 18.0173633254929 18.1092078360012 18.1092078360012 18.1092078360012 18.1092078360012 18.1092078360012 18.1092078360012 18.1092078360012 18.1092078360012 18.1092078360012 18.568824719859 20.0142208018583 21 21 21 21 21 21 21 21 21 21 21 21 21 13.5546039180006
16.952021831885 14.7537171253123 16.544967349995 8.51820130600021 0.375601676118772 5.62740914200433 14.3428140210652 0.32762350800374 10.6638117540074 15.9635973879996 16.6848581914357 11.0231504135435 17 16.8560654956549 16.8271266140474 14.6734775794818 12.9271947759992 1.72408603773156 2.08134027352012 1.35787999756009 0.487708844643612 0.0152890965628263 0 0 0 0.0458672896884788 0.107023677024666 1.41289093388337 3.51289085855432 6.63636008754729 8.45396179688505 7.58672428552914 5.47670257355154 4.77494651844579 7.40184144843002 20.6614557014529 20.9155124153841 21 21 21 21 21 21 21 21 21 21 21 20.0142208018583 18.1092078360012 18.1092078360012 18.1092078360012 18.1092078360012 18.1092078360012 18.1092078360012 21 21 21 21 21 21 21 21 21 21 21 20.8784566694756 21 21 20.7393159045201 21 21 21 21 21 21 21 21 21 20.7815843279975 9
9.06625276008968 9.05093324884937 9.43683134400499 11.3640261200042 15.9635973879996 20.7485336033102 19.1039172941508 13.161531545611 16.6895061190742 10.1820130600021 9.30641140906483 19.6161747054428 19.2859303541528 10.9768488877708 10.134034891887 3.73455138997773 16.8543895519983 10.1978028021711 6.98067831088855 12.9203926611629 2.60689542784783 0.419999986886978 0 1.27528905830864 3.01644542407995 5.597601901788 7.64454007367163 10.0728054730514 21 21 21 21 12.0963603554338 9.26338352009848 10.0728054730514 13.3104928253842 19.3811560940941 21 21 21 21 21 21 21 21 21 21 21 21 21 21 21 21 21 21 21 21 21 21 21.0057877867364 21.0364026120004 21.0057877867364 21 21.0115755734727 21.0364026120004 21.0364026120004 21.0364026120004 21.0364026120004 21.0239890927366 21 21 20.6177725739956 21 21 21 21 21 21 21 15.0694533366877 9
28.4569473363826 11.5829035189204 14.255197455657 20.8510376646852 9.38717723223339 9.1074071829455 8.89198635912581 18.7247002016061 10.838468454389 10.1820130600021 15.8941440513119 14.360674182328 20.1935885657537 11.9920394511953 14.3249538598025 6.1806782862645 0.309422202003532 9.28821010306515 10.1140746604224 5.02093911168127 2.26471087591183 0.419999986886978 0 1.67999997735023 20.6942180557249 21 21 21 21 21 21 21 21 21 21 21 21 21 21 21 21 21 21 21 21 21 21 21 21 21 21 21 21.0057877867364 21.0364026120004 21.0364026120004 21.0364026120004 21.0364026120004 21.0364026120004 22 22 21.9875864807362 21.8219670272004 21.0364026120004 21.0364026120004 21.0182013060002 21 21 21.3285927597279 21.9635973879996 21.9635973879996 21.183820759536 21.0364026120004 21.0364026120004 21.0364026120004 21.0364026120004 21.0364026120004 21.0057877867364 21 20.9305466633123 14.7815843279975 9
39.0133886626825 8.00363116796994 3.69987139511103 5.50668075320638 5.66265494291312 3.61623096860877 3.26016571499598 5.72598995109716 13.1456104480017 10.838468454389 18.7247002016061 9 16.0546819600994 9 16.9536977755415 8.31278420250569 4.18162478949442 2.34798986480299 2.0202463210354 0.583399402934084 0 0 0 1.63413268657687 4.9329762826586 9.08710880765967 17.9376871615979 21 20.8610933266246 20.8610933266246 20.7121309913098 18.7247002016061 9.0694533366877 13.0125692102962 20.563168655995 21 21 21 21 21 21 18.7247002016061 9 12.9431158736085 19.161531545611 21 21 21 21.0239890927366 21.1896085462723 21.9760109072634 21.8420540574752 21.5497073582477 21.3343805464642 21.0239890927366 21.0115755734727 21.0057877867364 21 21.8103914537277 21.9635973879996 21.9635973879996 21.3285927597279 21 21.9817986939998 21.9760109072634 21.6350046282717 21.183820759536 21.0364026120004 21 21 21 20.7121309913098 20.563168655995 20.7815843279975 21 21.9635973879996 22 15.0995712679961 9 9 9
7.54641461020852 2.31263376565993 0 0 0 0 0 1.84869380691029 3.83602251047667 11.1361614440668 8.66185497738947 10.0548183905471 4.5 5.62740914200145 9.96359738799958 12.7539183432244 1.5534475595963 0 0 0 0 0 0 0 0 1.22942176753528 5.38355431799914 20.4664717877324 11.0447753983226 9.43683134400499 21 20.5085647379944 20.5109406477616 21 17.0568841263915 20.5490675110612 20.5719052745432 18.9764451176176 21 21 9 9 9.21841567200249 20.7393159045201 21 14.0995469914455 21 21 21.9635973879996 14.7345513899777 21.9635973879996 21.9635973879996 21.9635973879996 21.3285927597279 21 21 21 21 21 21 21 21 21 21.0057877867364 21.0239890927366 21 21 21.8103914537277 21.4817986939998 21 9.43683134400499 9.43683134400499 9.43683134400499 9.43683134400499 9.1389066733754 21 21.3285927597279 21.9760109072634 11.4649078851873 9.31185808406865 9
0 0 0 0 0 0 0 0 0.327623115365952 0.877719577981317 1.71858715646167 1.94368355023121 2.20825484643465 5.86638095724327 3.8493788920604 2.50689504225539 1.11571742509356 0.152890963458498 0.152890963458498 0.107023677024666 0.0458672896884788 0 0 0 0 0 1.21413267097246 2.70626358993183 4.67534293875612 6.28180406784727 6.29331875175913 5.30710906492453 5.30710906492453 6.84467331327327 6.74810525271137 5.08339428143212 4.99413266674014 9.22471090971927 21 15.2184156720025 9 11.1263374630792 20.8784566694756 21 21 21 21 21 21 21 21 21 20.9247588765759 20.5267660439946 18.6855738674656 16.6938994788047 18.8469497394024 21 21 21 21 21.4123453573121 21.5267660439946 21.5267660439946 21.5267660439946 21.5267660439946 21.2633830219973 21 21 21 21 21 21 21 21 21 21 21 21.4817986939998 21.9942122132636 22
0 0 0 0 0 0 0 0 0 0 0 0 0.173447536732111 0.346895073464222 0.346895073464222 1.25999996066093 3.59743111299523 4.81156369781536 6.02569662724478 6.43040760372125 5.49057822910286 3.8105780474759 2.09999996423721 0.419999986886978 0 0 0 0 0 0.0152890965628263 1.33644544347507 2.6576018532466 2.25289093420501 1.41289093388337 4.56693825900084 6.8351183504582 6.87289077100827 10.2462528374789 17.6309581581075 20.7121309913098 9.21841567200249 17.7826804345588 21 21 21 21 21 21 21 20.9247588765759 20.5267660439946 14.2633830219973 14.7366169780027 21 21 21 21 21 20.9305466633123 20.563168655995 18.7247002016061 9 20.9305466633123 9.43683134400499 9.17614724852504 9.17614724852504 7.29352515120482 9.0447823389623 9.10669391617687 8.83618824599813 9 9 18.8736625369208 21 21.0057877867364 21.0057877867364 21 21 21 21.4875864807362 22
0 0 0 0 0 0 0 0 0 0 0 0 0 0 0 1.25999996066093 2.93999993801117 4.19999980926514 5.46000003814697 20.4648816018581 20.7400853464982 20.4037252112672 11.003639838543 0.419999986886978 0 0 0 0 0.00486173330776733 1.71473600714413 6.32267998181319 21 15.7387582247639 10.0728054730514 16.5481801777169 21 21 21 15 9.0694533366877 20.7393159045201 21 21 21 21 21 21 20.7633830219973 8.2366169780027 10.4649078851873 21 21 21 21 21 20.9305466633123 20.563168655995 14.7815843279975 6.07848556441488 2.86942420333001 9.21841567200249 11.2752997983939 9.43683134400499 21 21 21 11.2752997983939 21 21 14.5653608691177 7.66490786056321 9.89644845760223 17.0568841263915 21 21.5182013060002 22 21.6714072402721 21.0182013060002 21 21.5 22
0 0 0 0 0 0 0 0 0 0 0 0 0 0 0 0 0 0 1.21413267097246 3.25297621915604 4.88710899188523 4.48239801540876 2.0235544803382 0.404710890324152 0 0 0 0.0152890965628263 1.46999996820717 5.62488151240184 20.7393159045201 17.7826804345588 20.6177725739961 21 21 21 21 21 21 17.6611371040344 21 21 21 21 21 21 21 14.5 14.2633830219973 21 21 21 21 20.7121309913098 12.9431158736085 9 6.04266297992383 0.327623508011134 0.327623508008783 8.96359738799958 8 21 20.563168655995 20.563168655995 20.9305466633123 21 21 21 21 21 21 21 20.7121309913098 20.563168655995 20.7121309913098 21 21.9635973879996 21.9942122132636 21.1896085462723 21.5182013060002 22
0 0 0 0 0 0 0 0 0 0 0 0 0 0 0 0 0 0 0 0 0 0 0 0 0 0 0.435289083449804 2.59644540956041 7.55918589790244 21 20.7393159045201 21 10.8822274260216 20.7393159045201 21 21 21 21 21 21 17.7826804345588 21 21 20.6881418985732 20.7633830219973 21 12.5835667174051 8.4732339560054 8.4732339560054 21 21 21 9 9 9 9 9 8.81039191320669 8 8 8 12.9431158736085 7.45733690520641 4.66381175400926 9 12.9431158736085 20.7815843279975 20.8784566694756 21 21 12.9431158736085 4.5 5.82676122340618 8.67237649199635 8.88827824417438 8.94790999748422 9 15.2633830219973 21.6881418985732 22 21.7633830219973
0 0 0 0 0 0 0 0 0 0 0 0 0 0 0 0 0 0 0 0 0 0 0 0 0 0 0.839999973773956 12.1799999475479 21 21 20.8784566694756 21 21 21 21 21 21 21 21 21 21 21 8.4732339560054 8.4732339560054 14.7366169780027 21 21 21 21 21 21 21 10.8822274260044 9.43683134400499 8.94790999748422 3.28496041321755 8.94790999748422 8.48179869399979 8 8 8 8 8.02398907537846 8.94790999748422 7.5690586566925 8.94790999748422 8.67237649199626 20.563168655995 20.8610933266246 20.9305466633123 21 8.31796277831777 6.47949432392882 0.397076844691441 0.163811754002149 4.66381175400187 8.83618824599813 8.67237649199626 8.67237649199654 13.2717086333364 21.5267660439946
0 0 0 0 0 0 0 0 0 0 0 0 0 0.0305781931256525 0.0305781931256525 0.0152890965628263 0 0 0 0 0 0 0 0 0 0 0.82471087721113 4.54355451652983 14.4400851644424 20.8422472880454 21 21 21 21 20.7393159045201 21 21 21 21 21 21 20.563168655995 20.7815843279975 21 21 21 21 21 21 21 21 21 20.7121309913098 20.563168655995 8.67237649199626 8.83618824599813 8.81039191320669 7.97210250132726 7.98252674554548 7.99781584536295 8 8.48179869399979 8.88827824417438 4.66381163913211 7.62114865920828 4.49999988513033 4.66381175400187 7.61536088983003 6.03687521054558 8.94790999748422 7.5690586566925 9 18.7247002016061 20.563168655995 20.563168655995 7.62114865920828 7.62114865920828 8.78409824348235 0.104179996352493 3.12114865486875 8.72446649017251
0 0 0 0 0 0 0 0 0 0 0 0 0 0.839999973773956 1.20693830321549 0.419999986886978 0 0 0 0 0 0 0 0 1.27528905830864 3.01644542407995 4.33760168158522 4.33760168158522 5.91057806697823 11.2869384024808 21 21 21 21 14.0995469914455 21 21 21 21 21 14.7815843279975 9 9 14.7815843279975 21 21 21 21 21 21 15 9 9 5.87885122592224 4.66381175400187 8.25115465350641 6.55348750411798 7.95400175090495 8 8.01820130600021 9 9 9 9 7.18548190728773 4.24022716419703 6.36616711771481 8 8 7.21770943737932 5.74976613809436 5.86148790042909 0.163811749672086 0.215901752178116 3.17323865739192 8.72446649017251 8.67237649199626 4.33618824599813 1.65438473140992 7.45733690520641 2.95733690520641
0 0 0 0 0 0 0 0 0 0 0 0 0 0.839999973773956 0.839999973773956 0.419999986886978 0 0 0 0 0 0 0 0 1.67999997735023 20.6942180557249 21 21 14.1199145485976 6.25413266154292 14.1126342255499 13.8646449087163 3.98177441746165 21 21 20.8471090365415 21 21 20.7815843279975 12.9431158736085 9 9 7.5690586566925 8.94790999748422 15.0694533366877 21 21 21 21 21 14.9479100061633 7.62114865920828 9 7.62114865920828 9 3.91042016506794 4.67019781272857 8.10920783600125 8.28098011362628 6.96493193199764 7.29352515120454 9 3.17323865738453 8.91408983949781 6.80406860631031 7.89588852915807 5.15186277784263 3.14758028432014 2.80638508766158 2.50665955644911 5.84988716211107 6 0.218415672002493 3.95946876088196 6.85601830453378 7.90583258092304 1.52278572809729 4.33618824599813 7.29352515120454 2.95733690520904 3.0690586566927
0 0 0 0 0 0 0 0 0 0 0 0 0 0 0 0 0 0 0 0 0 0 0 0 1.63413268657687 4.9329762826586 8.24710888915082 14.7530615593722 5.80355438995356 2.06942177002668 1.89151834255928 4.23361472262887 6.18963303187309 7.16166914234108 7.40710897064198 10.3536615004527 20.8115685501906 21 12.9431158736085 9 9 9 9 9.21841567200249 21 21 21 21 20.4962292434712 20.2355451479913 13.9224493476334 14.49590753243 8.95086115528388 8.80997836865587 2.95897863028278 2.61942180405082 10.8346986243808 9.96359738799958 4.5 0.190021635683656 4.3755030685282 2.89280337730787 2.47174742002076 2.6534539212725 5.38021394962985 1.92432542025736 0.930877889592925 0.308351157267681 0 0.346895051926142 1.1694218228572 1.64942175550714 1.34195790970086 1.05645192249946 1.43670330158149 1.67447528939162 1.30526102556095 1.48079216243709 5.74303128158777 5.75623677909145 4.17474541641432
0 0 0 0 0 0 0 0 0 0 0 0 0 0 0 0 0 0 0 0 0 0 0 0 0 0 0.404710890324152 0.809421780648304 0.809421780648304 0 0 0 0 0 0 3.6141327907178 20.5057866059155 12.9431158736085 9 9.17866117268895 9.21841567200249 9.43683134400499 6.9391113226563 21 21 21 21 21 21 20.8784566694756 20.7815843279975 9 7.07926366138912 2.84214128013985 0.732376915735674 1.38800859963065 8.75901470838367 8.76411107354298 2.70578155651291 1.06689510207445 0.526895080616779 0.346895073464222 0 0.308351157267681 0.308351157267681 0.154175578633841 0 0 0 0 0 0 0 0 0 0 0 0.402049113885868 0.740958771882918 0.976590496252249 1.66173168112595
0 0 0 0 0 0 0 0 0 0 0 0 0 0 0 0 0 0 0 0 0 0 0 0 0 0 0 0 0 0 0 0 0 0 0 1.93413272830013 8.74445366445141 7.0848336411398 6.52997847266037 5.18710887609935 14.4492871121993 20.7772160187234 16.3498557282632 20.5413270749083 20.6789289559074 18.9764451176176 21 17.7826804345588 20.3570884785159 21 14.9305466633123 8.94790999748422 8.83046438053151 5.8370020027652 3.20017145812648 3.52449691197686 2.53413263510246 1.43413272721524 0.520342610196332 0 0 0 0 0 0 0 0 0 0 0 0 0 0 0 0 0 0 0 0 0 0
0 0 0 0 0 0 0 0 0 0 0 0 0 0 0 0 0 0 0 0 0 0 0 0 0 0 0 0 0 0 0 0 0 0 0 0.520342610196332 1.04068522039266 1.21413275712478 0.520342610196332 0.982869346097855 2.44355443850774 4.51297620853442 4.91768718501089 4.54355440166007 10.2328908958436 21 20.6177725739956 20.4962292434712 20.563168655995 12.9431158736085 6.04266297992383 8.86398830487516 4.35368325210967 7.83356789754334 10.9276577951193 10.783503450209 5.78638097393257 0.219999998807907 0 0 0 0 0 0 0 0 0 0 0 0 0 0 0 0 0 0 0 0 0 0 0
0 0 0 0 0 0 0 0 0 0 0 0 0 0 0 0 0 0 0 0 0 0 0 0 0 0 0 0 0 0 0 0 0 0 0 0 0 0 0 0 0 0.0152890965628263 1.31314777231554 4.50663813129549 15.5145103981789 21 10.2815843279975 14.7815843279975 8.83301724763328 7.22654029323852 5.43612698054246 6.00324194167596 9 9 9.04797816811503 6.18436826333131 1.45995706958164 0.211991424211211 0 0 0 0 0 0 0 0 0 0 0 0 0 0 0 0 0 0 0 0 0 0 0
0 0 0 0 0 0 0 0 0 0 0 0 0 0 0 0 0 0 0 0.00800857459669612 0.0160171491933922 0.0160171491933922 0 0 0 0 0 0 0 0 0 0 0 0 0 0 0 0 0 0.0240257237900883 0.276060023154545 1.59862968340675 4.90179913421409 20.5995712679954 10.6207833669343 9 9 6.39366146664521 2.51229106920407 1.31524625695795 6.68535318366031 11 9.07280522400083 10.0920319811985 3.99918628093007 1.93995713842587 0.393447535540018 0 0 0 0 0 0 0 0 0 0 0 0 0 0 0 0 0 0 0 0 0 0 0 0
0 0 0 0 0 0 0 0 0 0 0 0 0 0 0 0 0 0 0 0.219999998807907 0.632205789021403 0.439999997615814 0 0 0 0 0 0 0 0 0 0 0 0 0 0 0.0160171491933922 0.0320342983867845 0.706595337657884 2.25678811598186 4.04290942243172 8.09961322442444 10.9635973879996 9 8.90171294586307 4.34559406668964 2.82102776578714 1.40723764768335 0.173447536732111 0.431991423019118 3.19212008726909 8.2055674829054 5.12930959156406 2.19573339058198 0.609686844963219 0 0 0 0 0 0 0 0 0 0 0 0 0 0 0 0 0 0 0 0 0 0 0 0 0 0
0 0 0 0 0 0 0 0 0 0 0 0 0 0 0 0 0 0 0 0.219999998807907 0.439999997615814 0.439999997615814 0 0 0 0 0 0 0 0 0 0 0 0 0.244025723682878 1.1480514735918 2.48406867306751 3.23546059420554 4.14718701153671 10.9635973879996 10.9271947759992 8.27833486788256 9 6.56895064361431 2.29413274260524 0.70034261734889 0 0.219999998807907 0.439999997615814 0.659999996423721 1.31199141933563 2.18398289632056 1.52398287226428 0.219999998807907 0 0 0 0 0 0 0 0 0 0 0 0 0 0 0 0 0 0 0 0 0 0 0 0 0 0 0
0 0 0 0 0 0 0 0 0 0 0 0 0 0 0 0 0 0 0 0 0 0 0 0 0 0 0 0 0 0 0 0.0240257237900883 0.040042874068363 0.724068596451937 2.4680514068346 7.82012866554927 10.9119056761817 11 10.6072154026338 8.93619643565199 8.86094202458855 6.54954878142963 2.980169748059 1.40723764768335 0.173447536732111 0 0 0.219999998807907 5.52779420740232 0.439999997615814 0 0 0 0 0 0 0 0 0 0 0 0 0 0 0 0 0 0 0 0 0 0 0 0 0 0 0 0 0 0 0
0 0 0 0 0 0 0 0 0 0 0 0 0 0 0 0 0 0 0 0 0 0 0 0 0 0 0 0 0 0.244025723682878 1.1480514735918 2.68004285976325 3.36830861352664 3.65614575015523 11 10.7677513399505 10.8638542307713 5.18765762419669 10.7087791039967 7.46954220547367 6.69216251635479 1.71143486817573 0.393447535540018 0 0 0 0 0.211991424211211 0.423982848422422 0.423982848422422 0 0 0 0 0 0 0 0 0 0 0 0 0 0 0 0 0 0 0 0 0 0 0 0 0 0 0 0 0 0 0
0 0 0 0 0 0 0 0 0 0 0 0 0 0 0 0 0 0 0 0 0 0 0 0 0 0.0131049408408931 0.0196574112613397 0.252762349825258 0.466209877127836 1.32655246326789 6.76017151577578 10.8718628064529 10.719699885861 7.09982849852933 3.02393990478383 3.21991420851909 1.92393999581173 1.49194857279261 1.49194857279261 1.92393999581173 1.5159742965827 0.651991421827025 0.219999998807907 0 0 0 0 0 0 0 0 0 0 0 0 0 0 0 0 0 0 0 0 0 0 0 0 0 0 0 0 0 0 0 0 0 0 0 0 0 0
0 0 0 0 0 0 0 0 0 0 0 0 0 0 0 0 0 0 0 0 0 0 0.00800857459669612 0.0320342983867845 0.0390497900971192 0.935144533536163 1.95116990380667 2.50959329620966 6.39704491519495 1.49199142648819 2.37995720222558 3.00792275559044 2.12792287414369 1.05995714977349 0.211991424211211 0 0 0 0 0 0 0 0 0 0 0 0 0 0 0 0 0 0 0 0 0 0 0 0 0 0 0 0 0 0 0 0 0 0 0 0 0 0 0 0 0 0 0 0 0 0
