rasters/edaphic/T_CLAY.asc
NCOLS 720 
NROWS 300 
XLLCORNER -180 
YLLCORNER -60 
CELLSIZE 0.5 
NODATA_value -9999 
[rows 180 to 215 of 300, columns 405 to 485 of 720]
15.3996976879777 27 27 27 27 27 27 27 41.1294987768368 49.2826561580089 46.1539901836426 62.6461261824442 56.2706129862541 42.3265516779923 12.7072052036038 16.8888527415924 40 39.5500732404214 17.7451817159971 19.2719477599925 0 0 0 0.416719981084452 23.0473933860328 47.0995474509246 31.7325588330546 46.7567824424382 39.1826416768308 38.2012861960137 63.5292018739854 28.2451817159971 26.6274091420015 55.2491860372098 31.9030496337813 36.1204720274092 44.2025722233267 26.3475788171174 22.3725908579985 26.5995712679954 13.0277084138589 1.88650961222772 0.0963597402358305 0 0 0 0 0 0 0 0 0 0 0 0 0 0 0 0 0 0 0 0 0 0 0 0 0 0 0 0 0 0 0 0 0 0 0 0 0 0
27 26.9189711245558 26.4903634319942 19.7451817159971 27 27 27 26.9635973879996 26.2700083375854 39.837786164914 40.0182013060002 40 43.0546039180006 40 24.936831344005 31.8108689391693 13.5105526062588 28.2936567954266 11.3971305411119 0 0 0 0 51.2283688407339 62.0414294215746 26.6534630831814 24.9298887085737 27.4404168715466 46.2263808386389 57.9968629093106 40.4402319355071 22.027837874006 29.9586475817706 30.3905292202726 38.844703469699 47.8907921639988 60.9857791981417 26.0693753293052 19.5870260258592 6.52395455765166 3.17190567017082 0.385438960943322 0 0 0 0 0 0 0 0 0 0 0 0 0 0 0 0 0 0 0 0 0 0 0 0 0 0 0 0 0 0 0 0 0 0 0 0 0 0 0
13 13 13 13 20 27 26.8941440513119 33.1905777979965 41.0239890580203 41.3285936786859 41.6532050153139 39.7269804099969 47.5094275709036 42.24007576708 24.072619804708 35.8543895519983 15.899537028488 33.1294987768368 23.0237300555479 0 0 0 14.4551837813929 45.5547112210574 32.591006530001 18.6040486660936 18.6859935641439 23.1735796783037 68.923872048918 36.384530532508 44.5546039180006 36 46.8561972011692 50.7430391920313 59.678924182425 60.0546039180006 60.5489478541367 27.8094222020035 17.2937771559061 3.65342874420968 0.0963597402358305 0 0 0 0 0 0 0 0 0 0 0 0 0 0 0 0 0 0 0 0 0 0 0 0 0 0 0 0 0 0 0 0 0 0 0 0 0 0 0 0
13 13 13 13 17.6003023120223 26.7451817159971 19.7451817159971 32.8619841193105 41.6935881314561 40.9942122479799 41 40 44.5 19.8610933266246 38.7997856339977 28.3494352364871 22.6541751859966 19.3640261200042 19.0158723841898 0 0.382227426004363 0.260684095479944 26.0214260300862 19 50 33.1979432925488 29.9738575615332 43.8552275325057 31.0348046930845 28.5834357797597 29.6213628200951 29.250292216432 26.6038925581218 43.563168655995 60 40.0194828662666 39.4286663499199 43.2322318599177 8.62504278706836 0.888495765655608 0 0 0 0 0 0 0 0 0 0 0 0 0 0 0 0 0 0 0 0 0 0 0 0 0 0 0 0 0 0 0 0 0 0 0 0 0 0 0 0 0
13 13 13 13 13 13 13 28.0123116444474 25.6188444040071 30.7415374225476 40.5043748701739 40.1638117540019 39.8255962134495 20.6991133410715 34.871256084261 38.7280522400083 22.8543895519983 29.4420152418141 19.1723764919963 0.791873874164534 1.17410130016158 0.345824814005623 22.5298206493128 32.3538087204005 37.7173438419911 48.4346876839821 26.7836739628329 30.063168655995 25.9386435684679 16.1157555611462 31.7362523749473 37.2666816536036 27.1191854905581 56.3982850719817 58.7027574677562 26.8599923710975 35.454900970384 11.0431690737375 3.15946363334216 0 0 0 0 0 0 0 0 0 0 0 0 0 0 0 0 0 0 0 0 0 0 0 0 0 0 0 0 0 0 0 0 0 0 0 0 0 0 0 0 0 0
13.1489623353148 13 13 13 13 13 18.7815843279975 24.8510376646852 41.052561917307 27.8805271302533 39.3226984881667 40 55.0699460219283 39.3907921639988 48.9612924435798 44.7273211959814 25.9171193042525 20.8008574640091 33.729620685572 32.1206904994363 16.5270825456176 20.2942321484211 19 19.9635973879996 16.6359738799958 7 19.2826561580089 18.606771936578 23.8907921639988 36.3885651013581 27.807117281358 41.7124718357848 27.6037608937399 14.4120042707611 26.8703937690173 27.7268995702799 10.4318846103813 2.67417559012612 0 0 0 0 0 0 0 0 0 0 0 0 0 0 0 0 0 0 0 0 0 0 0 0 0 0 0 0 0 0 0 0 0 0 0 0 0 0 0 0 0 0 0
14.6381175400187 16.0669395462548 13 13 13 13 19 36.4139194087941 28.1745254448171 32.7444222796072 39.4539608199938 37.7019137427952 49 45.3445969171531 62.9156192025264 43.0878450651542 25.047407941083 61.4710902959825 41.2355451479913 21.7916397478609 37.1837624531072 41.6712027443247 19.3411376005715 20.9520218492431 7.49143526200561 13.9006678586599 29.3176756586592 36.9457854210837 29.6723764919963 42.3648200301051 17.8466627945113 21.3789292351117 22.608501262153 27.9807269647144 18.0413523678664 32.7675008405497 2.44207711377713 0 0 0 0 0 0 0 0 0 0 0 0 0 0 0 0 0 0 0 0 0 0 0 0 0 0 0 0 0 0 0 0 0 0 0 0 0 0 0 0 0 0 0 0
58 58 36.3190587700093 13.0347266683439 13.2184156720025 13 16.9431158736085 25.3036344499834 39.1844737458173 41.9635973879996 27.8805271302533 44.3361882459981 48.563168655995 20.235545147992 61.6823491699684 38.1396914404116 62.563168655995 26.7826804345588 21.6916496280079 31.8435693416421 19.5825978762042 20.0330507246873 21.9602455006865 24.0841173517287 12.8055491016445 23.1323589482305 41.1974369868629 76.8668811480772 77 44.5326369579639 22.1987230911277 28.5911338443173 27.894255095782 19.9968574763655 20.9863332923113 4.71467319381387 1.15631691154741 0 0 0 0 0 0 0 0 0 0 0 0 0 0 0 0 0 0 0 0 0 0 0 0 0 0 0 0 0 0 0 0 0 0 0 0 0 0 0 0 0 0 0 0
58 58 58 58 19.7098509340081 13.1439345043451 13 25 30.5487087274814 25.2912208960033 41.8652051870625 32.3725908579985 37.1389066733754 0.891863994050439 37.2815843279981 47.5592907144936 39.3640261200042 19.8414788620344 42.9695702036782 21.575894101578 21 21 24.8179869399979 21.5284908521599 25.8513300974103 32.7092566554481 49.2006669643258 65.9186300380048 77 58.2701989111408 48.3276235080037 54.2662377732781 38.9115897283453 24.6759914741247 6.63459453400891 0.888779512375313 0 0 0 0 0 0 0 0 0 0 0 0 0 0 0 0 0 0 0 0 0 0 0 0 0 0 0 0 0 0 0 0 0 0 0 0 0 0 0 0 0 0 0 0 0
58 58 58 58 39.2098509340081 19 19.2184156720025 25 25 29.5 36.8907921639988 30.1774576701681 36.563168655995 0 41.1359738799958 53.7220792072307 42.1005157836906 28.9213628447191 48.6359738799958 29.4140212836105 20.5182013060002 36.6081360059898 37.5 20.6714072402721 20.8343805464642 20.3428135615862 41.6620481990116 77 76.5813699619952 77 77 47.9189710551233 64.2218638976463 16.5713233397193 4.91770155538994 0.78509633871885 0 0 0 0 0 0 0 0 0 0 0 0 0 0 0 0 0 0 0 0 0 0 0 0 0 0 0 0 0 0 0 0 0 0 0 0 0 0 0 0 0 0 0 0 0
58 58 58 58 58 25.9105965165887 22.1165154995547 24.9942122132636 30.6247350192342 36.3117262274652 35.2256456362593 34.9192337677154 25.436831344005 24.5 19.5 21.2234434856141 21 29.1448063303332 48.6359738799958 30.4433790344337 15.7243108625217 13.6916496280079 21.0719672434935 24 21.568824719859 22.6274091420015 49.0728052240008 53.8114103314134 77 77 76.4903634319942 62.8610933266246 50.4208320184915 15.4337563468779 2.6080943621797 0.920000016689301 0 0 0 0 0 0 0 0 0 0 0 0 0 0 0 0 0 0 0 0 0 0 0 0 0 0 0 0 0 0 0 0 0 0 0 0 0 0 0 0 0 0 0 0 0
58 57.809003350146 58 58 58.0728052240008 58 38.9841276331684 21.5 24.3285927597279 24 33.8179869399979 34.2730195900031 35.5519343705255 24.5 0.746253546042204 21.230069287574 21.1820130600021 30 51.700087051686 39.6122967135784 22.1157555264299 20.9942122132636 8.03373306452526 5.58244179200665 23.8725908579985 27.7087791039967 37.5119947177693 75.9625255579882 77 76.6643089247505 39.6916496280079 39 33.5039549315769 13.2212843434865 3.15999990701675 0.140000000596046 0 0 0 0 0 0 0 0 0 0 0 0 0 0 0 0 0 0 0 0 0 0 0 0 0 0 0 0 0 0 0 0 0 0 0 0 0 0 0 0 0 0 0 0 0
46.5557875603511 40.8993569019931 58.2901490659919 58 33.1821641913892 59.2537464539915 39.5 21.591006530001 24 25.7140696458472 34 34 48.563168655995 24.9550326500052 9.63597387999584 33.5603433167622 21.436831344005 22.2986606408781 35.9146733509338 48.8842444735701 40.8919519892783 12.8681916768625 20.5182013060002 20.9875864807362 20.8467940657281 26.6727420140097 21.9857791981417 40.8478324654868 48 48.1365776097065 32.251568823888 47.8873035772285 30.8378237924216 22.7116913101794 3.73858675905607 0 0 0 0 0 0 0 0 0 0 0 0 0 0 0 0 0 0 0 0 0 0 0 0 0 0 0 0 0 0 0 0 0 0 0 0 0 0 0 0 0 0 0 0 0 0
30.4850243370439 41.2831822469134 42.4859105544377 59.0115755734727 38.5364026120004 19 39.2627011256875 30.3526645202184 24.239890823217 29 33.8179869399979 34 25 36.563168655995 0.455032650005194 13.4723132573811 40.7569133042349 28.8629542899927 29.6260742675378 39 48.6359738799958 27.8278378986301 23.9311505441121 30 39 21.6552470160075 25.3644691902252 56.7084672123938 38.222206521547 28.5155023621247 50.6449574698478 65.8669100662331 36.3490742741189 26.4689505049027 3.98980718461393 0 0 0 0 0 0 0 0 0 0 0 0 0 0 0 0 0 0 0 0 0 0 0 0 0 0 0 0 0 0 0 0 0 0 0 0 0 0 0 0 0 0 0 0 0 0
44.5 41 43.3001502370531 41 25.6818619286149 19 39.5 47.1274091420015 34.1274091420015 34 29.1820130600021 32.4573366754669 25 25 29.5 0.618844404007064 23.9281392916943 20.9817986939998 9.85305477826076 26.7842538754727 38.7765564796697 38.8958199776103 38.7765564796697 26.8430279522125 30.3276225890457 30.7495079670613 25.4349799168668 32.2643284566505 24.5699018773846 34.7706906508345 32.3176214179845 60.7495524781814 36.042662405575 23.2016704690937 5.59460371188854 1.04509632918211 0 0 0 0 0 0 0 0 0 0 0 0 0 0 0 0 0 0 0 0 0 0 0 0 0 0 0 0 0 0 0 0 0 0 0 0 0 0 0 0 0 0 0 0 0
41 41 41 41 33.5 19.313612069824 42.9251289582347 32.9131053304369 37.2999417181953 35.4402910363936 26.523546030643 29.3361882459981 25 25 25 17.4550326500052 20.2627011256875 30.0364026120004 11.2088031728828 19.1301080641821 39 30.3276225890457 39 26.8560898477494 18.7453328473842 32.957337594425 39.6099677744098 49 34.8516906081229 41.2355451479913 51 37.178188663832 38.6632368179468 28.2023556127635 17.7351170051158 1.18000000715256 0 0 0 0 0 0 0 0 0 0 0 0 0 0 0 0 0 0 0 0 0 0 0 0 0 0 0 0 0 0 0 0 0 0 0 0 0 0 0 0 0 0 0 0 0
40.3447529839925 40.3447529839925 41 40.8263666062064 30.9288941527921 26 30.1456104480017 42.5 36.913125105528 27.4512912725186 41 30.7671243994839 25.7828122422065 25.8323882771631 25.8150249516702 25.5096365680058 2.46747798568143e-13 40.7627011256875 40.4745980254172 16.6033420071661 19.6490403426973 38.6144987287813 6.0771508992266 29.785175033576 29.8179869399979 30.5816818535981 39.7912208960033 33.5515101489181 30.7761327015905 21.3276235080037 29.6723764919963 26.9146733509338 25.8276235080037 29.211884571827 7.82548131632819 1.14214129043345 0 0 0 0 0 0 0 0 0 0 0 0 0 0 0 0 0 0 0 0 0 0 0 0 0 0 0 0 0 0 0 0 0 0 0 0 0 0 0 0 0 0 0 0 0
34.8293476208256 22.3447529839925 40.3447529839925 33.2021533714692 26 40.5283639629105 25.3458248140039 29.3078049327594 29.388278257193 38.1300786894766 36.8914989740154 46.9109081563763 30.3533177219869 26.4558706305339 13.4359933634976 26 23.1092078360012 24.5546039180006 38.5267660439946 16.9120823475761 21.3164666618882 16.0471402049658 29.7593492036582 33.6261221031317 26.1456104480017 27 29.0790063179815 31.8226984881667 21.4826366745071 21.3276235080037 21.1041799876734 21 40.3428144805443 26.3923175112918 9.81462075089115 0.168433799481382 0 0 0 0 0 0 0 0 0 0 0 0 0 0 0 0 0 0 0 0 0 0 0 0 0 0 0 0 0 0 0 0 0 0 0 0 0 0 0 0 0 0 0 0 0
28.5154053631669 6.31049403201496 33 26 26 25.5 25 27.8481288394656 34 47.9914352620056 63 32.6738963869231 26.6296600390712 26 26 26 26 26 26 25.9280327565065 30.7559193089625 19.4236578516164 31.7240955529373 48.286115282369 30.3458248140039 27 32.4016077990629 24.0495760696728 24.4129492381119 26.9146733509338 30.6359738799958 41 40.6541751859961 49.122718272235 10.3939894989294 2.0294862318297 0 0 0 0 0 0 0 0 0 0 0 0 0 0 0 0 0 0 0 0 0 0 0 0 0 0 0 0 0 0 0 0 0 0 0 0 0 0 0 0 0 0 0 0 0
23 41 33.2912208960033 26.2730195900031 25.5182013060002 26 33.2912208960033 37.591006530001 52.1279890546412 61.3064118685439 62.9635973879996 53.1541751859961 40.2440851499567 24.5173633254929 26 26 26 26 25.9627594074922 23.0719672434935 24.5546039180006 25.4857791981417 15.9817986939998 9.15417518599605 19 21.408993469999 23.106562105597 28.2462773630794 36.2422968589375 29.6723764919963 21 30.6541751859961 23.492507092017 30.1541751859961 36.4964938003658 7.46769684038258 0.839885762927153 0 0 0 0 0 0 0 0 0 0 0 0 0 0 0 0 0 0 0 0 0 0 0 0 0 0 0 0 0 0 0 0 0 0 0 0 0 0 0 0 0 0 0 0
23 41 41 40.7916399899369 28.8441245182529 33.6274091420015 20.1824810358025 29.9365439648164 60.7293634972415 60.9760109419797 62.9826366745071 44 16.7909578515511 26 26.2548182840029 26 26 26 24.4627594074922 24.5546039180006 23.0182013060002 25.9826366745071 23.5870260258592 1.64427555939432 24.4350046528958 31.8559828609059 27.1042828161642 21.5182013060002 26.9146733509338 21.0182013060002 21.7280522400083 51.5995712679954 49.5276867426189 36.1070147039205 53.8917371047608 24.5310057524106 3.03349005246343 0.00364026125428567 0 0 0 0 0 0 0 0 0 0 0 0 0 0 0 0 0 0 0 0 0 0 0 0 0 0 0 0 0 0 0 0 0 0 0 0 0 0 0 0 0 0 0
22.3447529839925 40.2901490659919 22.7267463184168 40.035330781989 34.8293476208256 48.5460391800062 63 61.0949870341429 46.6014810785142 52.7451817159971 50.2451817159971 42.4453960819994 38.5267660439946 26 36.872250072014 39.5713923074384 26 26 26 25.9453960819994 23.5 24.0585844221425 26.2913521672201 11.5 20.1168024033134 22.0437883176527 27.6844737458173 24.5862959007903 22 21.4817986939998 41 40.9635973879996 46.8862317472171 21.3218357212674 29.7269804099969 12 4.24535365798175 0.100000001490116 0 0 0.0167452018239582 0.0334904036479164 0.0334904036479164 0 0 0 0 0 0 0 0 0 0 0 0 0 0 0 0 0 0 0 0 0 0 0 0 0 0 0 0 0 0 0 0 0 0 0 0 0 0
1 19.5 38 23.6541751859961 42.06641811611 56.3151277379254 63 63 61.5546039180006 62.9627594074922 61.4453960819994 41.0636655499513 26 26 0.89186399401018 33.8717727376616 26 26 26 24.4635973879996 23.5182013060002 24.8285927597279 25.9685471942286 11.5 9.15417518599669 20.4817986939998 21.408993469999 21.5182013060002 21.6714072402721 21 40.5267660439946 35.1065859226678 25.0871524212173 24 22.6274091420015 9.85512013654622 3.6909636259079 0.100000001490116 0 0 0.920000016689301 2.22513966773546 1.8400000333786 0 0 0 0 0 0 0 0 0 0 0 0 0 0 0 0 0 0 0 0 0 0 0 0 0 0 0 0 0 0 0 0 0 0 0 0 0 0
1 20.0808438730907 33.7041710530733 14.8458248140039 23.6541751859961 47.4992451389022 56.7261613707018 62.8543895519983 62.8543895519983 59.4817986939998 60.4596168838577 41.3458248140039 26.2730195900031 26 24.4392184888762 28.586081510164 28.107638811467 25.9826366745071 23.0182013060002 24 23.5 26 24.4453960819994 11.0813699619952 0.273019590003116 14.6998488439888 13.7890724938529 12 13.5 15.0752411234241 25.5640305542993 15.5460391800062 46 17.2111857077457 26.3781156349989 28.3811555959929 4.37955788871689 0.00364026125428567 0 0 0.920000016689301 12.5116055616138 3.1599999666214 1.26000002026558 0.800000011920929 0 0 0 0 0 0 0.0414654586337612 1.63179615250197 2.13475124652213 1.5288652499684 0 0 0 0 0 0 0 0 0 0 0 0 0 0 0 0 0 0 0 0 0 0 0 0 0 0
1 28.8822274260044 37.3211922289804 14.5520900025158 21.0890918436237 59 59 59 59 47.1706514602163 54.1417810752469 50.5859787163895 41 26.5460391800062 32.0546039180006 25.9627594074922 26 24.4826366745071 24.1852088978339 24 23.0546039180006 26 23.0546039180006 0.162057768246519 8.5 26.9038050469567 38.1199454289666 12 15.1794211110975 27.2355451479913 16.4973542695957 9.7743543637407 45.4175582079934 33.4732339560054 17.8543895519983 26.199093063933 6.57006218593094 0.100000001490116 0 0 0.443254806520692 1.80650962973068 12.4013700133624 10.5105349393181 1.87785875280991 1.07785867694481 0.538929338472405 0 0 0 0 1.58019269108905 11.9802935798309 24.7922927260148 9.5199313727645 0.623290256415663 0 0 0 0 0 0 0 0 0 0 0 0 0 0 0 0 0 0 0 0 0 0 0 0 0
13.7857255284219 29.0651076441038 21.0984119273764 9.5 23.6359738799958 20.1489623353148 41.8993569019931 57.7987138039863 58.3993569019931 59 59 59 41.4375912824135 41 33.7358570395941 26 26 23.0182013060002 24 23.5 26 26 24.5661794567571 13.908993469999 24.5 43.7002143660023 43 13.7372988743125 15.6188444040071 11.1456104480017 15 15.5642404860064 30 14 14 21.2644548520087 10.336507615701 0.100000001490116 0 0 0 0.886509613041384 1.27194857398471 1.21413272840734 2.85087801789734 14.039999961853 1.03999996185303 0 0 0 0.901113509584335 3.49372605310952 17.131799043465 52.1567381982834 20.2589783100288 2.54599587901047 0 0 0 0 0 0 0 0 0 0 0 0 0 0 0 0 0 0 0 0 0 0 0 0 0
9 5 7.54001759412882 7 14 19.7815843279975 26 26 41.8993569019931 25.9280327565065 41.8819935765003 57.7813504784934 58.3993569019931 40.4539608199938 37.1721611824118 26 25.8907921639988 23.5182013060002 23.9760109072634 23.0546039180006 26 28 26.0921320060699 11.5546039180006 24.332154427659 48.8907921639988 45.2449727958467 27.7411967185238 31.0903002723661 16.8191899908631 16.7091441743545 30.9447674998869 39.7815843279975 9.91899556001824 8.32725798599028 35.127043619988 9.92267652556581 0 0 0 0 0 0 0 2.04214120861427 2.04214120861427 1.02107060430714 0 0 0.519999980926514 4.11678801541722 17.001541918843 17.9421245668905 23.1092078360012 14.436831344005 5.65653113889196 0.0058244177898806 0 0 0 0 0 0 0 0 0 0 0 0 0 0 0 0 0 0 0 0 0 0 0 0
9 7 5.07280522400083 11.591006530001 14 14 25.6905777979965 26 26 24.5 25.9280327565065 26 26 26 26 24.4635973879996 23.6714072402721 23.9875864807362 23.5546039180006 24.5546039180006 25.9280327565065 25.9363344500487 49 34.2690927666349 0 41.4888133486722 30.9550326500052 16.3987044932751 21.004949755866 17.4462340625067 18.9073955510831 16.0449673499948 28.3117509634942 9.09268249101572 15.1092078360012 10 9.69319214753581 1.22728054840659 0 0 0 0 0 0 0 0 0 0 0 1.01747325445452 15.7670232797257 26 25.4895254514876 24.4453960819994 26 7.58523775388402 0.329991609840494 0 0 0 0 0 0 0 0 0 0 0 0 0 0 0 0 0 0 0 0 0 0 0 0
9 8.31437195786952 3.96359738799958 5 8.00942713746171 14 9.94804135292462 25.6905777979965 25.9453960819994 24.8094222020035 23.6188444040071 25.0142208018583 26 17.4019778963685 24.0221818101421 23.9942122132636 23.906557605292 24.9635973879996 25.9553737365562 25.7138069523245 15 18.3947726681406 25.8643672065552 47.8715190279871 20.568824719859 13.3640261200042 42.7633830219973 20.1389066560173 13.908993469999 8.12740914200145 15 4.40042873200457 4.14561044800166 12.8179869399979 10.6859935641439 15.9884244438854 33.2112294249129 2.68441128390711 0 0 0 0 0 0 0 0 0 0 0.116513691313027 4.61278106535679 17.8511283191757 25.8725908579985 24.9645666900867 24.9645666900867 25.9768488877708 7.61000442607608 1.005824416705 0 0 0 0 0 0 0 0 0 0 0 0 0 0 0 0 0 0 0 0 0 0 0 0
8.97684888777077 8.89079216399875 3 5 13.6723764919963 13.8361882459981 14 20.2184156720025 25.9884244612435 25.0142208018583 25.9635973879996 25.6323593651699 24.9942122132636 23.9942122132636 23.9635973879996 22.6815161486876 19.3305079055843 12.3838253449203 20.2912208960033 11.3143719578695 14 14.4817986939998 15 15.1092078360012 23.1092078360012 22.4857791981417 28.1780325558602 27.5950108512138 13.872956380012 15.0289388989656 15 15 10.3001511560112 8 23.470612042672 28.2315110875761 35.4569601537736 3.83558892675892 0 0 0 0 0 0 0 0 0 0.124025726365087 2.18755901278176 6.76881646426014 42.4006917764568 24.9271947759992 26 23.228183460862 23.591006530001 14.4714194346537 2.5847537192002 0 0 0 0 0 0 0 0 0 0 0 0 0 0 0 0 0 0 0 0 0 0 0 0
7 6 3.96359738799958 5 5 9.5 14 26 26.5096365680058 24.5824417920066 24.7676506898405 24 25.9453960819994 23.39016354717 16.7815843279975 16.0942803925735 9.64553240590288 27.4084185339439 10.1224593357724 11.9189711071977 13.8543895519983 14.1092078360012 14.9817986939998 18.4271947759992 18 21.5 23.1192144000349 15.8668030799412 15.9635973879996 17.2687764427016 26 22 14.7372212175554 21.9271947759992 19.9503458882284 11.48865818484 3.95511859657307 2.41558885046498 0 0 0 0 0 0 0.022837771347458 0.653149759445677 1.57743310849886 3.48793495470416 5.88900649889148 22.1465796997258 14.7730195900031 22.6856280421305 25.856065513013 26 25.9453960819994 25.6723764919963 3.48969180158113 0 0 0 0 0 0 0 0 0 0 0 0 0 0 0 0 0 0 0 0 0 0 0 0
9 6 3.01157555611462 5 5 5.16381175400187 21.199093982891 44.5808533167221 55.0717333939894 55.4175582079934 49.9325338709495 23.4817986939998 22.5515930998804 10.0248270558858 19.4006922359358 15.8621944523103 6.42748235483277 1.23685082750679 4.62256661054186 5.29884539303518 21.413918949315 17.4545362233513 44.1422098564996 25.3011205258195 10.7098509340081 40.1006430980069 38.1589738104749 8.9616828367605 13.9596168838577 14.1448794039747 25.9040436637699 17.2574887504361 20.4457372189134 18.2859303541528 16.942122236785 7.89421324111669 1.52706892892484 0.0192719473292301 0 0 0 0 0.100000001490116 1.66768670041038 4.19766542133854 6.10429315562124 17.6872079233665 5.63544779109137 14.4550326500052 42.6483684250425 22 22.504949806229 20.415618785587 26 21.8832115251037 16.6832119368991 3.38321192389326 0 0 0 0 0 0 0 0 0 0 0 0 0 0 0 0 0 0 0 0 0 0 0 0
5.14561044800166 8.31437195786952 5 5 5 5 5.9282666060106 50.8577901435004 25.6687619771703 24.0364026120004 21.9719229993387 20.7247002016061 11.0604697468358 21.871256084261 24.39228312266 16.7749591131355 14.9884244690669 16.6000387325465 36.0521146635518 31.4598307568186 23.3100268506723 19.0729609150332 24.0098215703593 31.7406212992154 51.7753776546874 31.5911915323545 20.7150398165294 34.7537464539915 35.0085647379944 14.1456104480017 17.8543895519983 15.3223329661532 12 12 37.6121913306305 5.35034264966133 0.154175578633841 0 0 0 0 0 0.695447332725419 4.49903188675052 24.8613266492325 17.1820130600021 6.56135653977752 38.6514039629368 22.0428378213355 16.1408993593119 16.8458248140039 20.7366169780027 24.0284416037167 25.9826366745071 19.1058671117824 4.54513911745722 1.02107060430714 0 0 0 0 0 0 0 0 0 0 0 0 0 0 0 0 0 0 0 0 0 0 0 0
7.12748718410024 8.90404366376993 5 5 5 5.29517667224367 15.5 26 26 25.4857791981417 14.8961074418782 0.737113871959021 9.90933448572299 22.4021587322418 12.161531545611 11.9687809100017 23.3447529839925 9.716349854238 6.58160381149931 23.7997856339977 18.8995911527898 37.9501120213662 15 21.5039805041419 37.0182013060002 31.1863838221864 8.16205778560464 14.8725908579985 18.3543895519983 20.4715579116228 13.9635973879996 12 11.9545357386908 12.2100068176497 5.6739266318464 3.00274479137379 0 0 0 0 0 0.0211135143527069 3.37663743179355 19.2993188316877 40 38.4291337467499 22.0364026120004 22 11.3276235080202 21.9991620194927 25.137176930861 24.5 25.4857791981417 26 14.8446439662272 2.42659533498951 0 0 0 0 0 0 0 0 0 0 0 0 0 0 0 0 0 0 0 0 0 0 0 0 0
15.0429017619698 4.96359738799958 5.08681666218057 12.457887643362 22.2464041093671 38.5865102914167 25.8686350817582 26 25.9453960819994 18.0267660439946 9.99253626962063 12.0035125879351 18.3361882459981 22.5999367900089 27.374656675763 27.0542631320161 15.5259864468679 40.3435449987783 26.6022408154706 4.1099677744098 22.9628663439727 13.1251289336106 15 32.8265516779923 21 21.8372600760096 15.1969405207879 13.9942122306218 13.9635973879996 12.7644548520087 18.4764065821635 9.21154329636708 4.17199138246367 2.27111349626758 0.732334005690103 0 0 0 0 0 0 0.579999983310699 7.51290376549195 40.9301274686526 34.5149756629561 23.0671492104999 22.4817986939998 22.0364026120004 20.568824719859 22.9635973879996 25.0142208018583 24.790382915496 24.5546039180006 26 9.57319046017067 1.39076257125477 0 0 0 0 0 0 0 0 0 0 0 0 0 0 0 0 0 0 0 0 0 0 0 0 0
2.81039168346717 4.64115744368193 2.82461271506503 4.10920783600125 6.94128424759863 7.31798693999792 5.03221274417994 22.7866121589672 22.9189711245558 6.42515336069454 20.5845125359928 11.3514812114393 10.8720697703087 20.7326612098898 20.8297963629747 8 26.0733451843262 54.1798693999792 4.09595633623007 23 25.9004287320046 28.4638604324518 14.9942122306218 15 22 36.398674588744 12.6213335403717 13.9595633275844 45.2517199552751 27.7920361193291 5.9739495273916 1.50466199367719 0.250535311690311 0 0 0 0 0 0 0 0 0.579999983310699 9.77365302452975 30.6389066560173 23.9271947759992 20.1456104480017 23.3831966777285 23.0546039180006 24.5661794567571 24.8001507043555 24.5 30.9288941527921 26 25.8958200123266 6.49319053646461 0 0 0 0 0 0 0 0 0 0 0 0 0 0 0 0 0 0 0 0 0 0 0 0 0 0
