rasters/edaphic/T_GRAVEL.asc
NCOLS 720 
NROWS 300 
XLLCORNER -180 
YLLCORNER -60 
CELLSIZE 0.5 
NODATA_value -9999 
[rows 38 to 75 of 300, columns 0 to 83 of 720]
5.02584615885158 5.1400857151141 3.99020969569497 3.52489024443489 1.89781083358713 0.555631667232475 0 0 0 0 0 0 0 0 0 0 0 0 0 0 0 0 0 0 0 0 0 0 0 0 0 0 0 0.0029122088949403 0.0945610426865621 0.426209871113766 0.749122089927075 0.829122101955214 1.06912208060475 1.53319068442367 2.99785869580388 4 4 4 4 4 4 4 4 4 4 3.95034588605864 3.85438955199838 3.95034588605864 4 2.92077092084567 1.34115641724572 0.989122068576613 1.1069807978663 1.42115640055642 1.61027851681675 1.45610290946547 1.06912208060475 0.749122089927075 0.429122080551147 0.109122087703705 0.0291220900342854 0.0291220900342854 0.0291220900342854 0.0291220900342854 0.0291220900342854 0.0291220900342854 0.0291220900342854 0.0291220900342854 0.0203854622645821 0.00873662668482089 0 0 0 0 0 0 0 0
0 0 0 0 0 0 0 0 0 0 0 0 0 0 0 0 0 0 0 0 0 0 0 0 0 0 0 0 0 0 0 0 0.0029122088949403 0.334561037322144 1.1011563811613 2.92077092084567 4 4 4 4 4 4 4 4 4 4 4 4 4 4 4 4 4 4 4 4 4 4 4 4 4 4 4 4 2.99785869580388 1.76445406673315 1.68736629177495 1.68736629177495 1.68736629177495 1.68736629177495 1.68736629177495 1.68736629177495 1.68736629177495 1.68736629177495 1.45610290946547 1.06912208060475 0.589122078059751 0.269122084127426 0.0291220900342854 0.0291220900342854 0.0291220900342854 0.0203854622645821 0.00873662668482089 0
0.000993082276115033 0 0 0 0 0 0 0 0 0 0 0 0 0 0 0 0 0 0 0 0 0 0 0 0 0 0 0 0 0 0 0.00873662668482089 0.340385455654466 1.33824418017578 4 4 4 4 4 4 4 4 4 4 4 4 4 4 4 4 4 4 4 4 4 4 3.97684888777077 4 4 4 4 4 4 4 4 4 4 4 4 4 4 4 4 4 4 4 4 1.91862961664955 1.68736629177495 1.68736629177495 1.68736629177495 1.45610290946547 0.989122097294053 0.429122080551147
2.39335197561441 1.58449187084053 0.245139236655873 0.0822270286250058 0.0218415664408316 0 0 0 0 0 0 0 0 0 0 0 0 0 0 0 0 0 0 0 0 0 0.0829122071068009 0.414561035534005 0.746209879404811 0.829122101955214 0.829122101955214 1.06912208060475 1.76445406673315 4 4 4 4 4 4 4 4 4 4 4 4 4 4 4 4 4 4 4 4 4 4 4 4 4 4 4 4 4 4 4 4 4 4 4 4 4 4 4 4 4 4 4 4 4 4 4 4 4 4 2.99785869580388
21.5202183362078 2 3.13091668046863 3.54448915502585 1.78452032151595 0.651463294733422 0.0885752655981532 0.0189293578171119 0 0 0 0 0 0 0 0 0 0 0 0 0 0 0 0 0 0 0.239999994635582 2.47999998927116 4 4 4 4 4 4 4 4 4 4 4 4 4 4 4 4 4 4 4 4 4 4 4 4 4 4 4 4 4 4 4 4 4 4 4 4 4 4 4 4 4 4 4 4 4 4 4 4 4 4 4 4 4 4 4 4
20.6177725739956 20.4962292434712 19.1075029476 6.91391894931504 7.47239597549806 4.21534524747324 4.68664603081797 2.27023520055207 0.867211539388344 0.277575761693815 0.043884247292124 0 0 0 0 0 0 0 0 0 0 0 0 0 0 0 0.237087785740642 2.41884360085009 3.91554594041941 4 4 4 4 4 4 4 4 4 4 4 4 4 4 4 4 4 4 4 4 4 4 4 4 4 4 4 4 4 4 4 4 4 4 4 4 4 4 4 4 4 4 4 4 4 4 4 4 4 4 4 4 4 4 4.50963656800582
17.9876888323898 3.36293001344282 0.375601676118772 4.83652949146168 14.158131413588 22 15.4281397511734 8.85627950234676 3.36402612000416 5.29404831208192 1.91610288544663 0.101841565737575 0.0291220900342854 0.0291220900342854 0.0262098805969039 0.0145610444747015 0.0029122088949403 0 0 0 0 0 0 0 0 0 0.0770877893169204 0.385438946584602 0.933790127205305 1.41087790812397 2.89593138176876 3.92137035712441 4 4 3.38717718187035 4 4 4 4 4 4 4 4 4 4 4 4 4 4 4 4 4 4 4 4 4 4 4 4 4 4 4 4 4 4 4 4 4 4 4 4 3.98842444388538 4 4 4 4 4 3.95202183188497 3.92719477599917 3.62078336693434 3.31437195786952 6.34810502239478 18 18
2.11522942187866 2.45495461658547 17.0304297719959 3.62078336693443 15.1801231096537 12.6243983238812 18.9146742698919 18.7989187261038 21.2719477599917 12 2.85527661504546 1.07066391980471 1.45610290946547 1.68736629177495 2.08345238718885 2.46331092608088 1.65764902067524 0.629903532578914 0.00092604441051538 0 0 0 0 0 0 0 0 0 0.00145610444747015 0.0843683115542711 0.398543886883054 1.02689505189934 2.74029972659123 3.91991425186327 4 4 3.97815843193184 3.98842444388538 3.92719477599917 3.92719477599917 3.92719477599917 3.62078336693434 3.31437195786952 3.92719477599917 3.92719477599917 3.92719477599917 3.98842444388538 4 4 4 4 4 4 4 4 3.98842444388538 3.92719477599917 3.92719477599917 3.92719477599917 3.92719477599917 3.92719477599917 3.92719477599917 3.92719477599917 3.92719477599917 3.92719477599917 3.62078336693434 2.65718597893476 2 2 2 2 2 2 2 2 2 2 2 2 2 9.92719477599917 18 18 18
4.28543310926696 9.41944902693681 4.23661697800314 2.49143526200561 0.788443944745301 11.3640261200099 12.4857787386626 0.764454852008726 1.38222742600489 11.9817986939998 3.1124492988871 3.26295089472821 4 4.43180351303529 4.20029240810107 10.2968236624765 12.8458248140039 1.10762112201546 1.06329139924184 0.150920784468099 0.0516488346856915 0.00145610444747015 0 0 0 0.00436831334241045 0.010192731132291 0.134561042063713 0.334561045043945 0.63203429242632 0.805139258408374 0.766595370929274 0.74184159450862 0.988351164420239 1.46543897405634 1.98107064245411 1.99808087344898 2 2 2 2 2 2 2 2 2 2 2 2.65718597893476 3.92719477599917 3.92719477599917 3.92719477599917 3.92719477599917 3.92719477599917 3.92719477599917 2 2 2 2 2 2 2 2 2 2 2 1.98842444388538 2 2 1.97517294302932 2 2 2 2 2 2 2 2 2 2.21841567200249 14 15.9271947759992 18 18
20.7867477258692 20.4768960232715 20.3083503719921 21.2719477599917 11.9817986939998 2.47399389441396 5.79216587117753 14.4109081563763 8.82494888321781 21.1359738799958 21.1532059342719 2.76715375334456 5.42813975117338 21.9884244265273 21.1847900112601 7.52370669795608 4.30942220200353 12.0750560533495 1.03145279869955 1.80211067146829 0.387665977268968 0.0399999991059303 0 0.121456101765261 0.287280516521304 0.533104936126127 0.728051454732734 0.959314808324775 2 2 2 2 1.15203430315516 0.882227033366575 0.959314808324775 1.2676659943099 1.84582439264872 2 2 2 2 2 2 2 2 2 2 2 2 2 2 2 2 2 2 2 2 2 2 2.04051444640116 2.25481828400291 2.04051444640116 2 2.08102889280232 2.25481828400291 2.25481828400291 2.25481828400291 2.25481828400291 2.16792358840261 2 2 1.9635973869147 2 2 2 2 2 2 2 7.9305466633123 14 14 17.2415667338687 18
2.77398907146676 5.1468482393104 3.34896312664541 2.23585703959415 20.3331774278779 20.4473140320691 20.5198113404137 5.60255778438423 17.8888774776214 21.1359738799958 12.0917664684096 11.7444218027701 2.66464974233261 18.8964729638917 9.68447326898015 7.65888627468579 0.072805224000831 20.4615563062642 21.0641508815456 2.30657658737027 0.358543887777123 0.0399999991059303 0 0.159999996423721 1.97087791050816 2 2 2 2 2 2 2 2 2 2 2 2 2 2 2 2 2 2 2 2 2 2 2 2 2 2 2 2.04051444640116 2.25481828400291 2.25481828400291 2.25481828400291 2.25481828400291 2.25481828400291 9 9 8.91310530439971 7.75377067707252 2.25481828400291 2.25481828400291 2.12740914200145 2 2 4.30015092627165 8.74518171599709 8.74518171599709 3.28674376932864 2.25481828400291 2.25481828400291 2.25481828400291 2.25481828400291 2.25481828400291 2.04051444640116 2 2.06945332800864 8.21841567200249 14 14 14 14
1.01823170223469 0.50513515332601 0.65188445727411 2.27100654085024 3.93606009610801 4.35623093137793 4.3923250560125 5.94892010359447 10.5053152778794 18.0890918436237 5.60255778438423 20.9363344500487 11.8616971981937 21 4.09839221829519 12.8303335115845 3.09608115299389 3.12990491896653 3.05603317937646 1.24566108887941 0 0 0 0.155631683081311 0.469807272497593 0.865438950756927 1.70835119194559 2 2.02315111222923 2.02315111222923 2.04797816811503 2.37921663306566 3.98842444388538 3.33123846495062 2.07280522400083 2 2 2 2 2 2 2.37921663306566 4 3.34281402106524 2.30641140906483 2 2 2 2.16792358840261 3.3272582157298 8.83207641159739 8.73360615988247 7.64791472729952 4.34066537267281 2.16792358840261 2.08102889280232 2.04051444640116 2 7.6727417842702 8.74518171599709 8.74518171599709 4.30015092627165 2 8.87259085799855 8.83207641159739 6.44503078972544 3.28674376932864 2.25481828400291 2 2 2 2.04797816811503 2.07280522400083 2.03640261200042 2 8.74518171599709 9 11.3361882459984 14 14 14 14 14 14
0.208047350978073 0.0578158419876903 0 0 0 0 0 0.731475992080682 3.58647267347874 4.65144651698604 11.645106277182 12.5561030774143 10.2997856339977 11.3640261200042 21.4817986939998 12.4970877894777 1.48471085981857 0 0 0 0 0 0 0 0 0.117087788422851 0.512719473590324 1.95677988732334 3.60714836558186 3.92719477599917 2 1.97379012048798 1.97339413408026 2 2.65718597893476 1.96703965686367 1.95922907438595 1.80728053388706 2 2 4 4 3.96359738799958 1.97517294302932 2 1.3428139923478 2 2 8.74518171599709 5.78784469592092 8.74518171599709 8.74518171599709 8.74518171599709 4.30015092627165 2 2 2 2 2 2 2 2 2 2.04051444640116 2.16792358840261 2 2 7.6727417842702 5.37259085799855 2 3.92719477599917 3.92719477599917 3.92719477599917 3.92719477599917 3.97684888777077 2 4.30015092627165 8.83207641159739 13.0519586470754 13.8800545883915 14 14 14 14
0 0 0 0 0 0 0 0 0.0770877893169204 0.454706618019043 1.54901923100503 2.79698484765802 3.99937460052099 13.3268947242778 8.01186267293846 4.30137023748627 0.989079231409525 0.0145610450171427 0.0145610450171427 0.010192731132291 0.00436831334241045 0 0 0 0 0 0.115631683975381 0.40092604761124 0.830733328182263 1.00298975596845 0.781070653018935 0.505438951081753 0.505438951081753 0.693182494253299 0.725294368159814 0.566750447737343 0.475631676199974 0.878543889970496 2 2.96359738799958 4 3.64561042282014 1.98842444388538 2 2 2 2 2 2 2 2 2 2.07524110606595 2.4732339560054 4.31442567305535 6.3060996022372 4.1530498011186 2 2 2 2 5.38416641411316 8.81798693999792 8.81798693999792 8.81798693999792 8.81798693999792 5.40899346999896 2 2 2 2 2 2 2 2 2 2 2 5.37259085799855 8.95948555359884 9 9 13.0519586470754 13.8179869399979
0 0 0 0 0 0 0 0 0 0 0 0 0.404710890324152 0.809421780648304 0.809421780648304 0.119999997317791 0.342612486610052 0.458244184944153 0.573875861740173 0.612419763577994 0.522912204722615 0.362912208298894 0.199999995529652 0.0399999991059303 0 0 0 0 0 0.00145610444747015 0.127280519826362 0.253104934934034 0.214561040275574 0.134561042063713 0.43494649942591 0.650963651057094 0.654561029627146 1.03640264071786 1.81953696497831 2.04797816811503 3.96359738799958 1.69358859093517 2 2 2 2 2 2 2 2.07524110606595 2.4732339560054 8.7366169780027 8.2633830219973 2 2 2 2 2 2.01157555611462 2.07280522400083 2.37921663306566 4 2.01157555611462 3.92719477599917 3.90236771902849 3.90236771902849 3.24156673386881 3.92887071965573 3.91394327405822 3.92719477599917 4 4 2.35438957717986 2 2.04051444640116 2.04051444640116 2 2 2 5.41310530439971 9 9 9 9
0 0 0 0 0 0 0 0 0 0 0 0 0 0 0 0.119999997317791 0.279999993741512 0.400000005960464 0.519999995827675 1.94903634298244 1.97524622357935 1.94321192519256 1.04796569955386 0.0399999991059303 0 0 0 0 0.00046302220525769 0.163308190099053 0.602160006111278 2 1.49892934790194 0.959314808324775 1.57601715157758 2 2 2 3 3.98842444388538 1.97517294302932 2 2 2 2 2 2 2.2366169780027 14.7633830219973 12.5350921148127 2 2 2 2 2 2.01157555611462 2.07280522400083 3.03640261200042 2.70154913973995 1.27529963316114 3.96359738799958 3.62078336693434 3.92719477599917 2 2 2 3.62078336693434 2 2 1.38717718187035 0.729991202935589 3.00796054880469 2.65718597893476 2 5.62740914200145 9 6.69984907372835 2.12740914200145 2 5.5 9 9 9 9
0 0 0 0 0 0 0 0 0 0 0 0 0 0 0 0 0 0 0.115631683975381 0.309807268894512 0.465438944796462 0.426895057317362 0.192719473292301 0.0385438946584602 0 0 0 0.00145610444747015 0.140000001467378 0.535703010495302 1.97517294302932 1.69358859093517 1.96359738799963 2 2 2 2 2 2 1.68201303482056 2 2 2 2 2 2 2 8.5 8.7366169780027 2 2 2 2 2.04797816811503 3.34281402106524 4 2.6856279846956 0.145610448004948 0.145610448003903 4.40042873200457 15 2 2.07280522400083 2.07280522400083 2.01157555611462 2 2 2 2 2 2 2 2.04797816811503 2.07280522400083 2.04797816811503 2 8.74518171599709 8.95948555359884 3.3272582157298 5.62740914200145 9 9 9 9.18201306000208
0 0 0 0 0 0 0 0 0 0 0 0 0 0 0 0 0 0 0 0 0 0 0 0 0 0 0.0414561035534005 0.247280517144153 0.719922451734397 2 1.97517294302932 2 1.03640261200206 1.97517294302932 2 2 2 2 2 2 1.69358859093517 2 2 2.31185808406865 2.2366169780027 2 10.4164328231159 14.5267660439946 14.5267660439946 2 2 2 4 4 4 4 4 6.0856912521216 15 15 15 3.34281402106524 3.31437195786952 2.07280522400412 4 3.34281402106524 2.03640261200042 1.98842444388538 2 2 3.34281402106524 2 2.58967164846554 3.85438955199838 3.95034588605864 3.97684888777077 4 6.40899346999896 8.88005457971242 9 9.09100653000104 9.18201306000208 14 14
0 0 0 0 0 0 0 0 0 0 0 0 0 0 0 0 0 0 0 0 0 0 0 0 0 0 0.0799999982118607 1.15999999642372 2 2 1.98842444388538 2 2 2 2 2 2 2 2 2 2 2 14.5267660439946 14.5267660439946 8.2633830219973 2 2 2 2 2 2 2 1.03640261200042 3.92719477599917 3.97684888777077 1.45998240587446 3.97684888777077 9.70021436600229 15 15 15 15 14.7361200840464 3.97684888777077 3.36402606964111 3.97684888777077 3.85438955199834 2.07280522400083 2.02315111222923 2.01157555611462 2 2.30641135162995 2.61282276069477 0.134034891887045 0.0728052240009552 2.07280522400083 3.92719477599917 3.85438955199834 3.85438955199846 5.6429649473369 8.81798693999792 10.6429651770764 13.7658969374821 13.9710611183925
0 0 0 0 0 0 0 0 0 0 0 0 0 0.0029122088949403 0.0029122088949403 0.00145610444747015 0 0 0 0 0 0 0 0 0 0 0.0785438937643905 0.432719475107243 1.37524622953981 1.98497593260809 2 2 2 2 1.97517294302932 2 2 2 2 2 2 2.07280522400083 2.03640261200042 2 2 2 2 2 2 2 2 2 2.04797816811503 2.07280522400083 3.85438955199834 3.92719477599917 6.0856912521216 14.9319255574945 14.967237645728 14.9490363397278 15 9.70021436600229 3.95034588605864 2.07280516656595 3.38717718187035 1.99999994256516 2.07280522400083 3.45084273182168 2.74929353464694 3.97684888777077 3.36402606964111 4 2.37921663306566 2.07280522400083 2.07280522400083 3.38717718187035 3.38717718187035 3.90404366376994 0.0463022201189381 1.38717717970058 3.87754066205781 3.97684888777077 7.4391355992062 8.5
0 0 0 0 0 0 0 0 0 0 0 0 0 0.0799999982118607 0.114946505764806 0.0399999991059303 0 0 0 0 0 0 0 0 0.121456101765261 0.287280516521304 0.413104946801358 0.413104946801358 0.562912196377965 1.07494652819696 2 2 2 2 1.3428139923478 2 2 2 2 2 3.03640261200042 4 4 3.03640261200042 2 2 2 2 2 2 3 4 4 2.6128227606949 2.07280522400083 11.1925430442529 11.3050349524689 14.8662059867172 15 14.7997856339977 4 4 4 4 3.65965739912599 3.52009632969209 10.1621842404677 15 15 12.7166377519477 2.64419753304699 2.69385165349709 0.0728052218353978 0.0959563340603001 1.4103282919331 3.87754066205781 3.85438955199834 1.92719477599917 0.735282096467201 3.31437195786952 1.31437195786952 1.31437195786964 1.31437195787056 3.92719477599917
0 0 0 0 0 0 0 0 0 0 0 0 0 0.0799999982118607 0.0799999982118607 0.0399999991059303 0 0 0 0 0 0 0 0 0.159999996423721 1.97087791050816 2 2 1.3447537692681 0.595631680425905 1.34406040011162 1.32044236485294 0.379216604349338 2 2 1.98543895606774 2 2 2.03640261200042 3.34281402106524 4 4 3.36402606964111 3.97684888777077 2.98842444388538 2 2 2 2 2 2.97684888777077 3.38717718187035 4 3.38717718187035 4 3.31535629588476 5.08470727972193 14.5995712679954 7.00170029575104 6.85608984774937 3.24156673386869 4 1.41032829192982 3.97014985625027 4.33511810140762 14.7954173203841 9.65974285095725 5.90171294586307 5.53240878009484 5.01956382663211 17.5268205918806 18 0.655247016007479 4.17538477711429 12.8421925157869 8.53523804153672 1.04462626505101 1.92719477599917 3.24156673386869 1.31437195787069 1.3640260696412 0.0231511100594691 1.31437195786952 1.29845074539046
0 0 0 0 0 0 0 0 0 0 0 0 0 0 0 0 0 0 0 0 0 0 0 0 0.155631683081311 0.469807272497593 0.785438966361345 1.40505348979165 0.552719465516894 0.197087786634711 0.180144591929643 0.403201406218876 0.589488830584232 0.682063735557732 0.705438982508204 0.988351163877798 1.98735808261876 2 3.34281402106524 4 4 4 4 3.96359738799958 2 2 2 2 1.95202183188497 1.92719477599917 1.32594751289925 1.39875273798496 3.97087791213548 3.91554594041941 1.31510163079584 1.26130624032605 3.96177881702647 4 2 0.0844540595805922 1.9446680293721 1.28569033813813 1.09855442093817 1.8659795010099 9.05790123997376 3.10248384243804 1.74539615135519 0.578158455773703 0 1.04068522039266 3.5082655571649 4.94826538464583 3.72356822799515 2.26243902711359 2.19397091554449 2.92769400957293 2.28371318147613 1.15982849721688 2.55245834129204 2.58065438657679 10.5396250133779 6.04169361332995 0 1.92719477599917
0 0 0 0 0 0 0 0 0 0 0 0 0 0 0 0 0 0 0 0 0 0 0 0 0 0 0.0385438946584602 0.0770877893169204 0.0770877893169204 0 0 0 0 0 0 0.595631681239566 2.02230458935804 3.34281402106524 4 3.97022313788518 3.96359738799958 3.92719477599917 1.69358856221773 2 2 2 2 2 2 1.98842444388538 2.03640261200042 4 2.52307550009367 1.26252674673757 0.322912201742383 0.562912211279126 3.892248268175 3.89516047761238 1.18543897177937 0.474175571481283 0.234175576845701 0.154175578633841 0 0.578158455773703 0.578158455773703 0.289079227886851 0 0 0 0 0 0 0 0 0 0 0 0.178688491071852 0.329315017702808 1.03621004803726 3.05081941569686 4.36470591181973 17.4608391174785 5.07201990785095
0 0 0 0 0 0 0 0 0 0 0 0 0 0 0 0 0 0 0 0 0 0 0 0 0 0 0 0 0 0 0 0 0 0 0 0.435631676822823 3.88642385038512 2.91110007864738 2.77957164564758 1.62543895275136 1.78968683438707 1.98107064136923 1.65900689139917 1.95631686603345 1.96942180470458 1.80728053388706 2 1.69358859093517 1.93877033102892 2 3.01157555611462 3.97684888777077 3.92335652289713 2.5192290789399 1.17824418483694 1.3236831064412 1.01961452884833 0.619614537789023 0.231263367950761 0 0 0 0 0 0 0 0 0 0 0 0 0 0 0 0 0 0 0 0 0 0 1.04068522039266 2.04528424480679 2.88091595141326
0 0 0 0 0 0 0 0 0 0 0 0 0 0 0 0 0 0 0 0 0 0 0 0 0 0 0 0 0 0 0 0 0 0 0 0.231263367950761 0.462526735901522 0.539614525218443 0.231263367950761 0.154175578633841 0.232719472398231 0.429807266212303 0.468351153691403 0.432719475107243 0.974561053361793 2 1.96359738799958 1.95202183188497 2.07280522400083 3.34281402106524 2.6856279846956 3.93202610873292 1.89747326067489 2.96582439741709 3.97670232884048 3.92428256764667 2.10466802579253 0.0799999982118607 0 0 0 0 0 0 0 0 0 0 0 0 0 0 0 0 0 0 0 0 0 0 0 0 0 0.718303037828375
0 0 0 0 0 0 0 0 0 0 0 0 0 0 0 0 0 0 0 0 0 0 0 0 0 0 0 0 0 0 0 0 0 0 0 0 0 0 0 0 0 0.00145610444747015 0.131648833168773 0.623297679557778 1.65310492653578 2 1.03640261200042 3.03640261200042 3.9131637925785 2.93852520878702 2.12894827655682 2.43018216306838 4 4 4 2.62835115011512 0.545438957367043 0.0770877893169204 0 0 0 0 0 0 0 0 0 0 0 0 0 0 0 0 0 0 0 0 0 0 0 0 0 0
0 0 0 0 0 0 0 0 0 0 0 0 0 0 0 0 0 0 0 0.0029122088949403 0.0058244177898806 0.0058244177898806 0 0 0 0 0 0 0 0 0 0 0 0 0 0 0 0 0 0.00873662668482089 0.100385461018884 0.4691220876501 1.18620987702063 2.07280522400083 4 4 4 2.70029970621844 0.975246252296786 0.548351151903263 2.445053481447 4 4 3.91554594041941 1.65379012655565 0.785438937643905 0.157087787528781 0 0 0 0 0 0 0 0 0 0 0 0 0 0 0 0 0 0 0 0 0 0 0 0 0 0 0
0 0 0 0 0 0 0 0 0 0 0 0 0 0 0 0 0 0 0 0.0799999982118607 0.229893011529612 0.159999996423721 0 0 0 0 0 0 0 0 0 0 0 0 0 0 0.0058244177898806 0.0116488355797612 0.257473248547665 0.823297654363011 1.48416484518893 2.97334583362138 4 4 3.95631686603345 1.89087786813525 1.25379014877019 0.625438955578904 0.0770877893169204 0.157087787528781 1.16077095855742 2.99785869580388 1.94038542097656 0.859614532424605 0.231263367950761 0 0 0 0 0 0 0 0 0 0 0 0 0 0 0 0 0 0 0 0 0 0 0 0 0 0 0 0 0
0 0 0 0 0 0 0 0 0 0 0 0 0 0 0 0 0 0 0 0.0799999982118607 0.159999996423721 0.159999996423721 0 0 0 0 0 0 0 0 0 0 0 0 0.0887366248966815 0.417473244971386 0.903297668560916 1.18115639318944 1.5753320079077 4 4 3.38717718187035 4 2.90175580064352 1.01961452884833 0.311263366162622 0 0.0799999982118607 0.159999996423721 0.239999994635582 0.477087780376224 0.794175593046166 0.554175569693144 0.0799999982118607 0 0 0 0 0 0 0 0 0 0 0 0 0 0 0 0 0 0 0 0 0 0 0 0 0 0 0 0 0 0
0 0 0 0 0 0 0 0 0 0 0 0 0 0 0 0 0 0 0 0 0 0 0 0 0 0 0 0 0 0 0 0.00873662668482089 0.0145610444747015 0.263297666337546 0.897473249686153 2.84368314588747 3.96796570161322 4 3.97087791213548 3.96796570161322 3.93301919487393 2.88015514681353 1.3121894219009 0.625438955578904 0.0770877893169204 0 0 0.0799999982118607 2.01010698310597 0.159999996423721 0 0 0 0 0 0 0 0 0 0 0 0 0 0 0 0 0 0 0 0 0 0 0 0 0 0 0 0 0 0 0 0 0 0
0 0 0 0 0 0 0 0 0 0 0 0 0 0 0 0 0 0 0 0 0 0 0 0 0 0 0 0 0 0.0887366248966815 0.417473244971386 0.974561053361793 1.22483952715599 1.32950752423108 4 3.91554594041941 3.95049244715869 1.89087786813525 3.89516047761238 2.79126338469367 2.4901069872783 0.692419761789854 0.157087787528781 0 0 0 0 0.0770877893169204 0.154175578633841 0.154175578633841 0 0 0 0 0 0 0 0 0 0 0 0 0 0 0 0 0 0 0 0 0 0 0 0 0 0 0 0 0 0 0 0 0 0
0 0 0 0 0 0 0 0 0 0 0 0 0 0 0 0 0 0 0 0 0 0 0 0 0 0.0058244177898806 0.00873662668482089 0.0945610426865621 0.171648832003482 0.482912198166104 2.45824418494415 3.95340465768096 3.89807268596488 2.5817558067112 1.09961454141891 1.17087789858723 0.699614536000884 0.542526734113383 0.542526734113383 0.699614536000884 0.551263360798204 0.237087785740642 0.0799999982118607 0 0 0 0 0 0 0 0 0 0 0 0 0 0 0 0 0 0 0 0 0 0 0 0 0 0 0 0 0 0 0 0 0 0 0 0 0 0 0 0 0
0 0 0 0 0 0 0 0 0 0 0 0 0 0 0 0 0 0 0 0 0 0 0.0029122088949403 0.0116488355797612 0.0145610444747015 0.414561036618887 0.866980788329557 1.09824417063904 2.39708779652308 0.557087778588084 0.865438950214486 1.09379012362903 0.773790102064144 0.385438946584602 0.0770877893169204 0 0 0 0 0 0 0 0 0 0 0 0 0 0 0 0 0 0 0 0 0 0 0 0 0 0 0 0 0 0 0 0 0 0 0 0 0 0 0 0 0 0 0 0 0 0 0 0 0
0 0 0 0 0 0 0 0 0 0 0 0 0 0 0 0 0 0 0 0 0 0.0887366248966815 0.491648824850925 0.941156383652698 0.858244190904617 1.01533194917352 3.95049244715869 3.892248268175 0.714175580475585 0.234175576845701 0 0 0 0 0 0 0 0 0 0 0 0 0 0 0 0 0 0 0 0 0 0 0 0 0 0 0 0 0 0 0 0 0 0 0 0 0 0 0 0 0 0 0 0 0 0 0 0 0 0 0 0 0 0
0 0 0 0 0 0 0 0 0 0 0 0 0 0 0 0 0 0 0.0799999982118607 0.159999996423721 0.159999996423721 0.319999992847443 2.38115638126851 3.89516047761238 2.34175582697678 0.791263384151226 0.859614532424605 0.619614537789023 0.231263367950761 0 0 0 0 0 0 0 0 0 0 0 0 0 0 0 0 0 0 0 0 0 0 0 0 0 0 0 0 0 0 0 0 0 0 0 0 0 0 0 0 0 0 0 0 0 0 0 0 0 0 0 0 0 0 0
0.0029122088949403 0 0 0 0 0.0029122088949403 0.00873662668482089 0.0116488355797612 0.00873662668482089 0.00873662668482089 0.251648830215343 0.325824410637323 0.239999994635582 0.0799999982118607 0.319999992847443 0.319999992847443 0.0799999982118607 0 0.0799999982118607 2.01010698310597 0.159999996423721 0.317087783952502 0.705438953790764 0.779614548571465 0.385438946584602 0.154175578633841 0 0 0 0 0 0 0 0 0 0 0 0 0 0 0 0 0 0 0 0 0 0 0 0 0 0 0 0 0 0 0 0 0 0 0 0 0 0 0 0 0 0 0 0 0 0 0 0 0 0 0 0 0 0 0 0 0 0
0.0799999982118607 0.159999996423721 0.159999996423721 0.319999992847443 0.559999987483025 0.879999995231628 1.01533194917352 0.781156387228977 0.319999992847443 0.306980800846532 0.621156375904094 3.87186280536798 0.239999994635582 0.0799999982118607 2.09301919021277 2.09301919021277 0.0799999982118607 0 0.0770877893169204 0.154175578633841 0.154175578633841 0 0 0 0 0 0 0 0 0 0 0 0 0 0 0 0 0 0 0 0 0 0 0 0 0 0 0 0 0 0 0 0 0 0 0 0 0 0 0 0 0 0 0 0 0 0 0 0 0 0 0 0 0 0 0 0 0 0 0 0 0 0 0
