rasters/edaphic/T_GRAVEL.asc
NCOLS 720 
NROWS 300 
XLLCORNER -180 
YLLCORNER -60 
CELLSIZE 0.5 
NODATA_value -9999 
[rows 76 to 113 of 300, columns 168 to 251 of 720]
1 2.55460391800062 4 4 3.97684888777077 3.95034588605864 4 4 3.38717718187035 4 4 4 4 4 3.38717718187035 4 3.95034588605864 4 1.01736333200216 1 0.994212221942692 0.0182013060002078 0 0 0 0 0 0 0.127409142001454 0.0405144420616297 4.74953575869258 1.57760733094259 0.587280520720432 0.286937930870087 0.00873662668482089 0 0 0.00578777751486727 1.99505019377097 4 4 4 4 3.38717718187035 4 4 4 4 4 4 4 3.38717718187035 4 3.97684888777077 4 3.95034588605864 2.6856279846956 4 4 4 4 3.95034588605864 4 4 4 4 4 4 4 4 4 4 4 4 4 4 4 4 4.04659534231904 4.91807314785127 4.14989353518402 1.22218412798217 0 0
1 4 4 4 2.04965411177488 3.38717718187035 4 4 4 3.97684888777077 3.95034588605864 4 4 2.6856279846956 4 4 3.97684888777077 2.6856279846956 3.01422097416298 1.05460391800062 1 1 0.518201306000208 0.671406996173901 1 1 1 1 6.78158432799751 6.78158432799751 6.96527333165615 6.78158432799751 1.03854391619654 1 1 1 1 1 2.48179869399992 4 4 4 3.38717718187035 4 3.87754066205781 1.95034588606092 2.6856279846956 4 4 4 4 4 4 4 4 4 4 4 4 4 4 4 4 4 4 4 4 4 4 2.6856279846956 4 4 4 4 3.96796570161322 3.90972152154465 2.74364026726516 4.86732332710753 11.280514183407 15 5.92997896708411 1.80000007152557 0 0
2.44539608199938 4 4 4 4 4 3.97684888777077 3.97684888777077 3.97684888777077 4 2.6856279846956 3.95034588605864 4 2.07280522400188 4 4 4 4 4 4 1.05460391800062 1 1 1 1 1 1 1 1 1 4.10920783600125 1.10920783600125 1 1 1 1 1.05460391800062 3.98263666582807 3.95034588605864 3.38717718187035 4 4 3.89079216399875 4 2.07280522400083 4 4 4 4 4 1.45998240587342 4 4 4 4 4 4 4 4 4 4 4 4 4 4 4 4 4 4 3.36402606964111 4 4 4 3.95631686603345 2.6530192213144 1.01053533195589 3.58586736749615 15 15 14.8798713734554 10.0034259394098 0.921841601661177 0 0
1.0372405838287 4 3.89079216399875 3.94539608199938 3.89079216399875 4 2.6856279846956 1.45998240587222 2.61282276069486 4 4 4 4 4 3.24156673386869 3.29122084564028 4 3.95034588605864 4 4 4 3.01422097416298 4 1.10920783600125 1 1 1 1 1.18368900365864 4.05460391800062 5.44539608199938 4 2.5 1 1 1.05460391800062 1.10920783600125 2.55460391800062 3.38717718187035 4 3.43117505040151 1.05460391800062 1.10920783600125 3.01422097416298 2.6856279846956 4 4 4 4 4 4 4 4 4 4 4 4 4 3.96214128273845 3.91554594041941 3.90680931536191 3.05884361851707 3.91700204568054 3.95631686820322 4.01456104827179 4.02912209654358 4 3.94903634406732 3.9189882092835 3.91078164256783 3.91078164256783 3.90972152371441 2.81593139737318 1.17379013619961 0.47635972883054 1.63169174605417 10.2327623932767 15 14.9563168725427 9.50749461271494 5.00531068781741 1.50728052196613 0.0203854622645821 0.00873662668482089
2.20922247137432 1.96757766240193 1.96757766240193 1.0364026120005 1.05955372205988 1.45998240587446 3.33752306792899 4 3.95034588605864 4 4 4 4 4 0.0231511100594691 1.38717718187035 4 4 3.33752306792899 4 4 4 4 4 6.92803274782745 2.13764978432721 1.21841567200249 1.10920783600125 3.89079216399875 7 4.05460391800062 4 4 1.07196725000278 1.05460391800062 2.55460391800062 4 2.6856279846956 3.97684888777077 3.95034588605864 4 3.94539608199938 4 2.6856279846956 4 4 4 4 4 4 4 3.95034588605864 4 4 4 4 4 3.04728048598892 1.40732340816984 1.86008571518697 2.825910178718 2.825910178718 1.87023559506467 5.66531034795334 9.86167007613423 10 5.18201306000208 3.69464681591084 1.97087796848548 0.970877939225596 0.770877921886644 0.693790118211003 0.385438946584602 0.0770877893169204 1.2327623401813 5.28565323104212 15 15 15 15 9.51177708692637 2.55460391800062 1.45610290946547 1.76916495218172
9.67237649199626 0.981798693999792 2.32607726483036e-12 2.07280516656595 4 4 4 4 3.95034588605864 4 4 4 4 4 4 4 4 4 4 4 4 4 4 3.97684888777077 4 3.97684888777077 4 6.94539608199938 7 7 5.55460391800062 4.01736333417193 4 4 4 4 4 4 4 3.5031423004043 1.10920783600125 3.01422097416298 4 4 4 4 4 4 4 4 4 4 4 4 4 3.95267348167402 3.55781266802077 4.17460391842947 5.61456143169447 7.19486101935965 15 15 5.90710714176482 3.27336059457898 3.14175575274538 6.84710903220197 9.76702327972572 9.73790119620073 5.24710903599267 0.200000002980232 0 0 0.00728052250857134 0.329122100870332 3.65460405237271 15 14.8137970721775 14.9131833378194 15 7.61452311388069 4 4 4 4.20021436600229
9.29978563399771 15 15 4.40042873200457 4.20021436600229 2.03229077759967 3.87754066205793 4 4 4 4 4 4.02315111222923 2.6856279846956 3.89079216399888 3.8929763186358 1.97379011831821 1.9737901183215 3.91554594041941 3.97087791213548 4 4 4 4 4 4 4 4 6.89079216399875 6.94539608199938 7 4.64524504085796 3.38717718187035 4 4 4 4 3.97684888777077 4 4 4 4 3.31437195786952 4 4 4 4 3.31437195786952 3.92719477599921 4 4 4 4 3.9952660983829 3.25588853094757 4.14050549340226 4 14.7997856339977 15 15 15 15 13.3280959413161 6.23179864883423 0.592719486432125 0.963597416717024 1.73447530988623 1.73447530988623 0.963597416717024 0.192719480471661 0 0 0.210920786471869 1.86381180168559 9.99635974227158 14.908993469999 10.0711049282498 15 5.75099383039797 4.40042873200457 4.40042873200457 9.70021436600229 6.0856912521216 15
4.20021436600229 14.7269804099969 15.0050278309697 14.9189711071977 8.25481828400291 1.25481828400291 3.48577896840214 3.38717718187035 3.95034588605864 2.07280522400412 3.36981384769842 4 4 1.99205222112692 2.22558351770705 1.46918625447088 0.462526735901522 0.462526735901522 0.853790114634725 2.81884360789544 4 4 4 4 4 4 4 4 4 4 4 4.10920783600125 4.10920783600125 4 4 0.758433208696435 4 2.6856279846956 4 4 4 4 4 4 4 4 4 4 4 4 4 4 4.02002299709504 5.03100778771888 6.0856912521216 11.3854768861193 15 15 14.9363344500487 14.8008386989459 10.0068510235417 11.5882973464851 7.63837436874464 2.8323529750638 0.392719483451893 0 0 0 0 0 0 0 1.29999995231628 5.3583514064139 10.1820130600021 15 15 15 12.7019146617533 15 15 15 15 15
6.94539608199938 5.90972405454684 1.61884440400706 1.40781442029872 1.09839221829518 1 1.25481828400291 1 0.846794295467587 1 1.00003351852597 1.32401634419142 1.27379013078158 1.12059940955718 1.23546020020159 1.1168092933365 0.25163421862634 0 0.0770877893169204 0.785438937643905 2.72428257848272 2.21379012785496 4 4 4 4 4 4 4 4 4 6.89079216399875 9.78158432799751 9.73193021405615 5.83846845438896 4 3.95034588605864 4 4 4 4 4 4 4 4 4 4 4 4 4 4 4.03640261200042 4.8747325835499 14.9363344500487 15 15 15 15 15 15 11.8929748883989 4.18368900365864 3.96439247659721 0.537473249739758 0.0218415680681552 0 0 0.600000023841858 0.600000023841858 0.310920795955007 0.0218415680681552 0.0218415680681552 1.10000002384186 13.3768732269957 14.6596355812677 14.6723764919963 14.6942180557249 14.8580298097268 14.8689506002701 14.8907921639988 15 15 15 12.8781585316388
5.5 12.3155267310199 1.40781442029872 1 1.01736333200216 8.25481828400291 14.4903634319942 1 1 0.865250303168967 0.468592036927022 0.250578190733339 0.176017145617114 0.435631684002214 0.62094380921234 5.06188138366528 0.989970739131301 0.225256747663772 0.0154870892242426 0.182569616580001 0.29241663625011 0.925864168053034 2.97260837956736 4 4 4 4 4 4 4 4 3.92719477599917 3.95034588605864 4 4 4 4 4 4 4 4 4 4 4 4 4 4 4 4 4 4 5.58396710386399 14.9363344500487 4 12.9143087478784 15 15 15 15 15 12.4652733316561 6.89079216399875 3.97380870675386 2.53627436282358 1.55533196954631 0.0254818285087791 0.0174732533696418 0.617473278296382 7.55755861612835 1.55460391800062 2.66209889482718 2.13276237377433 1.07087793380757 1.92719477599917 2.84261234054668 2.89079216399875 3.49079207297085 4.09079198194295 4.69079234605456 6.40920778831753 8.929336271811 14.8252674641338 6.50171285049563 7.28736631127728
5.66381175400187 5.55208999817625 17.5995712679954 4.25481828400291 2.44539608199938 7.74518171599709 1 0.846794295467587 1.45039074137396 1.10920783600125 2.07786764275837 1.54722168100284 1.03640261200054 1 2.5 4.33676318205324 4.57110487081491 1.93807793399282 1.7767023297728 2.61338966639686 4.09522983803556 4.26920344011275 3.43062225379024 4.16053790010847 4.03472666834385 4 4 4 4.1439345043451 4.18368900365864 4.12908508565802 4.01736333417193 4 4 4 4 4 4 4 4.10920783600125 2.79483582069685 4 4 4 4 4 4 4 4.26387991595362 4.40042873200457 9.70021436600229 15 9.29978563399771 4 4 4.20021436600229 15 15 15 14.8179869399979 10 10 4.5815429642357 14.8206006039082 3.71841567200249 1.47023556364141 1.25824416814764 1.57173454318533 1.90640265976459 5.02685367605588 15 9.53083494703921 1.25460390390993 0.0109207840340776 0 0 0 0 0.600000023841858 1.5 2.96723765006753 2.65631691154741 1.46723765006753 2.66723758288149
9.8560654956549 8.47721415486318 7.10030185254331 8.68133074534562 8.81798693999792 4 4 4 4 4 4 4 4 4 10.9850481541147 4 4 6.07280522400083 6 7.92719477599917 11.841869045891 12.9319831134887 2.49421222194269 0.604258029775507 6.89079216399875 7.79539831020903 3.91547890119771 6.74518171599709 8.95335663080407 6.94212221942692 8.33618824599813 1.83087302555357 0.145610448001662 4 4 4 4 4 4 10 6.95034588605864 9.96527333165615 9.8560654956549 4.21841567200249 9.96359738799958 4.45961711359724 4.19468961664631 9.70021436600229 15 15 15 9.29978563399771 4 2.63597387075424 4 4.40042873200457 15 15 12.591006530001 10 10 10 7.02893888160748 4.61670242940512 4.85027846891861 4.08706771264203 4 3.04201541085263 3.93205712605105 11.7339717070775 14.908993469999 15 3.19657398906458 0.300000011920929 0 0 0 0 0 0 0 0 0 0.289079227886851
4 4 4 9.73795175174028 4.36402612000416 4.50963656800582 4.25481828400291 4 4 4 4 4 4 4 4 4 4 3.97855441833956 3.23226190657044 3.01991523503907 3.15791406561641 1.77709699615227 2.07280522400412 1.26541687329059 2.46400702576462 2.49568002230266 8.72115599329189 8.77357575231593 8.89939783724386 4.11048704936233 3.4835051636303 4 4 4 4 4 4 4 4.09100653000104 4.05460391800062 7.0248270558858 5.90501319559662 6.99916202817172 9 7.3570350526631 3.29085548885963 10.2842298286623 13.0508575639294 11.3854768861193 15 14.7997856339977 4 3.95034588605864 4 4 9.29978563399771 15 15 15 13.3570348229236 10.9480413529246 13.3570348229236 9.55473487632231 10.1820130600021 10.1820130600021 10.1820130600021 9.1677173729783 11.3015606208409 7.59899181623973 12.5 11.492855461479 9.9413474598364 2.66723758288149 0.300000011920929 0 0 0 0 0 0 0 0 0 0
4 5.5 4.56882494959849 4.01736333417193 8.86235010080303 13.8543895519983 4 4 4.08102889280232 4.25481828400291 4 4 4 4 4 4 3.92719477599917 3.07922907915433 0.926402817206123 0.57222722123333 1.28766793997668 3.38717718187035 4 4 4 0.70184157413583 1.29704494987286 2.2744753313439 5.79908686784868 5.40214129607393 1.31627398857383 1.513802172028 3.95034588605864 4 4 4 4 4 7.3570350526631 8.90899346999896 8.03640261200042 5.59679430805835 7.87837863171633 8.89246810765532 8.16080096106317 9.25013152005635 9.43633445004867 9.43633445004867 14.9363344500487 12.9143087478784 9.29978563399771 4 4 4.36402612000416 4 4 3.38717718187035 9.5 14.8747750126356 14.7007705283151 10.918261464286 6.15995184541164 6.46068118618303 6.96527333165615 9.78158432799751 9.9305466633123 14.5995712679954 14.5995712679954 7.63272754434215 3.93848114803671 3.09499167482585 1.28775404989948 0.289079227886851 0 0 0 0 0 0 0 0 0 0 0
4 5.55460391800062 7 7 4 6.89079216399875 6.89079216399875 4 17.4903634319942 15.3454835685404 4.25481828400291 4.08102889280232 5.78687532932704 4.25481828400291 2 2.96359738799958 2.1541755499164 1.37379012482112 0.682912215505056 2.56873662961145 2.6856279846956 4 4 4 4 2.54728055000305 0.165824414213602 0.259305457714763 2.39163016079363 4.08602317885548 3.35326640879434 3.32282002037282 2.6856279846956 4.69322329866123 6.40899346999896 3.97684888777077 4.15307416971554 4.18201306000208 4.18201306000208 4.0620676397145 8.1611662533371 4.87560159350237 5.97155793680427 4 4 2 4 4 4 4 4 4 9.66381175400187 23.6177725739956 13.5 3.96359738799958 4 3.96359738799958 9.8567877802429 4.13995719268884 3.71092082954803 4 4 4 4 3.93328734525145 3.91283484539249 3.34397975016292 1.93601405147634 0.684195463558041 0.231263367950761 0 0 0 0 0 0 0 0 0 0 0 0 0
4 7 7 7 4.07196725217255 4 4 4 4 4 10.7451817159971 18 18 18 2.01157555611462 1.97517294411433 1.9844458720965 0.475631676199974 0.924368301585492 4 4 4 14.5822079338235 6.18732833788152 2.18445285717848 1.45052167071097 0.602315110483595 0.526359738604396 3.19670527076685 8.68562804213048 4.18368900365864 6.6714067807931 4 4.0744811676574 3.38717718187035 3.38717718187035 4 4.07029130417645 3.96816057252559 1.38717718187139 4 4 4 4 4 4 4 4 4 4 3.99421222194269 3.86402612000416 13.8822274260044 3.76445485200873 15.9111773755854 2.7381584223951 1.33087792427083 1.35777294691029 1.12942180221319 2.92907921358174 4 4 4 2.98175578395422 1.41087790812397 1.01087790216351 0.539614525218443 0.231263367950761 0 0 0 0 0 0 0 0 0 0 0 0 0 0 0 0
5.5 7 7 7 7 5.55460391800062 4.10920783600125 4.01736333417193 4 4 4 4 17.6641528231948 17.7451817159971 4 3.34281402106524 1.51708777257401 0.235631688472532 1.19417560009151 4 4 4 4.0496541117716 7.8560654956549 2.63686149794271 2.12900706091735 1.64922540141263 1.2282683426128 6.33346758380047 9.83618824599813 4.0744811676574 7 3.97684888777077 2.03607366264464 2.41406024241429 2.32715581210015 2.5282118816836 2.43447530269623 2.77371488157194 4.77870221701288 6.96527333165615 4 4 4 4 4.10920783600125 4 4 4 4 6.9281399809129 23.7498119419146 23.4255667836749 6.47665942096467 2.65413275365571 1.04068522039266 0.0578158419876903 0 0.237087785740642 2.42175581028748 3.95631686603345 3.95631686603345 1.57379008472519 0.625438955578904 0.0770877893169204 0 0 0 0 0 0 0 0 0 0 0 0 0 0 0 0 0 0 0
4 6.94539608199938 7 7 7 7 7 7 4 4 4 4 4 4 4 3.65718597893476 1.22827360915477 0.119999997317791 0.874175563083028 3.96214128273845 4 4 4 2.02315111222923 2.07280522400083 4 2 3.18606301684199 5.44539608199938 4 4 4 3.4551444701863 3.37395751362483 4.01736333417193 4 4 4 6.89079216399875 6.89079216399875 4 9.8560654956549 4.03472666834385 4.10920783600125 4.10920783600125 7.05460391800062 4 3.81039168346717 3.98842444388538 3.86402612000416 23.7451817159971 8.07913739803838 3.71768737032134 1.38758020770457 0 0 0 0 0.0770877893169204 0.465438944796462 1.01379011105845 0.859614532424605 0.311263366162622 0 0 0 0 0 0 0 0 0 0 0 0 0 0 0 0 0 0 0 0 0
4.05460391800062 5.5 7 7 7 5.5 7 7 5.55460391800062 4.01736333417193 4 4 4 4 4 3.03640261200042 1.44337522942797 0.162912205318662 1.29390312528954 3.24695158431686 4 4 4 4 4 4.01820130600021 4.94539608199938 6.94539608199938 5.44539608199938 3.92865087909054 3.92137035712441 3.89661658070375 2.90222704301053 4.60672944327578 9.81631099634136 7.91923422719448 4.21841567200249 3.48145757010432 4 7.10920783600125 10 10 8.02844206319573 10 11.8907921639988 7.81437195786952 3.12154333052442 3 3 24 16.8782014395146 3.3658245193322 0.0058244177898806 0 0 0 0 0 0 0 0 0 0 0 0 0 0 0 0 0 0 0 0 0 0 0 0 0 0 0 0 0 0 0
7 6.01422103159786 7 7 7 5.5 4 5.44539608199938 6.94539608199938 5.5 4 3.98179869399979 4 4 4 3.34281402106524 2.68980729762734 1.38950754418325 3.11006443776547 10.9189711071977 4 4 4 4 4.01820130600021 4.19879045361686 7 6.85948591715765 4.61190572820494 1.79781585511411 1.97310497898787 3.15203430315516 4.21841567200249 10 10 10 10 10 10 10 10 10 10 10 7.18201306000208 6.37259085799855 13.8822274260044 3 3 24 17.8329766249069 4.0291221452994 0.399999991059303 0 0 0 0 0 0 0 0 0 0 0 0 0 0 0 0 0 0 0 0 0 0 0 0 0 0 0 0 0 0 0
6.31437195786952 7 6.94539608199938 6.89079216399875 6.92803274782745 5.44539608199938 4 4 4 4 3.99421222194269 3.5 4 4 4 4 2.6856279846956 3.36394316472634 15.3454835685404 4 4 4 4 4.50578777805731 4.5 3.98737665789591 1.77411669226381 2.99310495991438 2.51606005923896 4 4 7.10920783600125 10 10 10 10 10 10 10 10 10 10 10 7.10920783600125 11.9271947759992 3 23.6177725739956 3 3 24 13.7291645646339 3.95922907221619 0.559999987483025 0 0 0 0 0 0 0 0 0 0 0 0 0 0 0 0 0 0 0 0 0 0 0 0 0 0 0 0 0 0 0
5 7 4 4 4 4 4 4 4 3.5 3.65320570453241 4 4 4 4 4 4.25481828400291 4.50963656800582 13.3996981474567 4 4 4 4.65320570453241 5 4.98179869399979 4.96359738799958 4 4 4 4 4.99371539485188 10 10 10 10 10 9.99421223062175 10 10 10 10 10 10 10 9.74845557423002 3.18578427605218 3.25481828400291 3.48608166631239 4.31229113639011 5.20569596616129 4.37807281773837 2.78680930842377 0.391263364374482 0 0 0 0 0 0 0 0 0 0 0 0 0 0 0 0 0 0 0 0 0 0 0 0 0 0 0 0 0 0 0
4.94539608199938 7 4 4 4 4 4 4 4 3.4875864720571 4 4 3.99421222194269 4 4 4 4 4 13.2006037050866 4 4 4 4 4 4 4 4 4.18368900365864 4.1439345043451 4.21841567200249 8.02844206319573 10 10 10 10 9.99421223062175 9.51820130600021 10 8.46794318441539 10 9.98179869399979 9.34679452520711 10 9.8802892093942 9.77754495940012 9.74458461843356 6.50021395439822 1.88907919429383 0.657815854518067 0 0.0770877893169204 0.154175578633841 0.154175578633841 0 0 0 0 0 0 0 0 0 0 0 0 0 0 0 0 0 0 0 0 0 0 0 0 0 0 0 0 0 0 0
3.51820130600021 6.29122084564028 4.05460391800062 4 4 4 4 4 3.5 3.5 4 3.4875864720571 3.67140701053262 4 4 4 4 4 4 4 4 4 4 4 4 4 4 7 10 10 10 10 10 10 10 9.6714067807931 9.98179869399979 9.83438098858515 7.96794318441539 9.30641094958579 9.51820130600021 8.89246810765532 6.89079216399875 4.09100653000104 3.21558887778413 1.73447530988623 0.963597416717024 0.192719480471661 0 0 0 0 0 0 0 0 0 0 0 0 0 0 0 0 0 0 0 0 0 0 0 0 0 0 0 0 0 0 0 0 0 0 0 0
4 3.98179869399979 3.62740914200145 4 3.51820130600021 3.98179869399979 4 4 4 3.5 3.5 4 4 4 4 4 4 3.99421222194269 4 4 4 4 4 4 4 4 4.03472666834385 7.10920783600125 10 10 10 10 10 10 10 10 9.65320547479289 9.33438098858515 10 9.81798693999792 6.93214458005843 4.09100653000104 4 6.46796570161322 1.29126338469367 0 0 0 0 0 0 0 0 0 0 0 0 0 0 0 0 0 0 0 0 0 0 0 0 0 0 0 0 0 0 0 0 0 0 0 0 0 0 0
4 4 4.50398027440234 5.77435436374069 4.40537848787056 4.96359738799958 3.48179869399979 4 4 4 3.00578777805731 3.98179869399979 4 4 4 4 3.5 4 4.09100653000104 9.5 4 4 6.5 4 4 4.10920783600125 7.10920783600125 10 10 10 10 10 10 10 10 9.98758646337804 9.48179869399979 10 9.89079216399875 5.37729671850495 5.67190383762344 7.09053012589726 6.47700087545248 1.95233403213057 0.603982855574979 0 0 0 0 0 0 0 0 0 0 0 0 0 0 0 0 0 0 0 0 0 0 0 0 0 0 0 0 0 0 0 0 0 0 0 0 0 0 0
4 4 4 4.98577896840214 4 4 4 3.5 3.36499560146779 3.83438076752469 3.4875864720571 3.01820130600021 4 4 4 4 3.5 3.4875864720571 7 9.48179869399979 4.103420066623 7.3570350526631 9 6.59100653000104 4.09100653000104 10 10 10 10 10 10 10 10 10 9.8285932192069 9.51820130600021 9.51820130600021 10 4.10920783600125 6.78197194368719 6.40899346999896 5.82497800733897 2.85092078636475 0.603982855574979 0 0 0 0 0 0 0 0 0 0 0 0 0 0 0 0 0 0 0 0 0 0 0 0 0 0 0 0 0 0 0 0 0 0 0 0 0 0 0 0
4 4 4 4 13.8458248140039 9.70927102136831 22.9247588765759 16.2633830219973 10 4.21841567200249 4.10920783600125 3.5 3.99421222194269 4 4 3.34679429546759 3.17140701053262 4.99371539485188 9.96527333165615 9.5 7.10920783600125 9 9 9 9.01820130600021 10 10 10 10 10 10 9.99421223062175 10 9.5 9.51820130600021 10 10 10.9100653000104 4.08678758842245 6.6219378320598 6.00217278724984 8.89631803409175 1.62270062599457 0 0 0 0 0 0 0 0 0 0 0 0 0 0 0 0 0 0 0 0 0 0 0 0 0 0 0 0 0 0 0 0 0 0 0 0 0 0 0 0 0
6.5 4 4 13.5 22.8900322255902 16.5 10 10 10 10 10 4.1439345043451 3.17140701053262 3.99421222194269 3.84679429546759 3.01820130600021 3.29302837447677 3.03640261200042 7.10920783600125 10 10 9.02398907537846 9.01820130600021 9.02398907537846 10 10 10 10 10 10 9.84679452520711 9.51820130600021 10 10 10 10 14.285174574097 35 21.0943826152137 7.84488372191622 4.68201306000208 3.09390112134733 0.70034261734889 0 0 0 0 0 0 0 0 0 0 0 0 0 0 0 0 0 0 0 0 0 0 0 0 0 0 0 0 0 0 0 0 0 0 0 0 0 0 0 0 0
4 4 4.34582481400395 4.69164962800789 23 16.7366169780027 10 10 10 10 10 7.05460391800062 4.91923422719448 3.32859298946738 3.50578777805731 6.62740914200145 10 8.02844206319573 10 10 10 10 10 10 10 10 10 10 10 10 10 10 10 10 10 10 10 6.98913089193463 13.3448600715621 8.45977130193363 5.83727759498308 1.11344753434793 0 0 0 0 0 0 0 0 0 0 0 0 0 0 0 0 0 0 0 0 0 0 0 0 0 0 0 0 0 0 0 0 0 0 0 0 0 0 0 0 0 0
4 4 16.4712218190145 23 23 14.433084487915 10 10 10 10 9.94539608199938 6.98263666582807 5.02844206319573 3.33438076752469 4 5.57791095882519 10 10 10 10 10 10 10 10 10 10 9.98179869399979 10 10 10 10 10 10 10 10 10 10 35 9 10.0284420631957 3.33648834671071 0.559271950838502 0 0 0 0 0 0 0 0 0 0 0 0 0 0 0 0 0 0 0 0 0 0 0 0 0 0 0 0 0 0 0 0 0 0 0 0 0 0 0 0 0 0
4 13.5 23 23 10.4732339560054 10 10 10 10 8.44539608199938 6.94539608199938 4 5 3.51820130600021 4 15.4423610125108 10 10 9.48179869399979 9 9.51820130600021 16.4247588765759 10 5.18201306000469 6.71406999045645 6.49057320714757 9.51820130600021 10 10 10 10 10.3103382246097 10 10 10 10 10.4550326500052 34.6772482561265 9 10.9737420914413 6.43528912973523 0.839999973773956 0 0 0 0 0 0 0 0 0 0 0 0 0 0 0 0 0 0 0 0 0 0 0 0 0 0 0 0 0 0 0 0 0 0 0 0 0 0 0 0 0 0
4 6.96527333165615 22.5267660439946 9.9305466633123 9.96527333165615 10 10 10 10 7 5.44539608199938 5.5 6.94539608199938 4 4.34582481400395 23 10 10 9 9.5 22.7633830219973 10 10 10 9.6714067807931 10 10 10 10 3.4281399809129 30.2597927758978 13.8301419240918 10 10 10 10.9100653000104 35 17.5434181856309 9.91923422719448 14.6177725739957 8.85826250946705 1.01344751267583 0 0 0 0 0 0 0 0 0 0 0 0 0 0 0 0 0 0 0 0 0 0 0 0 0 0 0 0 0 0 0 0 0 0 0 0 0 0 0 0 0 0
6.51820130600021 4.45503265000519 10.5134659407606 16.7567329703803 10 10 10 10 6.89079216399875 7 4 7 4.34582481400395 4.1099677744098 23 22.7633830219973 10 10 10.3118580840687 16.5 10 5.18201306001029 10 10 10 10 10 10 10 10 10 10 9.89079216399875 6.15097904790178 10.436831344005 35 34.5267660439946 9.03472666834385 9 5.52873660815378 5.7499784215368 0.649079213474526 0 0 0 0 0 0 0 0 0 0 0 0 0 0 0 0 0 0 0 0 0 0 0 0 0 0 0 0 0 0 0 0 0 0 0 0 0 0 0 0 0 0
9.51820130600021 10 10 10 10 10 10.4550326500052 15.0926044489169 4.56882494959849 6.94539608199938 4.05460391800062 5.5 22.2355451479915 22.866881113361 22.7633830219973 6.71406999045645 20.5350916553337 14.9691270565054 22.9247588765759 16.2633830219973 5.18201306001029 10 10 10 10 10 10 10 10 10 10 8.86235010080303 7.6344537611027 35 6.10920783600125 29.0417417069507 7.13764989919697 9.85813487580785 9.83947366646971 2.17747325838166 0.526895080616779 0.346895073464222 0 0 0 0 0 0 0 0 0 0 0 0 0 0 0 0 0 0 0 0 0 0 0 0 0 0 0 0 0 0 0 0 0 0 0 0 0 0 0 0 0 0
9.90815549817068 9.94539608199938 10 10.2002143660023 10.9100653000104 22.7366169780027 34.7121309913098 23 7.29122089600332 5.55460391800062 6 5 13.5 23 16.7366169780027 10 10 10 10 10 10 10 10 10 10 10 10 10 10 9.76665688023023 5.97155793680427 19.591006530001 34.5267660439946 21.5267660439946 9 11.8958199949684 3.94013405159054 2.66835321794748 1.44250448858385 0.562435542498958 0 0 0 0 0 0 0 0 0 0 0 0 0 0 0 0 0 0 0 0 0 0 0 0 0 0 0 0 0 0 0 0 0 0 0 0 0 0 0 0 0 0 0 0
9.28807877280574 9.3285932192069 10 8.04797816811503 22.7087791039967 23 23 23 14.4857789684021 7 6 6 23 23 4 10 10 10 10 10 10 10 10 10 10.075241106066 10.2366169780027 10 9.8560654956549 7.16381175400187 4.83726007600956 19.591006530001 34.6469455645414 34.6990355757362 8.96527333165615 3.79009422351655 2.89207721544538 1.2589722623327 0.0578158419876903 0 0 0 0 0 0 0 0 0 0 0 0 0 0 0 0 0 0 0 0 0 0 0 0 0 0 0 0 0 0 0 0 0 0 0 0 0 0 0 0 0 0 0 0 0 0
9.00578776937825 9.18960808679331 10 10 5.5 13.5 16.2633830219973 8.03640261200042 13.7230001355945 6.98263666582807 6.34281402106524 5.15139820087745 22.3083503719921 23 4.34582481400395 9.84448993954028 9.95369777554153 10 10 10 10 10 10 10.2366169780027 16.575241106066 14.1277741289913 20.0642404860064 35 19.5 34.3473449328971 9 6.04266297992383 8.8560654956549 7.03571733517995 1.4596574142108 0.0578158419876903 0 0 0 0 0 0 0 0 0 0 0 0 0 0 0 0 0 0 0 0 0 0 0 0 0 0 0 0 0 0 0 0 0 0 0 0 0 0 0 0 0 0 0 0 0 0 0 0
