rasters/edaphic/T_OC.asc
NCOLS 720 
NROWS 300 
XLLCORNER -180 
YLLCORNER -60 
CELLSIZE 0.5 
NODATA_value -9999 
[rows 160 to 191 of 300, columns 576 to 647 of 720]
0 0 0 0 0 0 0 0 0 0 0 0 0 0 0 0 0 0 0.0183220579836733 0.109558029311815 0.309873210390207 0.686691648288753 0.236275374238777 0.0766595266393288 0 0 0 0.0164000000804663 0.47383810480997 3.88269794644332 0.929900307988086 0.790995897534651 0.890577285729956 0.511827401057991 0.808347973573721 0.986905787212941 0.500428481077456 0.0369108426718424 0 0 0 0 0 0 0 0 0 0 0 0 0 0 0 0 0 0 0 0 0 0 0 0 0 0 0 0 0 0 0 0 0 0
0 0 0 0 0 0 0 0 0 0 0 0 0 0 0 0 0 0.0169970029202023 0.143194003013664 0.530876424120642 0.894920088171109 0.1734978555704 0.0386719479014347 0 0 0 0 0.0158029972407303 0.276868078772706 0.922083560975309 3.8717639363681 0.536441552427205 0.581966026603165 3.86241138227685 1.0200435599873 0.934321202726734 0.669125819216338 0.0757710926107711 0 0 0 0 0 0 0 0 0 0 0 0 0 0 0 0 0 0 0 0 0 0 0 0 0 0 0 0 0 0 0 0 0 0
0 0 0 0 0 0 0 0 0 0 0 0 0 0 0 0 0 0.0328000001609325 0.47919999808073 0.625464830408388 0.178838034703684 0.0541098096886753 0 0 0 0 0 0.00072077171370265 0.0223049289571125 0.452901864007654 1.04775457209713 1.05944830966606 1.04411969073381 4.00908248083015 1.11698339139151 0.989635983763901 0.700723174381691 0.171887581944781 0 0 0 0 0 0 0 0 0 0 0 0 0 0 0 0 0 0 0 0 0 0 0 0 0 0 0 0 0 0 0 0 0 0
0 0 0 0 0 0 0 0 0 0 0 0 0 0 0 0 0 0.0322029973211965 0.102949889300853 0.102949889300853 0.0192719473292301 0 0 0 0 0 0 0.0815623145078183 0.252215443551496 0.541350332128864 0.997262752945045 4.12821313278841 1.62282377357859 1.74000000953674 1.36017130022258 0.783008580557161 0.994817991881951 0.251332212426201 0 0 0 0 0 0 0 0 0 0 0 0 0 0 0 0 0 0 0 0 0 0 0 0 0 0 0 0 0 0 0 0 0 0
0 0 0 0 0 0 0 0 0 0 0 0 0 0 0 0 0.0199999995529652 0.0814561026593308 0.0814561026593308 0.0207280517767002 0 0 0 0 0 0 0.000706210693637802 0.18166389370753 0.994817991881951 0.973342206574079 0.990000009536743 1.10953960250221 5.15911671229431 1.72325480771278 1.10554577331956 0.986905787212941 0.988129600713816 0.295806029940426 0 0 0 0 0 0 0 0 0 0 0 0 0 0 0 0 0 0 0 0 0 0 0 0 0 0 0 0 0 0 0 0 0 0
0 0 0 0 0 0 0 0 0 0 0 0 0 0 0 0 0.0621841553301007 0.592420977663385 0.605227416372456 0.108270671400741 0.00188565535304495 0 0 0 0 0 0.0201207722859072 0.25137087610563 0.696616663160594 0.389836421241774 0.270662948187457 0.905037675114558 1.06872596007738 0.988004927741019 4.25849985569646 0.980526562396406 0.996474174085402 0.254688650141134 0 0 0 0 0 0 0 0 0 0 0 0 0 0 0 0 0 0 0 0 0 0 0 0 0 0 0 0 0 0 0 0 0 0
0 0 0 0 0 0 0 0 0 0 0 0 0 0 0 0.0221841562241704 0.224368312421538 0.837922932617414 1.0289400749781 0.530680284701939 0.106941762625775 0 0 0 0.0335207719424403 0.0363945983090724 0.0599153703394199 0.233087404147809 0.24096063695557 0.0692385471214721 0 0.301681367586327 0.995403831161423 0.794753891945856 0.990000009536743 1.00363366072728 0.630678629289543 0.156420807637388 0 0 0 0 0 0 0 0 0 0 0 0 0 0 0 0 0 0 0 0 0 0 0 0 0 0 0 0 0 0 0 0 0 0
0 0 0 0 0 0 0 0 0 0 0 0 0 0 0.078474141967914 0.254386352093749 0.74271949292419 1 1.00272025577373 1.78221670455644 0.578868900073823 0.189297566547867 0.00840037769795934 0 0.053320773629992 0.488767024056819 0.185035294583376 0.158933199942112 0.0996603891253471 0.0300301965326071 0 0.176248150557054 0.969295927449948 3.89024612533949 3.88597418165355 0.677158454927506 0.116958456608357 0.0384792287512136 0 0 0 0 0 0 0 0 0 0 0 0 0 0 0 0 0 0 0 0 0 0 0 0 0 0 0 0 0 0 0 0 0 0
0 0 0 0 0 0 0 0 0 0 0 0 0.000728052223735074 0.0414561035534005 1.38584026256847 2.1506965358005 1 0.909999996423721 1 1.77789073057274 2.90493603520156 1.45276730398643 0.338947200441458 0.0495999995619059 0.110805997641987 0.2048924411259 0.173948605553362 0.0592728033661842 0 0 0 0.0566595270863637 0.308179008255399 0.813275345413859 0.932269342763089 0.351605972012485 0.0392719468821952 0 0 0 0 0 0 0 0 0 0 0 0 0 0 0 0 0 0 0 0 0 0 0 0 0 0 0 0 0 0 0 0 0 0 0
0 0 0 0 0 0 0 0 0 0 0 0.0671191363083974 0.766276359479822 1.44831826102884 2.02117994150503 1 1 1 0.996723764789777 0.994489330194008 1.00473369765921 1.31316913961289 0.336933992944435 0.0892000012099743 0.517301483153711 0.0593999996781349 0.0395999997854233 0 0 0 0 0 0 0.0192719473292301 0.0385438946584602 0.0385438946584602 0 0 0 0 0 0 0 0 0 0 0 0 0 0 0 0 0 0 0 0 0 0 0 0 0 0 0 0 0 0 0 0 0 0 0 0
0.0409065563845254 0.0204532781922627 0 0 0 0 0 0 0 0 0.0207280517767002 3.17993026172178 5.51477632054083 15.3238749520639 1 1.01328695372731 1 1 1 1 1 0.494610200608859 0.608936168924869 0.0873944316028963 0.038158456358018 0.019079228179009 0 0 0 0 0 0 0 0 0 0 0.0231306242913194 0.0431306238442845 0.0415653114751074 0 0 0 0 0 0 0 0 0 0 0 0 0 0 0 0 0 0 0 0 0 0 0 0 0 0 0 0 0 0 0 0 0
0.533582477603551 0.040451817214489 0 0 0 0 0 0 0 0.615328054311339 1.33284023183647 3.06131213055698 15.8649997711182 1 1 1.73000001907349 1 0.96587051654809 2.45167831319615 1.05447009396214 0.977503638321597 0.156895072036045 0.0481584561345006 0.038158456358018 0 0 0 0 0 0 0 0 0 0.0164000000804663 0.0339940058404045 0.0339940058404045 0.106597005245524 0.58393150464933 0.0830000005662441 0 0 0 0 0 0 0 0 0 0 0 0 0 0 0 0 0 0 0 0 0 0 0 0 0 0 0 0 0 0 0 0 0
0.233915797269186 0.0411798694382241 0.00145610444747015 0 0 0 0 0.0223730454361325 0.111865225010898 1.46891238563352 16.2216502230066 1 1 1 1 1.37828696326406 1 15.232833148958 21.4760348337464 18.3852386552242 1.29593317399729 0 0 0 0 0 0 0 0 0 0 0 0 0.0164000000804663 0.429068931474141 0.0793310654323776 0.121671948467679 0.124543897579088 0.081543896118774 0 0 0 0 0 0 0 0 0 0 0 0 0 0 0 0 0 0 0 0 0 0 0 0 0 0 0 0 0 0 0 0 0
0.0354175593906732 0.065182033249967 0.0399999991059303 0 0 0.636973048201788 3.18486517923453 5.68782236912708 7.53449457843046 8.66520998158702 15.8649997711182 1 1 1 1.0175120303205 1.2440979474174 1 1.00400428784079 15.3286072914504 17.5968537360932 1.25450488442297 0 0 0 0 0 0 0 0 0 0 0 0 0.0322029973211965 0.0972059912136456 0.0972059912136456 0.0164000000804663 0 0 0.000728052223735074 0.00458672918582436 0.00458672918582436 0.0015653123691771 0 0 0 0 0 0 0 0 0 0 0 0 0 0 0 0 0 0 0 0 0 0 0 0 0 0 0 0 0
0.0199999995529652 0.0399999991059303 0.0405824409934066 0.000582441819671149 0.000291220909835574 1.92769273698378 19.1030192179897 30.7299995422363 15.3238749520639 11.1381244659424 1 1 1 1.12512708127765 1.73000001907349 1.01328695372731 1 1.10545046783549 0.858543880326543 1.87547412892484 0.760405558629135 0 0 0 0 0 0 0 0 0 0 0 0 0.0164000000804663 0.412071928553939 0.0328000001609325 0 0 0.000618938076548719 0.0412378753268329 0.266233518740633 0.28654608450355 0.0860000029206276 0 0 0 0 0 0 0 0 0 0 0 0 0 0 0 0 0 0 0 0 0 0 0 0 0 0 0 0 0
0 0.204094313370825 0.483121267138369 0.523657985133915 0.147650315443526 3.77725281417843 16.0179291514886 29.6477499041278 1 1 1 1 1 1.35171305580943 1.59158592663364 1 1.01328695372731 0.775267164570669 0.649536969769415 0.72631678399688 0.192836785563134 0.000291220909835574 0 0 0 0 0 0 0 0 0 0 0.000728052223735074 0.060695509291128 0.0764985083266982 0.053324199044734 0 0 0.2328933684936 0.36440269224843 0.78355898318954 1.16761885303479 0.0862912235931451 0 0 0 0 0 0 0 0 0 0 0 0 0 0 0 0 0 0 0 0 0 0 0 0 0 0 0 0 0
0 0.386080986582464 5.78033886514709 1.75300740877622 2.40532871544622 9.07120675868159 16.0370703961849 1 1 1 1 1 1 1 1 1.01328695372731 1.71671306534617 1 0.862813198423128 0.617644547685367 0.281836987578647 0.0712633808136958 0.0124620988538618 0.000728052223735074 0.0240027358763427 0.108052022307615 0.130424162610818 0.071462651742424 0.00881671270200845 0.00377859121612232 0 0.00126681091540653 0.166016265837462 0.413347682054452 0.696681833539255 0.0671999976038933 0 0.0685999989509583 0.761707511659885 3.49497872796288 0.903606324832083 0.22592890860308 0.0574346880562559 0 0 0 0 0 0 0 0 0 0 0 0 0 0 0 0 0 0 0 0 0 0 0 0 0 0 0 0 0
0.0228008573404603 1.66145369562778 1.29312463615722 0.507940575001561 1 15.3238749520639 25.0929452066606 1 1.42151060033829 2.08224963810856 1 1 1 1 1 1.35171305580943 1.35171305580943 0.989079216508364 1 0.634633346880525 0.681990925784167 0.354890259624942 0.0605991428675929 0.085234694282284 0.29928744240622 0.776986564473505 1.01030322775865 0.696872166345937 0.57349042786234 0.398925435707363 0.281757402462396 0.316931126165203 0.524778803565863 2.75011545949887 0.449593148625845 0.0664719455157685 0 0.137199997901917 2.03521105945331 1.7207835288246 0.741268024371497 0.271714113030971 0.0176745208474278 0 0 0 0 0 0 0 0 0 0 0 0 0 0 0 0 0 0 0 0 0 0 0 0 0 0 0 0 0
0.0439999997615814 1.28259998559952 0.77532122594166 0.843443832501229 0.69289915272435 1.03194923342975 1.01673610534135 2.68683068379715 15.4855401826393 8.1480584521453 1 1 1 1 1.00057877823968 1 0.996527333816544 0.469164965181142 0.795396089553833 0.659397659383178 0.318740601732383 0.171733536830509 0.10166679265476 0.316570037763754 1.02657390745463 1.34619286833033 1.35171299837455 1.3535331868434 1.35171305580943 1.3535331868434 1.70466746441315 1.0175120303205 1.35653103815464 0.732049151640885 0.269490705109698 0 0 0.137199997901917 1.9088732840435 1.05000001192093 0.896984436498664 0.412518479609588 0.053708780456971 0 0.00469593710753131 0.00626124947670841 0.00469593710753131 0 0 0 0 0 0 0 0 0 0 0 0 0 0 0 0 0 0 0 0 0 0 0 0 0
0.0431991423019118 1.02301756795135 15.3756950950188 16.4350324842437 0.416792364366773 0.710509604116677 0.400000005960464 1.02633831390368 1 1 1 1 1 1 1.04817988088696 1.00057877823968 15.2804208918719 5.16576109591561 0.90989672554499 0.337032462908048 0.0342932552171853 0 0.121259531312845 0.686445414907309 0.771561447799901 0.463198648635995 0.448920762435235 0.56724373761406 0.572152031695786 0.526858658755776 0.543632744822975 0.750849249383863 0.385855230753945 0.170620977549167 0.0192719473292301 0 0 0.177312342888022 0.574468884127256 0.555717352154794 0.520642120336188 0.250428262541981 0.046000000089407 0.0199999995529652 0.269758025580644 0.465080002005075 0.292679009225964 0.0262862314971525 0.0077252111848055 0.0122570477632585 0.00851821138384817 0.00170364219540346 0 0 0 0 0 0 0 0 0 0 0 0 0 0 0 0 0 0 0 0
0 1.63628306682843 1.21284811323199 6.71809386001866 1.28095349959739 1 0.802844206319573 0.421841572943737 1.0175120303205 1.03767670220536 1 1 1 1.80437234400815 1 1.84186295313329 15.3649997711188 1.00240272807202 1.0518201429549 0.311262825336886 0 0 0.19612890321034 0.689219294247243 0.312692035619526 0.0228586258360063 0.110065635937751 0.28204503247971 1.16925028473717 0.271876081581404 0.243779458540283 0.125720346029665 0.0192719473292301 0 0 0 0 0.240286305546761 0.838705609594714 0.755196314995973 0.199473664193161 0.00945610486135233 0 0.0199999995529652 0.625280142746204 1.74574490450954 0.778865816728739 0.286245481811186 0.469540599535251 0.687483316545868 0.54638842171042 0.20667452887093 0.0533935802421956 0.0447764488916518 0.199279977870899 0.226137680047441 0.0971376832526907 0.0015653123691771 0 0 0 0 0 0 0 0 0 0 0 0 0 0
0 1.1273974056508 16.8616707729134 5.66388162701438 1.35292905278484 1.00218415463705 1.27940091344316 1.42940044683677 2.33999991416931 2.29897603954964 1.64561020860661 0.996527333816544 0.988715190735522 0.990000009536743 1 0.728432816792368 0.652179056513848 1.06226981650846 1.08653105722812 0.215670227747327 0 0.0228008573404603 0.283803426286242 1.00182013103397 0.57467311362535 0.271765735693111 0.420627567498491 0.748072403897574 0.932743990262462 1.26581991919585 1.58181466578662 0.248618853766277 0 0 0 0 0 0.171031052021811 0.983676071022237 0.911165065712843 0.273799593751157 0.0480000004172325 0.0214000009000301 0.0620719491292904 0.343417402862229 0.587799429016834 1.22032601267564 1.07657391720579 1.2540199152476 1.5110955873898 1.49601062417939 0.920214181765136 0.355512644898534 0.135241139330841 1.15405428570986 1.6588257991653 0.272439546474679 0.0430000014603138 0.0567880748074388 0.0577054188003036 0.0297700552237556 0 0 0 0 0 0 0 0 0 0 0
0 0.789426978493603 2.3987734939389 5.04886941352793 1.31462591396197 0.753297645529525 2.33999991416931 2.33999991416931 2.30017803823564 1.67464798737911 1.90726334870047 0.889112090322115 2.84999990463257 1.97360816335491 1.35500001907349 1.02205944065672 0.990330516783616 1.02253002490493 0.300754589438933 0.085597427144154 0 0.0668008571020417 0.718800867115622 1.00182013103397 1.73000001907349 0.786920156095004 1.06185209188327 1.72781586009691 1.45989293908057 1.20848379277919 1.68500006198883 0.458619278844245 0.103730623271626 0.188149035705201 0.168730200173937 0.106730623973934 0.0431306238442845 0.079815841868481 0.419214844273932 1.3076899121954 0.240736969953957 0.0477087794734944 0.0438556775176956 0.587340053067208 0.21673406224219 1.46737864158963 2.45672533334725 8.26394836204537 1.79903583315729 2.68177728340608 2.35383291089542 2.33999991416931 0.772585033125395 0.187330191892838 0.366594236713683 0.519379635297149 0.445338313086717 2.5553942927619 7.10754689075124 8.48667686043425 4.27766253231206 0.597438931347526 0.00275203747081152 0 0 0 0 0 0 0 0 0
0 0.109079224791083 0.35190577854933 3.25992702987173 11.0382559413134 1.35871514971553 2.31169571804513 1.51960767141156 0.882098539966914 0.791970112560606 0.801233102637373 3.52499985694885 2.6167817731356 7.764522395432 1.28835117634117 1.47369744134103 1.0605688536188 0.393931470931722 0.0612847938710301 0 0 0.168032957302881 0.812436401306033 1.36500000953674 1.61815983408827 1.22167156482403 1.11182014533909 1.65585837091137 0.644456956776309 0.506869354133775 1.2875443143688 0.342781151157066 0.579999998211861 1.00672777471347 1.03133058853653 0.669331497413326 0.211999997496605 0.0219999998807907 0.27186937377153 0.853010696765079 0.157434682163597 0 0.0710209850360229 0.66333750393124 0.735203481074053 2.5165956756098 6.02485751426941 8.54315676669277 1.63930471186216 1.63930471186216 1.52284812927246 1.7221841258124 3.00241972017797 0.237835551760764 0.0785280504475167 0.783430476321588 1.26716002182475 3.95824881929335 38.3699989318848 37.4797640623472 13.6588636793886 1.21712476637734 0.313338795759583 0.0952472766511455 0.012036410894395 0.00762051678062438 0.0015653123691771 0 0 0 0 0
0.201129772070244 0.0448578191403117 0 2.23420394965363 1.10000002384186 2.09188561715769 5.62098000833832 0.735546067865539 1.40422655881165 1.34233644360385 2.6818521998841 2.23499995470047 2.59357587185843 4.62645640789531 2.53357586947424 1.73000001907349 1.06104651632642 0.298466847546545 0 0 0.0169970029202023 0.294916923641329 1.40113428949067 1.74110281382422 2.31618894393095 0.848223330639817 1.7360214103905 0.858258955981217 0.330950720162037 0.0431383312865401 0.0828693781822734 0.122141321474789 0.177148362426501 0.258493727605571 0.2663780994394 1.1851263339071 0.210543893320355 0 0.0569443226134346 0.0606573889680445 0.0361763417753932 0.0292645423437453 0.0983622713951042 0.275654574422662 0.26188609717054 0.10995803384546 0 2.00348564480535 17.7352163481679 37.4322313425973 28.128501517791 38.3699989318848 2.50394196331661 0.379639113735463 0.100255988793598 0.376762204280682 1.05110001723934 1.46697630027901 2.24025422952693 2.72000002861023 2.33581361778163 1.96534552069462 1.44613670084676 0.91655494203572 0.731874879625843 0.587197857679291 0.295682490355317 0.0985179443285633 0.00308694147474422 0 0 0
1.29280470902372 0.125799998641014 0 0.744197428586509 16.2930981668496 15.6334038306937 1.51934739389573 0.631322140025795 1.47342003255667 2.32002134410454 3.29748276692272 21.1646576992498 1.29861181027355 11.3940111932313 11.1496156850301 2.02921218856409 1.53228030517862 0.325375850304195 0 0 0.0501049109756628 0.561959295020166 1.37610280428748 4.26440512637685 1.09543644550355 0.988500183524596 1.52911133217813 1.52231282760304 0.56811292600893 0.107953318019418 0 0 0 0 0.0414346890911367 0.172500419676068 0.291462272306595 0.209875216544381 0.226467624437825 0.338186322478064 0.459929706969332 0.460673826457863 0.750288722105958 0.54001322122879 0.365729561944641 0.143546899690098 0.000728052223735074 0.689826944812587 1.20312377733447 19.1166368254948 13.3646034926338 19.4066970991412 1.24730198761054 1.01083913966155 1.27139431217899 4.20188680903952 2.06932965921974 2.53691646975282 2.7280471872261 1.96198724768466 3.96475512839945 3.26827572061654 2.68185738461162 2.22975117708454 1.71017132406444 1.68344680351494 1.63358495541523 0.653274117689383 0.386886053170352 0.181741890207914 0.0421022714302789 0.00329204323477717
0.491516386444293 0.124278369467642 0 0.592226957329523 1.89027829633951 2.64929749073673 2.21754459695589 16.3188266637956 10.8356189341049 1.61204291326495 2.02979360035219 15.996477388448 11.8669833543717 15.8597677757856 1.0259510578428 1.51243034917732 2.22861803284832 0.329118349553594 0 0 0.0734614479865263 0.568431138742244 0.997701319754653 1.22099573600107 1.04942123368125 0.811328128339413 1.73000001907349 1.64670228592513 1.00277024516632 0.193914786795273 0.00313062473835421 0.0015653123691771 0 0 0 0.17927623540163 1.43920495812202 1.43486022334201 0.458562779559607 1.5453319168204 0.990067115284279 0.791567484227683 0.980711276793524 1.41790436231242 1.3021332024234 0.336349365499691 0.0521306234568543 0.0980659552975204 1.24813802680554 2.71022978381606 9.43503841379976 3.33193852899531 1.75961451075251 1.75952438083765 2.07098873734593 10.831682748279 2.52542880453062 1.78103922283857 2.78229681866505 20.1404386142292 1.45000004768372 31.3678410886379 25.4612036690572 3.3688765675558 2.02445703529084 2.09779750871933 1.63127990996706 1.4598287522295 1.67863445162815 1.23655390627161 0.559295057475344 1.84795125286953
0.0140685221964804 0 0 0 0 0 0.609626982701662 2.05751971510141 2.1709710633409 0.590466190571525 0.798169375874016 2.16794410309246 6.50132764323508 6.90368723666315 5.44080897081199 15.9952025847846 0.743440039595754 0.223143678049466 0 0 0.0406614514152738 0.175138739678837 0.510558862319708 0.95173632171324 0.944185469840895 0.552761245869269 1.23126574275183 1 1.00364026206795 0.50737454751036 0.236323382230079 0.0634950765091456 0 0 0 0.176109208180919 0.677139252277178 0.97484092345641 0.411702349319188 1.24570450423977 1.26737902062955 0.283175579425102 0.223192708450163 0.334511448906277 0.397780934720308 0.845532866095795 0.172567498906209 0.0860000029206276 0.26668028664295 1.26899201168546 20.6051338217539 3.08628042146181 1.22000002861023 1.72018339796433 2.72000002861023 2.51336977282519 2.32616704099202 1.93961457317018 2.57589769001328 2.68902740913772 2.71154987108433 2.6934261211556 1.45928271357024 1.45000004768372 1.56393286672141 1.72000002861023 1.48272708608679 1.26109966846773 1.41899358015975 1.32860222137781 1.32698846317918 1.60888353902759
0 0 0 0 0 0 0 0 0 0 0 0 1.88209111566683 2.358631987669 2.92519999209923 1.67289703555787 0.670770872631994 0.0392719468821952 0 0 0 0 0.308712198140645 1.08285931086767 0.679118983863503 0.290769213364459 0.45202322490808 1.00800857568158 1.2010584466097 1.22364029067818 0.706463808031313 0.101000003516674 0 0 0 0.0192719473292301 0.0963597366461504 0.115631683975381 0.099250531078827 0.165738756364547 0.165738756364547 0.0414346890911367 0 0 0.0558886468957993 0.0988886447664331 0.113944322778847 0.0860000029206276 0.0536110277177445 1.05737107440926 1.82034749318844 1.77503033902624 1.1845342635995 20.4040208130314 19.7881123317514 3.17357891582605 2.9515018959817 2.60942261575181 2.69331816667987 2.28625727102631 2.07459144689046 1.95924158602728 2.45203767518452 2.30578157601524 1.48239837184334 1.60320134414718 2.08500003814697 1.35845826825501 1.26691648882631 1.26691648882631 1.06806049109516 1.25999999046326
0 0 0 0 0 0 0 0 0 0 0 0 0 0 0 0 0 0 0 0 0 0.0186552462129402 0.353089044078781 1.07448795936119 0.853986241719259 0.17502184475226 0.220145616066398 1.03285968907308 0.887708362625449 1.67345547926612 0.833802888330155 0.0752719454680848 0 0 0 0 0 0 0 0 0 0 0 0 0 0 0 0 0 0.0881113540846777 0.0881113540846777 0.0440556770423388 0.742595285652478 3.00427782259482 5.45704644331333 6.20480905618442 9.10518919527207 37.3804373567478 38.3699989318848 26.1660555098319 2.58199298919241 3.07159650903788 1.93456160399029 3.19054768366819 2.05690578114527 2.33071736749208 1.70408997631347 2.70176832420577 2.7201157812205 2.10817357272521 1.49623136422992 1.47311570595682
0 0 0 0 0 0 0 0 0.0696000009775162 0.0696000009775162 0.0348000004887581 0 0 0 0 0 0 0 0 0 0 0.0359999984502792 0.580724255789911 1.12783526029902 0.908146988511813 0.206823132362804 0.0867734338592585 0.656415283641612 1.33661947037659 1.67197026444101 0.57203113170336 0.0415117750385939 0 0 0 0 0 0 0 0 0 0 0 0 0 0 0 0 0.0869999974966049 0.259999990463257 1.16325913613234 0.195518599368909 1.86257726380955 1.79013445570455 0.83833537456256 0 2.21839398274237 7.4784527053631 13.0456889271181 28.2497803976675 38.3699989318848 37.6945484854846 20.4904499075742 31.3330888497099 1.23000001907349 1.82559926538328 1.44872673642432 1.4529518130175 1.61758244933813 2.32079229084884 2.70197000852749 2.72671405471788
0.0714008687740478 0.0023297671430743 0 0 0.00419168635455806 0.00584975087830306 0.00458294009850683 0 0.0696000009775162 0.874396543558594 0.0348000004887581 0 0 0 0 0 0 0 0 0 0 0.0353447514624787 0.211137850484528 0.480486869198498 0.521678417084811 0.30783896802048 0.0235117758134543 0.0884582407180453 0.322274083135857 0.333451801028041 0.166147743063357 0.0173447522373391 0 0 0 0 0 0 0 0 0 0 0 0 0 0 0 0 0.0869999974966049 1.40355031285311 0.227869374009948 0.913671276735628 2.25830755181831 21.9110113685176 2.11590596001403 0 0 0 0.739464660914124 9.83652328540239 37.9518858359939 19.6002150380367 38.3699989318848 1.24094987458906 1.24445396610911 1.23054605773275 1.23071969098768 1.23000001907349 1.44599575984293 1.87893718759008 2.35901503388323 2.06499999761581
