rasters/edaphic/T_PH_H2O.asc
NCOLS 720 
NROWS 300 
XLLCORNER -180 
YLLCORNER -60 
CELLSIZE 0.5 
NODATA_value -9999 
[rows 132 to 164 of 300, columns 444 to 517 of 720]
8.03285918407698 8 7.90807662322846 7.98411380695853 7.7591006530001 7.5091006530001 7.5091006530001 8.05364021872376 8.11905786995964 8.08543933319794 6.98712561710516 7.25000023841858 8.00364050482606 6.95860806259222 8.06905815606194 8.00364050482606 8.03428155383673 7.28094246382637 7.25000023841858 8.07889737962727 7.25868190116501 7.90000009536743 6.68441245529691 6.36337338260634 7.90456464244548 2.10599994659424 3.47492511865754 8.10000038146973 7.60910056631173 7.59999990463257 7.79271942818039 5.90406862581264 3.21370466521823 1.94573033482346 0.635665980666432 0.00553319684614245 0 0 0 0 0 0 0 0 0 0 0 0 0 0.318102777792249 1.59051388896124 3.5089250277868 8.01495045892175 8.09347921001856 8.12898865582746 7.90785917017326 8.13467968573185 8.13345131692253 8.19635956889484 6.59999990463257 6.59999990463257 6.59999990463257 6.40595546605458 6.40728061950333 7.32997870818673 7.90000009536743 7.90000009536743 7.90000009536743 7.90000009536743 7.90000009536743 7.65688238356171 7.88543904709564 7.89006927301311 7.90000009536743
8 8 7.7591006530001 7.9671405861835 7.94271952354782 7.74817987113579 7.75182013754327 8.08907913144731 8.14942132363704 7.69479127977538 6.40000009536743 8.10000038146973 8.06207856990458 6.66044981604649 6.43094232077522 7.28094246382637 8.10000038146973 8.09636011506225 8.09271984865477 8.09636011506225 7.96571869326091 7.90000009536743 7.90000009536743 6.50979112192187 3.20940134187658 3.25997008971287 8.10000038146973 8.10000038146973 8.10000038146973 7.60910056631173 7.59999990463257 7.59999990463257 7.59999990463257 7.59999990463257 2.23914374279609 0.332394027628558 0.00589722316142543 0 0 0 0 0 0 0 0 0 0 0 0 0 0 0.628308328369957 2.50278840522014 7.8562204243161 7.45824422201921 7.36116161769403 7.45449673499948 8.09357603982354 8.04539644611098 7.33137984679727 6.59999990463257 6.59999990463257 6.79520236350849 5.74004292609161 6.08876198270245 7.87997866050302 7.90000009536743 7.90000009536743 7.90000009536743 7.90000009536743 7.88543904709564 7.09999990463257 7.21164378696905 7.8599572256386
8.00182013754327 8.01350028077137 8.01838189563361 8.00124134845476 7.75 7.75 7.80000019073486 8.05364021872376 7.28276258401152 7.11287453462505 6.43094232077522 8.09016114922534 7.25000023841858 6.40000009536743 7.25868190116501 8.00000023841858 7.96571869326091 7.90000009536743 7.90000009536743 7.9963599720111 7.90000009536743 7.90000009536743 7.90000009536743 7.90000009536743 7.90000009536743 7.9963599720111 8.09636011506225 8.10000038146973 8.10000038146973 8.10000038146973 7.61820122799089 7.61820122799089 7.60289379800075 7.57149798761 5.72071891372123 1.97997390102266 0.329188437183801 0 0 0 0 0 0 0 0 0 0 0 0 0 0 0 0.627059118693084 2.26162407313408 4.32656713507043 6.88746843261988 6.94055806514141 6.73428159284139 6.80405162756383 6.80000019073486 6.60926035646751 6.60810279564861 6.59999990463257 6.75995731232697 5.67269027753028 6.95000004768372 7.88543904709564 7.87087799882385 7.87087799882385 7.37197495788563 7.59708283406469 6.94627599364038 6.8266395730108 6.83541283454623
8.03907940019149 8.05124153918962 8.08725945338309 8.05000019073486 7.99710611531088 7.67339726260355 8.04493756324669 7.33094217772407 8.10000038146973 8.09016114922534 7.25000023841858 6.42730205436774 7.15000009536743 6.69759099861213 8.00000023841858 8.00364050482606 7.90000009536743 7.90000009536743 7.90000009536743 7.90000009536743 7.90000009536743 7.90000009536743 7.90000009536743 7.90000009536743 7.90000009536743 7.93428141078558 7.9963599720111 8.10000038146973 8.10000038146973 8.10000038146973 8.10000038146973 8.10000038146973 8.04016757341795 4.80961666271937 7.69480419512686 5.14804763352734 0.483364015817642 0 0 0 0 0 0 0 0 0 0 0 0 0 0 0 0 0.849289119243622 7.52006027514123 6.70364031409119 6.80868965595536 6.80000019073486 7.15000009536743 6.80000019073486 7.97430918680154 7.99817987113579 6.64732330717636 6.48842932437689 6.23255562770859 7.07802508979808 7.90000009536743 7.63712570379353 7.25168665669789 6.8400430604637 6.81092096392012 7.09999990463257 7.59635964690415 7.51456104827179
7.56714072055559 7.9908993469999 8.08343814654223 7.59999990463257 7.60780956981302 7.51820130600021 7.96634459113743 8.10000038146973 7.09649335748905 6.43094232077522 7.21905801301079 7.17845960650758 7.54139218450542 8.10000038146973 7.90479791391475 7.9963599720111 7.90000009536743 7.90000009536743 7.90000009536743 7.90000009536743 7.90000009536743 7.90000009536743 7.90000009536743 7.90000009536743 7.90000009536743 7.90000009536743 8.00115779055842 8.09636011506225 8.10000038146973 8.10000038146973 8.10000038146973 8.10000038146973 8.10000038146973 3.35752862734978 5.25548768583686 2.1994444651578 0.315489943569339 0 0 0 0 0 0 0 0 0 0 0 0 0 0 0 0 0.832788211233675 2.47782314976018 6.76132416431482 6.82730214973517 6.80868965595536 6.80000019073486 6.80000019073486 7.04601584537796 7.95000004768372 7.5 7.12912200117615 7.12912200117615 7.09999990463257 7.87087799882385 7.87087799882385 7.87087799882385 7.50463022591747 7.09999990463257 7.09999990463257 7.88543904709564 7.60546029990425
7.59999990463257 7.75182012886421 8.07814535257945 7.83907935250778 7.71429656191973 7.78285918407698 8.10000038146973 7.6836191089663 6.40000009536743 7.28094246382637 6.42730205436774 8.00000023841858 8.09884282065083 8.09636011506225 7.9963599720111 7.90000009536743 7.90000009536743 7.90000009536743 7.90000009536743 7.90000009536743 7.90000009536743 7.90000009536743 7.90000009536743 7.90000009536743 7.90000009536743 7.90115764750727 8.10000038146973 8.03428155383673 8.10000038146973 8.10000038146973 8.10000038146973 8.10000038146973 8.10000038146973 3.07192729687158 0.801417545369128 0.628351150115124 0 0 0 0 0 0 0 0 0 0 0 0 0 0 0 0 0 0 0.559147734992793 2.38134472224508 8.20654143166102 7.50463022591747 6.8400430604637 7.2114178771421 3.75883712015422 7.8779658278917 7.62844403236804 7.57524125297795 6.63849020004272 7.90000009536743 7.63712570379353 7.36962108630216 7.77743543984569 7.12912200117615 7.25168665669789 7.90000009536743 7.80435265587349 7.75
7.5328594138165 7.79999995231628 7.84818000550788 7.88446221531854 8.04942140164636 8.04760127278215 8.09884282065083 7.28094246382637 6.41967854249809 6.99574924515786 7.93792167719306 7.96492245979626 8.06935910271953 7.90000009536743 7.90000009536743 7.90000009536743 7.90000009536743 7.86549042085742 7.90000009536743 7.90000009536743 7.90000009536743 7.90000009536743 7.90000009536743 7.90000009536743 7.90000009536743 8.06935910271953 8.00364050482606 8.10000038146973 8.10000038146973 8.10000038146973 8.10000038146973 8.10000038146973 8.02932437840025 5.15816076138305 0.617999985814095 0 0 0 0 0 0 0 0 0 0 0 0 0 0 0 0 0 0 0 0 0.645871489000129 2.36362306896359 8.08537677716109 5.69683933094385 1.93413064445431 1.67583583169198 5.65386939162892 7.08477632480197 6.39999985694885 7.16862038294225 7.4071104962966 7.88543904709564 7.60800360724995 7.88543904709564 7.88543904709564 7.90000009536743 7.90000009536743 7.80142208365746 7.80142208365746
7.5091006530001 7.9908993469999 7.98179869399979 8.08103923726857 6.95678558772508 7.25000023841858 8.10000038146973 8.09271984865477 7.96571869326091 7.90000009536743 7.90000009536743 7.93382028695509 7.8315631806407 7.90000009536743 7.90000009536743 7.90000009536743 6.21647090971275 6.13324188312004 7.90000009536743 7.90000009536743 7.90000009536743 7.90000009536743 7.90000009536743 7.90000009536743 8.00364050482606 8.10000038146973 8.10000038146973 8.10000038146973 8.03428155383673 8.10000038146973 8.10000038146973 8.02916089490643 3.48159652575878 4.45415355104227 0.612102762652669 0 0 0 0 0 0 0 0 0 0 0 0 0 0 0 0 0 0 0 0 0 0.479871480959501 0.959742990636443 0.799785815957889 0.159957160319834 1.02587795558 5.21936241867141 6.19999980926514 7.08094217772407 7.51456104827179 7.39199639275005 7.11456095290436 7.87087799882385 7.90000009536743 7.90000009536743 7.90000009536743 7.87269813636712 7.17730205436774 7.35000014305115
7.5 7.837693872207 7.66611673846766 7.75 6.97815843627137 8.03841687731174 8.10000038146973 7.90364036177491 7.79086505931332 7.73320332655664 7.72803415277113 3.62378153500724 3.143884334734 3.73848376476158 7.81372590475287 7.80811990090785 2.18928483947572 1.71513919418593 3.6111391026332 6.6305397611309 7.90000009536743 7.93792167719306 7.74662194387929 7.75310519313575 8.10000038146973 8.10000038146973 8.10000038146973 8.10000038146973 8.10000038146973 8.10000038146973 8.10000038146973 5.82610291538377 1.41513912483012 0.292933596532553 0.146466798266277 0 0 0 0 0 0 0 0 0 0 0 0 0 0 0 0 0 0 0 0 0 0 0 0 0 0.964140874428864 6.67040712694646 6.39734955873043 6.39635959922043 7.63420779327325 7.90000009536743 7.90000009536743 7.90000009536743 7.90000009536743 6.94749338269936 7.84539617736681 6.93881171127387 6.42730205436774 7.25413533215407
7.50057878040945 7.5 7.54999995231628 7.55182008118049 7.59305457443542 7.25000023841858 8.10000038146973 7.90000009536743 4.17173920214082 1.86270699895597 2.04953310884976 5.28244148019627 4.423952945589 0.794436830905968 1.90101930879465 2.72281375750169 1.90221855284496 1.33099364170016 3.12877257038785 7.90364036177491 8.00364050482606 8.10000038146973 8.10000038146973 8.10000038146973 8.10000038146973 8.10000038146973 8.10000038146973 8.10000038146973 8.10000038146973 8.10000038146973 8.10000038146973 5.33420574822671 0.642102778745923 0 0 0 0 0 0 0 0 0 0 0 0 0 0 0 0 0 0 0 0 0 0 0 0 0 0 0 0.93116701737844 4.7252821892659 6.59768479167383 6.36492254648463 7.12269813636712 7.49594075201791 7.87087799882385 7.76817498801075 7.89536986944996 7.90000009536743 7.88543904709564 6.42961716732648 6.47584347140009 6.41456114363922
7.54809602713715 7.5 7.55289383700541 7.60496531580973 7.54529915682696 7.25000023841858 8.09271984865477 7.9963599720111 5.91057833550474 1.99506856082629 1.88713293525378 4.90995294484974 1.59641111212267 1.25194447307566 2.53614997313263 5.91456126931444 6.37516086396927 6.21642946450007 7.93727627195675 8.10000038146973 8.10000038146973 8.10000038146973 8.10000038146973 8.10000038146973 8.10000038146973 8.10000038146973 8.10000038146973 8.10000038146973 8.10000038146973 6.22954172427062 3.0249249431722 1.59051388896124 0.318102777792249 0 0 0 0 0 0 0 0 0 0 0 0 0 0 0 0 0 0 0 0 0 0 0 0 0 0 0 0.666227126973532 4.42101081994173 6.23064108801533 7.12269813636712 6.42730205436774 7.90000009536743 7.51456104827179 7.88543904709564 7.90000009536743 7.24175583434357 7.49536977408253 7.90000009536743 6.79271966659897 6.79271966659897
7.60728042876846 7.50364025772842 7.56714072055559 7.59999990463257 7.59817977576836 7.15364036177491 8.09636011506225 7.90612306736349 7.90000009536743 5.34071003182069 5.13019304280912 1.63055676302961 1.00738334182958 4.81842840516336 6.02319509294762 8.10000038146973 8.09884282065083 7.90000009536743 7.9963599720111 7.9963599720111 8.09271984865477 7.96571869326091 8.09636011506225 8.10000038146973 8.10000038146973 8.10000038146973 8.10000038146973 8.10000038146973 8.10000038146973 2.23851383343371 0.156102777315412 0 0 0 0 0 0 0 0 0 0 0 0 0 0 0 0 0 0 0 0 0 0 0 0 0 0 0 0 0 0.389486070529279 3.99298056584054 6.15267642407947 6.34539617736681 7.40165010102492 7.90000009536743 7.90000009536743 7.51456104827179 7.90000009536743 7.90000009536743 7.51456104827179 7.24300498527239 6.40000009536743 6.97815843627137
7.9394525582278 7.6023150175913 7.59999990463257 7.59999990463257 7.56407924323662 7.76624778662175 8.09636011506225 8.02931612530145 7.96935895966838 7.90364036177491 3.44690120128704 2.54307502015934 6.0155575192127 6.32005416424748 8.09636011506225 7.9963599720111 7.90000009536743 8.00000023841858 7.90115764750727 7.90364036177491 7.90364036177491 7.90000009536743 7.90000009536743 8.06207856990458 8.10000038146973 8.10000038146973 8.02923369485356 3.99102760583227 2.22671944454574 0.954308333376747 0 0 0 0 0 0 0 0 0 0 0 0 0 0 0 0 0 0 0 0 0 0 0 0 0 0 0 0 0 0 0.119486074159163 1.5815534281695 4.90000009536743 4.90000009536743 6.81564311525532 7.7408993469999 7.90000009536743 7.87997866050302 7.89536986944996 7.5 7.87087799882385 6.44004296509627 6.40000009536743 6.40000009536743
5.97707045366524 7.68233013839986 7.59999990463257 7.59999990463257 7.52815838858766 7.69271952354782 8.02415676701849 8.09271984865477 8.09271984865477 8.09751766720209 5.79236592007122 6.59678828158834 7.28094246382637 7.54139218450542 8.00248294400716 7.96571869326091 7.90231519964711 8.00364050482606 8.10000038146973 8.10000038146973 8.10000038146973 7.96856272620374 8.10000038146973 8.10000038146973 8.0349853072719 8.10000038146973 5.22805572481176 0.792308332899909 0 0 0 0 0 0 0 0 0 0 0 0 0 0 0 0 0 0 0 0 0 0 0 0 0 0 0 0 0 0 0 0 0 0.924056808287279 3.68551492730613 4.89817996650322 7.15000009536743 7.25168665669789 7.90000009536743 7.53854769208356 7.33634525797443 7.8599572256386 7.90000009536743 7.88543904709564 6.40000009536743 6.40000009536743
5.75303602631984 7.96744965058739 7.79271942818039 7.03094222540779 7.46478921736946 7.51439345564195 7.61171693731965 7.93792167719306 7.56287458230877 8.10000038146973 8.10000038146973 7.83955043105115 7.54139218450542 8.09271984865477 7.90364036177491 7.99635974227158 8.09520255424335 8.09271984865477 7.93312384996669 8.09636011506225 8.09760145483795 8.02326366957524 7.92308366926885 5.70226122248454 3.01902772001077 2.21492499822289 1.26651388800757 0.156102777315412 0 0 0 0 0 0 0 0 0 0 0 0 0 0 0 0 0 0 0 0 0 0 0 0 0 0 0 0 0 0 0 0 0 0.591169178988564 4.34958482164369 4.85000014305115 5.31341964625114 7.90000009536743 7.8599572256386 7.37002157791556 7.73147375145992 7.35000014305115 7.04311744306154 7.08907913144731 6.40405154087545 6.42184165909606
1.71935963639638 5.86873015640284 7.59999990463257 7.60910056631173 8.10000038146973 7.71456133437408 7.39484088517192 8.07550850216456 7.71456133437408 8.10000038146973 7.97743572594799 8.09016114922534 8.04795515421948 8.04795515421948 7.83955043105115 8.10000038146973 7.90364036177491 7.90115764750727 7.90728062818239 8.08467951235511 6.40028100316404 2.84902776184123 1.56692499631554 0.780513886577059 0.156102777315412 0 0 0 0 0 0 0 0 0 0 0 0 0 0 0 0 0 0 0 0 0 0 0 0 0 0 0 0 0 0 0 0 0 0 0 0 0.378714092865433 3.84557159234998 4.85000014305115 6.34536991713368 7.68961074418782 6.73283847744864 6.79412080520951 7.14689131600743 6.83868135498474 6.80000019073486 6.80000019073486 6.72587988402191 7.59999990463257
1.11999997496605 5.73629116331205 7.60728042876846 7.84089948137198 7.75999367978323 7.89431158736086 8.049337650497 7.9963599720111 7.96571869326091 7.96935895966838 7.897441395938 8.00364050482606 7.22889723657612 8.10000038146973 8.09520255424335 8.09271984865477 8.09271984865477 8.09751766720209 8.10000038146973 8.09636010638319 5.06585365500638 0.476811557094153 0 0 0 0 0 0 0 0 0 0 0 0 0 0 0 0 0 0 0 0 0 0 0 0 0 0 0 0 0 0 0 0 0 0 0 0 0 0 0 0.117558882656952 1.31848819954735 4.85959319552623 5.77207211279757 6.19999980926514 7.14635982895996 7.15000009536743 6.40000009536743 6.60728066718704 6.80000019073486 6.79271966659897 7.36456118264388 7.75
1.11417555826105 7.91263373206691 7.79999995231628 7.59817977576836 7.5 7.5 7.5 7.92700088664969 7.93196629782685 8.10000038146973 8.09016114922534 8.10000038146973 7.28094246382637 8.10000038146973 7.9518962242334 7.83955043105115 8.09636010638319 7.92440869726966 7.85670231441657 3.0149250675787 1.26051387584822 0.156102777315412 0 0 0 0 0 0 0 0 0 0 0 0 0 0 0 0 0 0 0 0 0 0 0 0 0 0 0 0 0 0 0 0 0 0 0 0 0 0 0 0 0.499297630265615 3.52668279592143 4.84818001418694 6.18262087014508 6.33094217772407 7.15000009536743 6.50089037952131 6.44219828789922 7.16862038294225 6.97815843627137 7.79596168838577 7.12269813636712
0.800072787490151 5.36399140121118 8 7.53467954268071 7.45546043427634 7.50364025772842 7.50124135713382 7.5 7.78023013613615 7.30472200676226 8.08800582642238 8.09089971979056 7.28094223408685 8.0817990581114 7.73028209092798 5.77501826055339 2.82557896030228 2.03594773343999 1.08763941222259 0.466381133264664 0 0 0 0 0 0 0 0 0 0 0 0 0 0 0 0 0 0 0 0 0 0 0 0 0 0 0 0 0 0 0 0 0 0 0 0 0 0 0 0 0 0 0.104068520603394 1.2733232909546 4.75544759514411 5.5 6.39884253454853 7.16862038294225 6.42556572181846 7.15000009536743 7.84539617736681 6.79431168272829 7.1375943698986 7.17184165909606
1.11146516420416 2.81901507685797 8 7.59999990463257 7.5 7.5 7.5011575608189 7.50239890927366 7.55182008118049 6.81137672991086 7.60910056631173 7.99818010087531 7.25470079548932 7.24491893128083 2.60231266081323 0.923169152301521 0.154175578633841 0 0 0 0 0 0 0 0 0 0 0 0 0 0 0 0 0 0 0 0 0 0 0 0 0 0 0 0 0 0 0 0 0 0 0 0 0 0 0 0 0 0 0 0 0 0 0.485331905355205 3.53247292475172 5.47451817854296 6.19189692692815 6.29635968590881 7.00173633254929 7.14131842394194 6.40000009536743 6.40000009536743 6.79431168272829 7.37247002363223
2.42152450376258 2.04488030665618 6.04618038680909 7.79999995231628 7.5 7.5596793944049 7.59999990463257 7.84089948137198 7.60405135014059 7.61092069517594 7.80742514585557 3.54515110630618 2.5429530546999 1.44533030562849 0.432046518913619 0 0 0 0 0 0 0 0 0 0 0 0 0 0 0 0 0 0 0 0 0 0 0 0 0 0 0 0 0 0 0 0 0 0 0 0 0 0 0 0 0 0 0 0 0 0 0 0 0.104068520603394 1.5282012368805 5.10182027191536 4.80000019073486 5.96813306759132 6.40000009536743 6.40000009536743 6.40000009536743 6.39884253454853 6.40000009536743 6.40000009536743
5.75170193219175 2.70559743124911 5.62244514486491 7.6023150175913 7.60546029990425 7.6574611552921 7.90175086047532 3.64966374142022 3.03084355316029 2.58217718651043 1.5288770708099 0.461301089920654 0 0 0 0 0 0 0 0 0 0.00575161296077695 0.0281028170024224 0.0504540215865091 0.0391692117795897 0.0170364227676963 0 0 0 0 0 0 0 0 0 0 0 0 0 0 0 0 0 0 0 0 0 0 0 0 0 0 0 0 0 0 0 0 0 0 0 0 0 0 0.918642377344153 3.64064667565456 5.47691707913756 6.19189692692815 6.29999995231628 6.40000009536743 6.29999995231628 6.20115737008403 6.40000009536743 6.4287869892932
7.01820130600021 7.04395008914801 4.38016803434431 7.8354269883726 7.61861228361017 5.88904513875626 2.17382599901574 0.621913930872889 0 0 0 0 0 0 0 0 0 0 0 0.303999990224838 0.303999990224838 0.310000002384186 0.898972326723902 1.61220586333832 1.31895106603274 0.468000009655952 0 0 0 0 0 0 0 0 0 0 0 0 0 0 0 0 0 0 0 0 0 0 0 0 0 0 0 0 0 0 0 0 0 0 0 0 0 0 0.300432534613318 3.43644882814423 4.89817996650322 5.50810288233698 6.40000009536743 6.30364021872376 6.40000009536743 6.41389075576172 6.40000009536743 7.14453970009575
6.84679429546759 7.32859298946738 7.23179869399979 2.04933837038685 1.21798715448792 0.76316912716036 0.308351157267681 0 0 0 0 0 0 0 0.016818007195503 0.0401089748668081 0.525541286572273 0.977352800970278 0.799340493483842 0.45975159478736 3.81920322040908 0.310000002384186 0.772000014781952 1.3860000371933 1.07600003480911 0.468000009655952 0 0 0 0 0 0 0 0 0 0 0 0 0 0 0 0 0 0 0 0 0 0 0 0 0 0 0 0 0 0 0 0 0 0 0 0 0 0 0.104068520603394 1.19407066109959 5.0559346380634 5.98505128725612 6.40000009536743 6.40000009536743 6.99204909666567 7.57815834090394 7.12964346656427 6.44368322282468
7.61015112757884 7.46048641072411 4.15917275743774 1.37237686962931 0.00444111871395528 0 0 0 0 0.0159315606527805 0.0356285701209387 0.202377431833627 0.752426676851924 1.35994138650608 1.98751711948517 2.7435649946767 3.56189444568482 7.82415671933477 4.52852333336778 0.606685221640679 0.292933596532553 0.146466798266277 0 0 0 0 0 0 0 0 0 0 0 0 0 0 0 0 0 0 0 0 0 0 0 0 0 0 0 0 0 0 0 0 0 0 0 0 0 0 0 0 0 0 0 0.399255204506912 1.95183403784166 4.85910079605125 6.62760284286528 6.22203527970136 7.55631677717532 6.79431168272829 6.40694542556458 6.80125701292543
7.50496541117716 7.13143719578695 6.29271942818039 2.07326559075917 0.510205591060382 0.0206766832083202 0.48116491827036 0.94034268427715 1.23892508829452 1.67829133558501 2.65344514899759 3.24531560984009 5.63228201641864 6.66340330791524 7.76075323440003 7.5 6.53640261200042 6.88567962173564 3.62601513688812 0.632582469889661 0 0 0 0 0 0 0 0 0 0 0 0 0 0 0 0 0 0 0 0 0 0 0 0 0 0 0 0 0 0 0 0 0 0 0 0 0 0 0 0 0 0 0 0 0 0 0.948550285613422 3.79653000416831 4.81896085809886 6.06797138852175 6.60000014305115 6.40000009536743 6.82707403700028 6.81466050037833
7.44175582427096 7.49006917764568 6.12647169427866 6.09999990463257 2.72245165276539 2.11213044194758 2.96859013843305 7.17451821754761 5.93217086278829 7.33064123974554 7.53223330355857 7.9496018117421 7.87815853163881 7.7733607181278 7.90000009536743 7.57584337603266 7.57584337603266 7.90000009536743 5.42096396833156 0.490000009536743 0 0 0 0 0 0 0 0 0 0 0 0 0 0 0 0 0 0 0 0 0 0 0 0 0 0 0 0 0 0 0 0 0 0 0 0 0 0 0 0 0 0 0 0 0 0 0.351496664612663 4.45506448701262 4.89368327918746 4.90000009536743 6.55432147426766 6.38832513798976 6.42730205436774 6.27451813085924
7.01820130600021 7.25562798790153 7.49652733490143 7.20959553669089 7.85019398723506 7.68703101554124 6.73143701876745 6.71456085753693 7.32898066261853 6.7649907260126 6.80337327439112 7.27912209654358 7.50893053847244 7.27730195900031 7.02574878314781 7.84903643509523 7.97451840828248 8.05000019073486 2.71455669594846 0.325957154001741 0 0 0 0 0 0 0 0 0 0 0 0 0 0 0 0 0 0 0 0 0 0 0 0 0 0 0 0 0 0 0 0 0 0 0 0 0 0 0 0 0 0 0 0 0 0 0.140685216580284 1.51194424741521 5.09779874920338 4.86753891749255 5.42199648710826 6.84345520545722 6.97815843627137 5.83996976706195
6.51001461866924 7.34002197349023 7.05756075044978 6.73864177880201 6.9191886457268 7.27730195900031 6.77273222538044 7.47789149193873 8.10000038146973 8.02502110200179 8.10000038146973 7.76274092808664 8.00000022973952 7.97269804099969 6.5 8.10000038146973 8.10000038146973 5.97627851679858 1.43045395400221 0 0 0 0 0 0 0 0 0 0 0 0 0 0 0 0 0 0 0 0 0 0 0 0 0 0 0 0 0 0 0 0 0 0 0 0 0 0 0 0 0 0 0 0 0 0 0 0 0.742569609094303 4.72415414519762 4.85000014305115 4.95000004768372 7.75546039527169 6.29999995231628 6.06287434389019
6.41820140136764 6.52167397109878 7.44271952354782 8 7.01422080185834 8.0481800531916 8.0481800531916 8.04635992432739 7.85487107042625 8.09636011506225 8.09751766720209 7.90159211149675 7.5072805241359 7.0254818301361 6.5 8.10000038146973 8.10000038146973 5.20139178355864 0.47810277421597 0 0 0 0 0 0 0 0 0 0 0 0 0 0 0 0 0 0 0 0 0 0 0 0 0 0 0 0 0 0 0 0 0 0 0 0 0 0 0 0 0 0 0 0 0 0 0 0 0.336685225813004 3.37308777447673 4.86092092491546 5.63285932712813 7.87269813636712 6.14120640532264 5.2789978087038
6.91456113496016 7.38300592702733 7.0671300243894 7.99131833725357 7.99875864286618 7.99635974227158 7.90000009536743 7.94817991881951 8.03179883956909 8.09453998619804 8.00190394253725 8.10000038146973 7.96492245979626 7.90479791391475 7.79652751695723 8.10000038146973 8.01729363995739 2.07065951877782 0.154175578633841 0 0 0 0 0 0 0 0 0 0 0 0 0 0 0 0 0 0 0 0 0 0 0 0 0 0 0 0 0 0 0 0 0 0 0 0 0 0 0 0 0 0 0 0 0 0 0 0 0.104068520603394 1.00950747046625 3.65392686255897 5.75778628604868 6.32849371941665 3.97442717673362 1.19886933734197
7.90496550654459 7.47061325996113 7.69079232215881 7.2291221442273 7.22524347719955 7.90182022423164 8 8.10000038146973 8.05403869308395 7.89857820244484 7.80000019073486 7.70142217902489 7.52184158108674 7.52184158108674 7.52184158108674 7.80910084373497 5.18723333721216 0.790308357564234 0 0 0 0 0 0 0 0 0 0 0 0 0 0 0 0 0 0 0 0 0 0 0 0 0 0 0 0 0 0 0 0 0 0 0 0 0 0 0 0 0 0 0 0 0 0 0 0 0 0 0.202432544355678 1.33111405781282 5.10198678987858 5.259281002302 1.26818147457479 0.104068520603394
8.09271984865477 7.78907940887055 7.70568856436935 8.02683342839193 7.96896072372677 8 8 8.0481800531916 8.04453979546318 7.80000019073486 7.80000019073486 7.79453979546318 8.10000038146973 8.10000038146973 8.10000038146973 5.96104088326283 1.57509629842379 0.154175578633841 0 0 0 0 0 0 0 0 0 0 0 0 0 0 0 0 0 0 0 0 0 0 0 0 0 0 0 0 0 0 0 0 0 0 0 0 0 0 0 0 0 0 0 0 0 0 0 0 0 0 0 0.30563369053386 0.715335894491754 0.715335894491754 0.312205561810183 0
