rasters/edaphic/T_SAND.asc
NCOLS 720 
NROWS 300 
XLLCORNER -180 
YLLCORNER -60 
CELLSIZE 0.5 
NODATA_value -9999 
[rows 36 to 71 of 300, columns 0 to 79 of 720]
10.8608152074425 14.1755898178195 14.7824499764452 13.7512770060114 8.32837238393008 2.41892938896915 0 0 0 0 0 0 0 0 0 0 0 0 0 0 0 0 0 0 0 0 0 0 0 0 0 0 0 0 0 0 0 0 0 0 0 0 0 0 0.0663899521455105 2.18065130503491 4.95803021050755 4.97377294738234 2.28753778783398 0.247537768546073 0.173276432774815 0.0742613292619629 0 0 0 0 0 0 0 0 0 0 0 0 0 0 0 0 0 0 0 0 0 0 0 0 0 0 0 0
25.6990355757362 25.0535320879892 25.0535320879892 39.8866605284698 39.1871249901161 2.91999989748001 0 0 0 0 0 0 0 0 0 0 0 0 0 0 0 0 0 0 0 0 0 0 0 0 0 0 0 0 0 0 0 0 0.0742613292619629 0.853276442097137 3.64753774904374 6.36753788384467 7.04753795928094 7.04753795928094 8.87130657500359 13.2822231970392 33.5779400325833 34 16.3083518276735 14.3426136523917 12.3768745581518 8.97951177373571 6.88099323902339 6.93951181188269 6.35065548237071 3.62278396177427 0.803768889255829 0.0495075528413086 0.0742613292619629 0.173276432774815 0.222783989955654 0.173276432774815 0.0742613292619629 0 0 0 0 0 0 0 0 0 0 0 0 0 0 0 0 0
6.2460599325711 6.07464675452163 7.83756642104214 10.8990267856139 8.85821174728711 2.83263363171668 0 0 0 0 0 0 0 0 0 0 0 0 0 0 0 0 0 0 0 0 0 0 0 0 0 0 0 0.0247537764206543 0.803768889255829 3.62278396177427 6.36753788384467 7.04753795928094 9.08753790377585 13.0321210760581 25.4817989430504 34 34 34 34 34 34 34 34 34 34 33.5779400325833 32.7623111919862 33.5779400325833 34 24.8265528846231 11.3998294040863 8.40753761595818 9.40933699941412 12.079829249783 13.6873671344854 12.3768745581518 9.08753790377585 6.36753788384467 3.64753774904374 0.927537769189336 0.247537768546073 0.247537768546073 0.247537768546073 0.247537768546073 0.247537768546073 0.247537768546073 0.247537768546073 0.247537768546073 0.173276432774815 0.0742613292619629 0 0 0 0
0 0 0 0 0 0 0 0 0 0 0 0 0 0 0 0 0 0 0 0 0 0 0 0 0 0 0 0 0 0 0 0 0.0247537764206543 2.84376884676933 9.35982944223328 24.8265528846231 34 34 34 34 34 34 34 34 34 34 34 34 34 34 34 34 34 34 34 34 34 34 34 34 34 34 34 34 25.4817989430504 14.997859710819 14.3426136523917 14.3426136523917 14.3426136523917 14.3426136523917 14.3426136523917 14.3426136523917 14.3426136523917 14.3426136523917 12.3768745581518 9.08753790377585 5.00753775033027 2.29656671709027 0.292682414827525 0.301711344083816
0.0198616447086389 0 0 0 0 0 0 0 0 0 0 0 0 0 0 0 0 0 0 0 0 0 0 0 0 0 0 0 0 0 0 0.0742613292619629 2.89327641262922 11.3750756341749 34 34 34 34 34 34 34 34 34 34 34 34 34 34 34 34 34 34 34 34 34 34 33.8032155634096 34 34 34 34 34 34 34 34 34 34 34 34 34.9355742348478 34.7098509340081 34 34 34 34 34 34 24.0634128769469 23.2794006614499 23.7441256608537
5.75449149799138 6.64426945039808 4.26865139559878 0.979100863570507 0.072805224000831 0 0 0 0 0 0 0 0 0 0 0 0 0 0 0 0 0 0 0 0 0 0.704753783573212 3.52376885609165 6.34278411393331 7.04753795928094 7.04753795928094 9.08753790377585 14.9978592513399 34 34 34 34 34 34 34 34 34 34 34 34 34 34 34 34 34 34 34 34 34 34 34 34 34 34 34 34 34 34.4514466016795 35.4197018680162 35.4197018680162 35.4197018680162 41.3947231960827 60.1848722620746 73 73 73 73 73 73 73 73 73 73 73 73
26.3358471594471 40 29.9197190777641 14.5385811896202 11.3285926542809 5.8433818845429 0.976986861767586 0.0771735397842268 0 0 0 0 0 0 0 0 0 0 0 0 0 0 0 0 0 0 2.03999996185303 21.0799999237061 34 34 34 34 34 34 34 34.9355742348478 35.4197018680162 35.4197018680162 35.4197018680162 54.2098509340081 41.3947231960827 35.4197018680162 35.4197018680162 35.4197018680162 34 34 34 34 34 34 34 34 34 34 34.2257233008397 34.9355742348478 35.4197018680162 35.4197018680162 41.3947231960827 73 73 73 73 73 73 73 73 73 73 73 73 73 73 73 73 72.5485533983205 72.5485533983205 73 73 73
71.6713046619848 71.2487968898385 29.1878253087897 43.1706514602163 58.6329339190018 30.5662789382229 12.5878715431323 9.44308405831809 5.42329506501776 2.43361587929082 0.0593346951564709 0 0 0 0 0 0 0 0 0 0 0 0 0 0 0 2.01524618760214 20.5601706253816 33.2821404816313 34 34 34 39.9750213280665 73 72.2901490659919 71.5802981319838 73 73 73 34.9355742348478 34.2257233008397 34 59.6302554758508 65.6052768039173 71.5802981319838 73 73 73 73 73 73 73 73 73 73 73 73 73 73 73 73 73 73 73 72.7742766991603 71.5802981319838 71.5802981319838 46.8151277379254 34 34 34 34 34 34 34 34 34 34 34 34
66.6209885644369 12.530912385663 2.16679339453206 27.0717874191769 55.6316525898695 26 30.6003023120223 35.2006046240447 38.2451817159971 12.7466672356364 5.44618862109469 0.957687629993553 0.269379332274698 0.269379332274698 0.242441399047229 0.134689666137349 0.0269379332274698 0 0 0 0 0 0 0 0 0 0.655246230731903 3.27623109622464 7.93721632778432 11.9924624794092 24.6154167878554 33.3316480561702 34 34 28.791006505377 54.2098509340081 73 73 73 73 73 60.1848722620746 35.4197018680162 41.3947231960827 73 73 73 73 73 73 73 73 73 73 72.7742766991603 71.5802981319838 71.5802981319838 71.5802981319838 71.5802981319838 71.5802981319838 71.5802981319838 71.5802981319838 46.8151277379254 34 34 34 34 34 34 34 34 34.0347266509857 34 34 34 34 34 34.143934486987 34.2184156720025 35.1376494397179
13.1044092115224 18.4502678461296 68.0468761489568 36.7861685618508 30.7447914579547 31.5233071964268 27.8854768861193 27.9665057615635 26.5096365680058 33 25.4165477665148 10.7323354420604 13.4689517115335 15.6081381702008 14.6059142172124 12.7528287707798 7.33377431471832 3.01391995013047 0.00856591067860826 0 0 0 0 0 0 0 0 0 0.0291220900342854 0.800856683073095 3.53832990436344 8.87931495341292 23.3762737919103 33.3360163480862 34 34 34.0735332929046 34.0347266509857 34.2184156720025 34.2184156720025 34.2184156720025 35.1376494397179 36.0568832074334 34.2184156720025 34.2184156720025 34.2184156720025 34.0347266509857 59.6302554758508 59.6302554758508 59.6302554758508 34 34 34 34 34 34.0347266509857 34.2184156720025 34.2184156720025 34.2184156720025 34.2184156720025 34.2184156720025 34.2184156720025 34.2184156720025 34.2184156720025 34.2184156720025 35.1376494397179 38.0284416037167 40 40 40 40 40 40 40 40 40 40 40 40 40
37.1264150772965 32.741878875675 36.9817986940013 20.5931501900239 1.52990376872237 15.1841567200317 40.0703491481939 2.65739067603033 21.3286953380256 33.8554613820098 34.4786278420178 25.7615573128583 37 36.7361200840464 36.6493034218658 32.6622964102412 53.944324251988 4.75151524733495 6.32222263507577 2.64055661570788 0.939057985162615 0.0291220900342854 0 0 0 0.0873662701028561 0.203854632409762 2.69122093393588 6.69122099137076 12.6406859850938 16.1027845938187 14.4453972886302 10.4042835464701 9.0284369528737 14.0036827061252 39.353489637257 39.8383053809414 40 40 40 40 40 40 40 40 40 40 40 38.0284416037167 34.2184156720025 34.2184156720025 34.2184156720025 34.2184156720025 34.2184156720025 34.2184156720025 40 40 40 40 40 40 40 40 40 40 40 39.7684889124239 40 40 39.5034588649259 40 40 40 40 40 40 40 40 40 40.6734483220077
72.2565277105316 71.3895484187173 71.7987138039863 26.5096365680058 33.8554613820098 39.9361783658511 37.3454840280194 61.5557875603511 51.8538588878018 49.7548182840029 65.7993330356742 39.2052174517123 37.6003023120224 26.5440510505964 49.1167785092907 9.76862501074798 37.6552470160075 49.5641288653804 14.3132030216585 25.7215567208121 5.23593208338341 0.800000011920929 0 2.42912212796684 5.74561058237375 10.6620989121853 14.5610288649152 19.1862969705838 40 40 40 40 23.0406856036241 17.6445407822013 19.1862969705838 25.3533198861979 36.9164876232349 40 40 40 40 40 40 40 40 40 40 40 40 40 40 40 40 40 40 40 40 40 40 40.0115755734727 40.0728052240008 40.0115755734727 40 40.0231511469455 40.0728052240008 40.0728052240008 40.0728052240008 40.0728052240008 40.0479781854732 40 40 39.2719477773498 40 40 40 40 40 40 40 58.2858522032005
33.3170424243028 24.9256577215413 31.1589119673633 40.4096464481529 71.7614732114785 71.5011228258182 71.2584561617939 46.2570737563648 68.0534202756502 49.7548182840029 34.0464580318638 55.7774192227948 39.5575903574376 28.7409382681291 49.0377085151306 31.0027968617914 0.673448322007687 63.8153906816527 41.1823497339002 12.7393276317236 4.59087779769456 0.800000011920929 0 3.20000010728836 39.4175582079934 40 40 40 40 40 40 40 40 40 40 40 40 40 40 40 40 40 40 40 40 40 40 40 40 40 40 40 40.0115755734727 40.0728052240008 40.0728052240008 40.0728052240008 40.0728052240008 40.0728052240008 42 42 41.9751729614723 41.6439340544008 40.0728052240008 40.0728052240008 40.0364026120004 40 40 40.6571855194557 41.9271947759992 41.9271947759992 40.367641519072 40.0728052240008 40.0728052240008 40.0728052240008 40.0728052240008 40.0728052240008 40.0115755734727 40 40.2141477967995 59.1734483220077
19.5989804150149 6.48968364017861 7.3845180396813 15.3051606054046 20.0971729171976 17.904838367118 17.5019094577893 27.385014545796 55.263986751708 67.9442124396489 46.2570737563648 73.0347266509857 33.3647860584127 73 37.2083599753469 48.8524715430062 14.751913793604 9.39232196068898 8.36429521744172 2.73872160243502 0 0 0 3.11263383501574 9.3961452852414 17.3087794681083 34.1670229156141 40 40.381993299708 40.381993299708 40.7916397478609 46.2570737563648 72.809003350146 61.9654340085039 41.2012861960137 40 40 40 40 40 40 46.2570737563648 73 62.1564306583579 45.0557875603511 40 40 40 40.0479781854732 40.3792170925447 41.9520218145268 41.6956836884231 41.1242417723812 40.6687610929285 40.0479781854732 40.0231511469455 40.0115755734727 40 41.6207829074553 41.9271947759992 41.9271947759992 40.6571855194557 40 41.9635973879996 41.9520218145268 41.2700092565434 40.367641519072 40.0728052240008 40 40 40 40.7916397478609 41.2012861960137 40.6006430980069 40 41.9271947759992 42 58.7355451479926 77 77
4.16094719349343 1.15631688282997 0 0 0 0 0 5.08974575517511 16.411692465033 30.2768661828378 46.3996795564531 68.7078285202742 36.6092078360012 15.1841567200249 50.3554613820098 54.6199567459908 6.54685232814189 0 0 0 0 0 0 0 0 2.34175585569422 10.2543896473658 39.1186880753894 66.4516959742481 71.7987138039863 40 39.4299351016281 39.4234013324101 40 50.8435693416421 39.3185524670154 39.1845815050772 36.1456104480017 40 40 73 73 72.3993569019931 39.5034588649259 40 26.8562799618258 40 40 41.9271947759992 28.1262887588902 41.9271947759992 41.9271947759992 41.9271947759992 40.6571855194557 40 40 40 40 40 40 40 40 40 40.0115755734727 40.0479781854732 40 40 41.6207829074553 40.9635973879996 40 71.7987138039863 71.7987138039863 71.7987138039863 71.7987138039863 72.618006700292 40 40.6571855194557 41.9520218145268 70.3637109890067 76.1603821360985
0 0 0 0 0 0 0 0 0.713062076309273 2.6123601567348 7.69355196860625 13.763616377556 16.5459792473665 45.266037282824 24.4047536526598 14.9419701145994 4.49683103773394 0.291220896003324 0.291220896003324 0.203854632409762 0.0873662701028561 0 0 0 0 0 2.31263376565993 7.69960499447194 15.7561360728245 19.1583673153266 15.2167023234057 10.1087791971943 10.1087791971943 13.7716442648009 14.3218753337661 11.1509971355284 9.51263410051805 17.5708773486099 40 55.8993569019931 73 67.1525726917881 39.7684889124239 40 40 40 40 40 40 40 40 40 40.0810288754442 40.5096365680058 42.4924582210922 44.6373376250669 42.3186688125335 40 40 40 40 41.1545940378536 43.1284809720129 43.1284809720129 43.1284809720129 43.1284809720129 41.5642404860064 40 40 40 40 40 40 40 40 40 40 40 40.9635973879996 41.9884244265273
0 0 0 0 0 0 0 0 0 0 0 0 1.40685222323772 2.81370444647543 2.81370444647543 2.40000003576279 6.85224999065801 9.1648835840133 11.4775174071081 12.2483950418204 10.4582442710965 7.25824423209182 4.00000011920929 0.800000011920929 0 0 0 0 0 0.0291220900342854 2.54561048593421 5.06209899019461 4.29122101087308 2.69122093393588 8.69893037320425 13.0192731360116 13.091221052022 20.5931482748635 36.0780348655674 40.7916397478609 72.3993569019931 33.8717727376616 40 40 40 40 40 40 40 40.0810288754442 40.5096365680058 47.2548182840029 46.7451817159971 40 40 40 40 40 40.190996649854 41.2012861960137 46.2570737563648 73 40.190996649854 71.7987138039863 71.3021726689122 71.3021726689122 59.1585935823243 71.7453380422707 71.4931693361243 71.6713046619848 73 73 45.8474273082119 40 40.0115755734727 40.0115755734727 40 40 40 40.9751729614723
0 0 0 0 0 0 0 0 0 0 0 0 0 0 0 2.40000003576279 5.60000014305115 8 10.4000000953674 38.9807268639884 39.504924480266 38.8642385125303 20.9593140561062 0.800000011920929 0 0 0 0 0.0092604442407641 3.26616396994617 12.0431998881465 40 29.9785875323876 19.1862969705838 31.520342801812 40 40 40 56.5 72.809003350146 39.5034588649259 40 40 40 40 40 40 40.2548182840029 53.7451817159971 51.3454840280194 40 40 40 40 40 40.190996649854 41.2012861960137 57.1006430980069 49.3032731786912 23.274219049164 72.3993569019931 66.7429262436352 71.7987138039863 40 40 40 66.7429262436352 40 40 27.7435454753231 14.5998249776699 55.5589105019876 50.8435693416421 40 41.0364026120004 42 41.3428144805443 40.0364026120004 40 41
0 0 0 0 0 0 0 0 0 0 0 0 0 0 0 0 0 0 2.31263376565993 6.19614546512743 9.30877947244781 8.53790137825653 3.8543896668681 0.770877921886644 0 0 0 0.0291220900342854 2.80000001907311 10.7140600993758 39.5034588649259 33.8717727376616 39.2719477599925 40 40 40 40 40 40 33.6402616500854 40 40 40 40 40 40 40 47 47.2548182840029 40 40 40 40 40.7916397478609 62.1564306583579 73 49.0127110796628 2.65739067609031 2.65739067607124 72.3083503719921 54 40 41.2012861960137 41.2012861960137 40.190996649854 40 40 40 40 40 40 40 40.7916397478609 41.2012861960137 40.7916397478609 40 41.9271947759992 41.9884244265273 40.3792170925447 41.0364026120004
0 0 0 0 0 0 0 0 0 0 0 0 0 0 0 0 0 0 0 0 0 0 0 0 0 0 0.829122101955214 4.94561051518771 14.3984489284972 40 39.5034588649259 40 20.7280522400412 39.5034588649259 40 40 40 40 40 40 33.8717727376616 40 40 40.3358471594471 40.2548182840029 40 49.0638505285305 53.4903634319942 53.4903634319942 40 40 40 73 73 73 73 73 69.3974440535319 54 54 54 62.1564306583579 60.4872889203372 37.8286953380751 73 62.1564306583579 40.6006430980069 39.7684889124239 40 40 62.1564306583579 36.5 47.2615079695013 70.3426093239704 72.0938124341312 72.5774922278537 73 58.0642404860064 42.7436615623877 42
0 0 0 0 0 0 0 0 0 0 0 0 0 0 0 0 0 0 0 0 0 0 0 0 0 0 1.60000002384186 23.2000000476837 40 40 39.7684889124239 40 40 40 40 40 40 40 40 40 40 40 53.4903634319942 53.4903634319942 46.7451817159971 40 40 40 40 40 40 40 20.7280522400083 71.7987138039863 72.5774922278537 26.6446795964275 72.5774922278537 63.1541751859961 54 54 54 54 54.4557925884138 72.5774922278537 61.3934764862061 72.5774922278537 70.3426093239697 41.2012861960137 40.381993299708 40.190996649854 40 42.755637323298 47.8114248836491 2.46639402617633 1.32869533801743 37.8286953380152 71.6713046619848 70.3426093239697 70.3426093239719 62.8136161778136
0 0 0 0 0 0 0 0 0 0 0 0 0 0.0582441800685707 0.0582441800685707 0.0291220900342854 0 0 0 0 0 0 0 0 0 0 1.57087793380757 8.65438950865415 27.504924480266 39.6995186521617 40 40 40 40 39.5034588649259 40 40 40 40 40 40 41.2012861960137 40.6006430980069 40 40 40 40 40 40 40 40 40 40.7916397478609 41.2012861960137 70.3426093239697 71.6713046619848 69.3974440535319 53.8266931471233 53.8820555454506 54.0298501307311 54 63.1541751859961 72.0938124341312 37.8286953380152 61.8159842583524 36.5000000000007 37.8286953380152 61.7060165533751 48.9027433746854 72.5774922278537 61.3934764862061 73 46.2570737563648 41.2012861960137 41.2012861960137 61.8159842583524 61.8159842583524 71.2487968898385 0.84501554429268 25.3159842583524
0 0 0 0 0 0 0 0 0 0 0 0 0 1.60000002384186 2.29893017381588 0.800000011920929 0 0 0 0 0 0 0 0 2.42912212796684 5.74561058237375 8.26209879945974 8.26209879945974 11.2582444618313 21.4989303341996 40 40 40 40 26.8562799618258 40 40 40 40 40 57.1006430980069 73 73 57.1006430980069 40 40 40 40 40 40 56.5 73 73 47.6840157416499 37.8286953380152 59.7557755299924 45.0544321227952 53.6166181202799 54 54.3458248140039 73 73 73 73 57.8387576872756 32.8367988708925 44.6598720253847 54 54 74.240783878886 46.8357059389963 47.7418935395788 1.32869533809422 1.75120311016151 25.7384920305587 70.765117096116 70.3426093239697 35.1713046619848 13.4188986455316 60.4872889203372
0 0 0 0 0 0 0 0 0 0 0 0 0 1.60000002384186 1.60000002384186 0.800000011920929 0 0 0 0 0 0 0 0 3.20000010728836 39.4175582079934 40 40 26.8950756151015 11.9126337450855 26.8812082146137 26.4088474249471 7.58433220185652 40 40 39.7087791039967 40 40 40.6006430980069 62.1564306583579 73 73 61.3934764862061 72.5774922278537 56.309003350146 40 40 40 40 40 56.0774922625699 61.8159842583524 73 61.8159842583524 73 27.292694477088 26.4403132812629 53.7087791039967 42.2289872276009 52.9153265527023 59.1585935823221 73 25.7384920304987 72.2952454094536 53.9411138375275 53.3061662173551 34.775074273861 21.2461669831051 21.8723538908954 24.3271785263422 80.8722953515215 83 3.02141679603449 37.5245801131025 77.5423717661102 75.3689552576811 13.1751096750262 35.1713046619848 59.1585935823221 23.9872889203586
0 0 0 0 0 0 0 0 0 0 0 0 0 0 0 0 0 0 0 0 0 0 0 0 3.11263383501574 9.3961452852414 15.7087791126757 28.1010700472701 11.0543898294216 3.94175593697095 3.60289205505853 8.06402801710193 11.7897768435939 13.6412741324663 14.1087787398851 19.7619269189059 39.7353483421175 40 62.1564306583579 73 73 73 73 72.3993569019931 40 40 40 40 39.0404366724156 38.5438955199834 26.5189521002407 27.9345421251771 72.4719976404673 71.458713437064 24.0006052041929 18.2296785645496 46.0913385907995 59.9914352620056 36.5 1.54128659765219 35.4901915515003 23.4638491321272 20.0486186448872 20.8691268945615 37.2964440652901 13.4702778756876 6.28342614487867 2.08137044078533 0 4.79871489574733 16.1770015530142 22.8170014238393 17.8868492174352 12.5835464720822 15.1360845130943 18.4709579758986 14.4016935248068 13.1342386181538 46.5823650912093 46.739469260478
0 0 0 0 0 0 0 0 0 0 0 0 0 0 0 0 0 0 0 0 0 0 0 0 0 0 0.770877921886644 1.54175584377329 1.54175584377329 0 0 0 0 0 0 11.3526337936269 40.2915802437633 62.1564306583579 73 72.5086818011426 72.3993569019931 71.7987138039863 31.5716211221713 40 40 40 40 40 40 39.7684889124239 40.6006430980069 73 46.3435954975404 23.0214563118044 5.81451831811226 8.63349030177119 71.0138735086984 71.0866787326993 21.1139189448969 8.65370459906332 4.27370448462241 2.81370444647543 0 2.08137044078533 2.08137044078533 1.04068522039266 0 0 0 0 0 0 0 0 0 0 0 3.26106507154655 6.0099991699976 9.26957076853478
0 0 0 0 0 0 0 0 0 0 0 0 0 0 0 0 0 0 0 0 0 0 0 0 0 0 0 0 0 0 0 0 0 0 0 8.15263374594318 70.9272352879715 53.2410308544697 50.7857157174588 29.9887797833784 34.8726161619415 39.6163164709043 32.9532284777374 39.12633731199 39.3884361114498 36.1456104480017 40 33.8717727376616 38.775406624918 40 56.690996649854 72.5774922278537 71.5619417138406 43.6979865216214 14.0898081232151 16.783383501025 15.3679655479301 10.7679656367882 4.22055666971315 0 0 0 0 0 0 0 0 0 0 0 0 0 0 0 0 0 0 0 0 0
0 0 0 0 0 0 0 0 0 0 0 0 0 0 0 0 0 0 0 0 0 0 0 0 0 0 0 0 0 0 0 0 0 0 0 4.22055666971315 8.4411133394263 9.84796556266402 4.22055666971315 2.94860800957612 4.65438962135415 8.5961455583251 9.36702365251639 8.65438973839367 19.4912207052685 40 39.2719477599917 39.0404366724156 41.2012861960137 62.1564306583579 49.0127110796628 71.6432699821051 33.4899146055051 38.4600445240346 45.8437704108306 45.2409431755448 24.2233397840086 0.920000016689301 0 0 0 0 0 0 0 0 0 0 0 0 0 0 0 0 0 0 0 0 0 0
0 0 0 0 0 0 0 0 0 0 0 0 0 0 0 0 0 0 0 0 0 0 0 0 0 0 0 0 0 0 0 0 0 0 0 0 0 0 0 0 0 0.0291220900342854 2.57837284020621 10.5226767283262 31.782164986384 40 20.6006430980069 57.1006430980069 71.4212631584901 52.6615404045719 33.1061622012268 37.1238445536991 73 73 72.3522947391261 44.3146027298232 6.81254789247344 0.886509613041384 0 0 0 0 0 0 0 0 0 0 0 0 0 0 0 0 0 0 0 0 0 0
0 0 0 0 0 0 0 0 0 0 0 0 0 0 0 0 0 0 0 0.0334904036479164 0.0669808072958328 0.0669808072958328 0 0 0 0 0 0 0 0 0 0 0 0 0 0 0 0 0 0.100471210943749 1.15443283354566 5.75456141304982 17.754047573632 40.7098509340081 51.1194243166469 73 73 49.3479212550871 17.8656960326809 8.9077516659151 28.638457698592 46 72.0171294759888 54.1509897846508 26.4265301796958 12.0025481116475 2.3268522973619 0 0 0 0 0 0 0 0 0 0 0 0 0 0 0 0 0 0 0 0 0 0 0
0 0 0 0 0 0 0 0 0 0 0 0 0 0 0 0 0 0 0 0.920000016689301 2.64376970574024 1.8400000333786 0 0 0 0 0 0 0 0 0 0 0 0 0 0 0.0669808072958328 0.133961614591666 2.98059987453768 9.56621029628774 17.588238071412 35.2341616465375 46.4914352620056 73 72.2027828110774 33.2784183455699 22.8816702761683 11.4142612306295 1.40685222323772 1.80650962973068 13.3488652930141 34.9957177555281 25.1055639072629 12.1563556761324 3.01440919882707 0 0 0 0 0 0 0 0 0 0 0 0 0 0 0 0 0 0 0 0 0 0 0 0 0
0 0 0 0 0 0 0 0 0 0 0 0 0 0 0 0 0 0 0 0.920000016689301 1.8400000333786 1.8400000333786 0 0 0 0 0 0 0 0 0 0 0 0 1.02047122546328 4.8009424370503 10.3879230973843 13.755011442546 20.6134920190231 46.4914352620056 46.9828705240112 52.9439733129936 73 52.4170433134837 18.6079657915459 5.68055670786012 0 0.920000016689301 1.8400000333786 2.7600000500679 5.48650969431812 9.13301901498789 6.37301924992463 0.920000016689301 0 0 0 0 0 0 0 0 0 0 0 0 0 0 0 0 0 0 0 0 0 0 0 0 0 0
0 0 0 0 0 0 0 0 0 0 0 0 0 0 0 0 0 0 0 0 0 0 0 0 0 0 0 0 0 0 0 0.100471210943749 0.167452016069817 3.02792326840241 10.3209425328466 32.7023558618141 45.6316055707217 46 49.886530237435 72.3036804133424 71.6203410190708 51.6286350956962 23.5729195056194 11.4142612306295 1.40685222323772 0 0 0.920000016689301 23.1162303443277 1.8400000333786 0 0 0 0 0 0 0 0 0 0 0 0 0 0 0 0 0 0 0 0 0 0 0 0 0 0 0 0 0 0
0 0 0 0 0 0 0 0 0 0 0 0 0 0 0 0 0 0 0 0 0 0 0 0 0 0 0 0 0 1.02047122546328 4.8009424370503 11.2074519735833 14.0856546197287 15.289337113855 46 45.0287783007197 45.4306631531738 21.9105579784343 44.8336603128953 34.8863608602578 30.737258457966 10.5645399180563 2.3268522973619 0 0 0 0 0.886509613041384 1.77301922608277 1.77301922608277 0 0 0 0 0 0 0 0 0 0 0 0 0 0 0 0 0 0 0 0 0 0 0 0 0 0 0 0 0 0
0 0 0 0 0 0 0 0 0 0 0 0 0 0 0 0 0 0 0 0 0 0 0 0 0 0.106295629818512 0.159443444727768 1.18573908472629 2.05259127999704 5.57314791070553 28.2698079689118 45.4641535416333 44.8278359005299 29.6901920692351 12.6455672910753 13.4650961542557 8.04556715236365 6.23905763750273 6.23905763750273 8.04556715236365 6.33952884844647 2.72650964641999 0.920000016689301 0 0 0 0 0 0 0 0 0 0 0 0 0 0 0 0 0 0 0 0 0 0 0 0 0 0 0 0 0 0 0 0 0 0 0 0 0
0 0 0 0 0 0 0 0 0 0 0 0 0 0 0 0 0 0 0 0 0 0 0.0334904036479164 0.133961614591666 0.18085862798396 7.53358022711847 15.8161492924889 19.5226142066181 30.1982876759782 6.94650961325581 9.9525478738288 12.5785864837794 8.898586419192 4.43254800777204 0.886509613041384 0 0 0 0 0 0 0 0 0 0 0 0 0 0 0 0 0 0 0 0 0 0 0 0 0 0 0 0 0 0 0 0 0 0 0 0 0 0 0 0 0 0 0 0 0
