rasters/edaphic/T_SAND.asc
NCOLS 720 
NROWS 300 
XLLCORNER -180 
YLLCORNER -60 
CELLSIZE 0.5 
NODATA_value -9999 
[rows 180 to 215 of 300, columns 240 to 319 of 720]
43.4676255262832 35.5751972447307 7.81905877000935 29.5 7.81905877000935 29.5 52 52 7 24 44.2866842962925 25.722888093516 37 52 39.7444506719702 37.9386923073731 43.8447529839925 25.6081360059898 2 27.1625162993124 6.47537761602825 6.47537761602825 5.23768880801413 10.4474518566574 6.21755819204956 4.70047053217554 1.18620987844631 0.149893014402634 0.0029122088949403 0 0 0 0 0 0 0 0 0 0 0 0 0 0 0 0 0 0 0 0 0 0 0 0 0 0 0 0 0 0 0 0 0 0 0 0 0 0 0 0 0 0 0 0 0 0 0 0 0 0 0
7 29.2395499787421 28.6809412299907 30.0586078297933 43.4676255262832 51.1809412299907 52 51.7395499787421 13.6468966686394 23.8032155634096 7 52 27.2332163865006 27.1043606584226 62.563168655995 50.1081360059898 25.6081360059898 2 3.23768880801413 70.9635973879996 71.6571873573719 72 70.9635973879996 21.9856973778273 55.0269318815211 18.4102311375369 12.0836431693593 8.31008765487533 2.23259079207728 0.297516120446263 0.0145610444747015 0.0029122088949403 0 0 0 0 0 0 0 0 0 0 0 0 0 0 0 0 0 0 0 0 0 0 0 0 0 0 0 0 0 0 0 0 0 0 0 0 0 0 0 0 0 0 0 0 0 0 0 0
18.791006505377 7.81562884059743 24.1967844365904 8.23768880801413 8.23768880801413 41 8.23768880801413 8.01927313601163 11.3102891081861 7.80085746400914 7 46.5317405358895 59.2275365055658 74.3265516779923 46.0447873653584 25.6081360059898 2 14.0290312859403 36 70 70 71.1400570296377 64.1357445791409 79.3811555959929 80 80 63.3361882459981 32.8705012231632 4.78265615800893 7.89293341076 3.89246270895751 0.380428330807711 0 0 0 0 0 0 0 0 0 0 0 0 0 0 0 0 0 0 0 0 0 0 0 0 0 0 0 0 0 0 0 0 0 0 0 0 0 0 0 0 0 0 0 0 0 0 0 0
41 29.8278378986301 41 41 41 41 41 33.6052758849592 20.7901490659919 33.7987138039863 28.3522947391261 30.6745201520191 36.689505967985 31.1741006048182 3.32869533801517 14.6765228336646 39.8286953380152 75 39.8286953380152 3.32869533801517 16.5528303331208 80 79.3811555959929 68.8278388175881 63.1967844713066 69.5820148486701 59.1638117540019 47 47 39.7730195900031 5.29229272601475 5.40568764427712 0.432463034730885 0.550407471922216 0.305781935596055 0.0611563862513051 0 0 0 0 0 0 0 0 0 0 0 0 0 0 0 0 0 0 0 0 0 0 0 0 0 0 0 0 0 0 0 0 0 0 0 0 0 0 0 0 0 0 0 0
41 41 41 41 40.2901490659919 40.0644257304359 14.8151268189673 39.8286953380152 39.8286953380152 15.8414064176779 3.32869533801517 2 39.8286953380152 75 11 41.8351164159867 75 75 75 75 73.408993469999 79.7633830219973 80 80 80 80 75.5 59.1389066733754 47 46.5 55.2927374089255 17.1438097854554 25.952893567455 33.8158471875402 26.5177743567369 15.7743472358758 7.35693513366229 1.44492568668236 0.546039180006233 0.491435262005609 0.273019590003116 0.0546039180006233 0 0 0 0 0 0 0 0 0 0 0 0 0 0 0 0 0 0 0 0 0 0 0 0 0 0 0 0 0 0 0 0 0 0 0 0 0 0
41 41 41 39.5802981319838 13.5 4.65739067603033 39.8286953380152 75 75 75 75 75 75 34.3597184939388 11 11 72.6702328319734 75 75 75 71.2366169780027 75.7282895287474 80 80 80 80 11 22.3764980730116 47.87366268801 47 15.678699158328 3.75295707855874 84 84 84 83.3083503719921 39.4181808421199 32.1586255052346 33.4268584158089 31.4961164616198 22.6113321178073 9.52307980554906 1.78175620855132 0.0546039180006233 0 0 0 0 0 0 0 0 0 0 0 0 0 0 0 0 0 0 0 0 0 0 0 0 0 0 0 0 0 0 0 0 0 0 0 0
2.83726007600956 2.41863003800478 2.42250777214634 39.8286953380152 58.5703491481939 75 75 75 75 75 74.6585211032979 72.8522458919755 72.6702328319734 41.8351164159867 11.527837874006 22.2356715433495 16.4131052957206 12.8854768861193 64.571543739392 72.9978563399771 69.9989281699886 80 80 79.6006433747991 77.4882197719713 33.6729178814258 39.8897203339873 71 71 47 25.4828705240112 56 78.6909680560389 83.4903634319942 83.2737017631052 49.5405144724383 60.2290462277614 77.3543895519983 86.3083503719921 82.7110583934294 75.2863490971569 55.7100457287781 22.0364467438651 6.5130193784794 0.0698930134785671 0 0 0 0 0 0 0 0 0 0 0 0 0 0 0 0 0 0 0 0 0 0 0 0 0 0 0 0 0 0 0 0 0 0 0
26.8201306000208 39.2826561580089 75 75 75 75 75 75 73.9261229459877 16 16 16 24.3986803426328 73 73 55.5845717879684 20 20 20 20 20 78.9079216399875 79.6006433747991 11 11 11 10.4817986939998 30.0441739656868 69.8897203339873 59.436831344005 47 56 56 56 51.6856289610886 53 53 79 73.4594855969941 63.3001520749693 62.1998497629469 86.0535320879892 80.2719477599917 27.9084380288007 8.02291279812723 0.0698930134785671 0 0 0 0 0 0 0 0 0 0 0 0 0 0 0 0 0 0 0 0 0 0 0 0 0 0 0 0 0 0 0 0 0 0
69.8577883055843 75 75 75 75 73.9261229459877 72.8522458919755 16.0347266509857 36.533668886328 73 73 73 73 73 73 73 47.1579169722946 20 20 20 20 48.9079216399875 48.7441098859857 11 11 11 10.0182013060002 10 39.3897203339873 71 63.7730195900031 56 56 56 53.0546039180006 53 71 66.4732339560054 69.8958200470428 61 62.1998497629469 61.4732339560054 78.4866704928463 95.8361882459981 30.8525108333915 9.15721704346992 2.05104936115406 0.0262098816817862 0 0 0 0 0 0 0 0 0 0 0 0 0 0 0 0 0 0 0 0 0 0 0 0 0 0 0 0 0 0 0 0
65.1422098564996 75 75 75 74.035330781989 73.070661563978 20.0284416037167 29.8134907014136 37.6269814028271 73 73 73 73 73 73 73 46.5 20 20 20 20 20 15.6638117540019 12.3443827198515 11.4109321986736 12.2922927260148 10.3285932192069 11.310494032015 52.6410903923464 70 71 56 56 56.2366169780027 56 53.2083600447793 89 84 61 61 64.5 86.2040143348373 87 85.7259085799855 43.3046702927083 57.0233633154347 16.3605830142104 15.7725151471397 12.9651249349872 5.97374758304182 0.0691649619328835 0 0 0 0 0 0 0 0 0 0 0 0 0 0 0 0 0 0 0 0 0 0 0 0 0 0 0 0 0
74.035330781989 75 74.6932477542836 22 22 22 22 22 23.8565332120212 48.4282666060106 73 73 73 73 73 73 20 20 20 20 20 24.1685567561976 29.1315793007407 52.2798592962175 64.6552470160075 47.310494032015 47.310494032015 76.2997856339977 69.9635973879996 69.9751728920399 70.9271947759992 56.3118581014268 62.5 69 62.6820130600021 72.6820130600021 89 85.5 61 61 38 76.4544390733043 52.2730195900031 17 36.2638799159536 36 36 84.1140740479989 93.7987138039863 22.1953771359053 4.00749483811494 0 0 0 0 0 0 0 0 0 0 0 0 0 0 0 0 0 0 0 0 0 0 0 0 0 0 0 0 0
47.535330781989 22 22 22 22 22 22 29.8134907014136 73 73 73 73 73 72.2173438419911 72.2173438419911 20.964669218011 20.057877763215 20 20.1852088978339 20 20 36.5824417920066 51.9271947759992 52.7413037744957 77.758244530492 86.6638117540019 82.3276235080037 81.7633830219973 69 69 69 69 69 69.1092078360012 72 76.9771899396056 89 85.5 64.5995474509246 60.472162125994 60.832154427659 47.027837874006 39.5868166968968 33.2012861960137 47.3276235080037 47 57.7997856339977 61.9271947759992 62 66.1884384663957 14.7267100377269 0 0 0 0 0 0 0 0 0 0 0 0 0 0 0 0 0 0 0 0 0 0 0 0 0 0 0 0 0
22 22 22 23.2922927260148 22 22 22 22 73 73 73 73 73 72.8668811480772 30.7280522400083 51.2235798184948 49.6359738799958 26.7140696458472 36.455110692104 21.1648835840133 30.5149756629561 52 52 71 59.9079216399875 81.8076586470133 91 83.4865404486735 61 55.4512912725186 60.7087791039967 53 53 72 72 48 88.7627010562551 85.5 66.8185853156055 32.2730195900031 59.944324251988 46.0879176524239 42.7541662166797 64.7765565143859 64.6723764919963 47 52.5 59.9271947759992 61.8543895519983 78.5810289448767 23.3227412538692 0.0618844421365182 0 0 0 0 0 0 0 0 0 0 0 0 0 0 0 0 0 0 0 0 0 0 0 0 0 0 0 0
22 22 22.0463022244585 57.5 82.1223961268963 22 22 56.2417573074242 72.7269804099969 73 73 73 73 30.7826561580089 30 49.7517294064258 43.4281392916943 51.3428144805443 47.8286174957568 52 52 52 52 72.9271947759992 92.4826366050747 91 91 72.6916496280079 56.9483825983882 53.6916496280079 53.3458248140039 53.1099677744098 53.4557925884138 72 72.0983922009371 48.5352235449421 88.0164475102465 48.6188444040071 63.8629542899927 64.748928471361 42.3640261200042 52 47.0289388989656 47.091006530001 47 47.0636655499513 58 57.3285936786859 67 85.3179869399979 33.0162026981059 3.46188452882489 0 0 0 0 0 0 0 0 0 0 0 0 0 0 0 0 0 0 0 0 0 0 0 0 0 0 0 0
20.9635973879996 22 26.1456104480017 45.4294116244247 91.7077072739852 51.8640261200042 48.4282666060106 73 73 65.3137971068937 73 73 73 30.7826561580089 30 49.2719477599917 49.8842444735701 40.9635973879996 44.7709537722386 52 52 52 52 94 74.0089546022636 71.4183181464019 89.9625255579882 53.6916496280079 72 72 72 72 53.3458248140039 72 80.5 89 48 53.6128531097138 58.9193867370187 70 69.563168655995 52.6552470160075 55.1945344850675 51.4946847221206 58 56.9079216399875 38.0752356448207 42.5 67.3276235080037 80.5 58.0546039180006 6.86188462419232 0 0 0 0 0 0 0 0 0 0 0 0 0 0 0 0 0 0 0 0 0 0 0 0 0 0 0 0
20 20.9635973879996 26.1456104480017 24.628743915739 22 91.7077072739852 83.3640261200042 73.3640261200042 73 65.7730195900031 72.7269804099969 73 73 52.2826561580089 30 30 30 30.8008574640091 41.4004287320046 52 75.7020753293704 52 51.976848922487 94 53 62.5 65.7567329703803 72 72 72 72 72 62.8458248140039 72 80.1905777979965 85.7766593081605 48.2778133467508 47.4817986939998 54.5576399064473 56.8458248140039 61.9256748991821 57.2803274956326 56.9079216399875 56.9079216399875 28 28 28.2372988743125 49.2462535460085 72.3725908579985 80.6638117540019 57.1162737947209 6.73811573991929 0 0 0 0 0 0 0 0 0 0 0 0 0 0 0 0 0 0 0 0 0 0 0 0 0 0 0 0
20 21.8382049426343 26 26 22 56.2077072739852 93 62.6466822780131 66.3581548710561 72.5022511044296 52.2826561580089 65.5 73 73 18 18.9305466633123 30.4004287320046 41 41 52 75.563168655995 63.563168655995 50.5096365680058 86.0333024453564 47.5 53 71.7641429604058 72 72 72 72 72 72 72 72 71.5449673499948 71.5449673499948 47.1099677744098 56.8458248140039 66 41.1781836872473 28.2488744477852 28 28 29.2376888080141 49.7376888080141 69 69 69.9450296410278 55 26.4571743176233 3.33811565323091 0 0 0 0 0 0 0 0 0 0 0 0 0 0 0 0 0 0 0 0 0 0 0 0 0 0 0 0
20 24.8179869399979 26.1919127071764 26.0182013060002 26.1456104480017 60.1614050495268 92.217947696202 93 93 30 49.9992433009861 65.5 73 73 19.3193995797681 20.2262495408333 28.161531545611 41 51.4722401680928 51.9817986939998 63.2853553092442 52.87366268801 62 68 47.5 53 72 72 72 72 72 72 72 72 71.4002728551668 55.2148235879869 47 59.7567329703803 66 66.091006530001 68.7563921843958 71 37.0632226811825 73.6556757972601 95.0171294759888 77.8720109453588 68.9189710551233 69.5628022150235 55 54.4583291292679 12.2398717453884 0 0 0 0 0 0 0 0 0 0 0 0 0 0 0 0 0 0 0 0 0 0 0 0 0 0 0 0 0
20 20 29.714825425903 23 23 26.4594855622779 29.8725908579985 80.8403715229324 81.0546753692132 91.8533177219869 74.8629542899927 65.7730195900031 73 18 27.7457121803532 49.7614436233652 29.7815843279975 40.8726689000973 47.7826799750798 65.1990355757362 52.87366268801 76 61.5995712679954 70.0568832074334 42 53 62.5 72.3276235080037 72 72 72 72 71.1627399239904 58.6627399239904 43.1397684709536 48.1754650927811 48.7837279880204 66.6370457100073 66.1820130600021 71 71 38 91.8634462073644 69 69 69 69 55.0752411234241 55.4732339560054 42.360426837633 5.63987125772794 0 0 0 0 0 0 0 0 0 0 0 0 0 0 0 0 0 0 0 0 0 0 0 0 0 0 0 0 0
20.9100653000104 20.1446944253955 41.0425269760056 23 23.87366268801 23.87366268801 23 23 23 39.8629542899927 57.3629542899927 65.2269804099969 73 46.5010718300114 72.1925167340309 74.0115755040403 45.9672901197877 33.5995474509246 51 53.6990355757362 76 65 54 74 42 53.1099677744098 76.6638117540019 80.8882782919092 78.0426642434912 71.3265516779923 70.3254798479809 70.3254798479809 41.1152779749785 28.5481828400291 27.2740914200145 85.1177725739956 71.810491490628 68.9573357565088 58.6429647175974 70.5813699619952 71 38 96 80.8800837659815 57.6851352058008 58.3727676443727 68.9817986939998 63.7282913666636 45.7863466142309 11.2408560805197 1.31049246146381 0 0 0 0 0 0 0 0 0 0 0 0 0 0 0 0 0 0 0 0 0 0 0 0 0 0 0 0 0
29.2730195900031 23.5149756629561 34.2912208960033 24.7473253760199 75.1713825042432 71.8008574640091 32.9020566575849 31.2275365055658 24.2740914200145 23 23.6370457100073 48.1092078360012 74.9884244959597 66.2866842962925 74.6571873573719 75 74.9635973879996 62.4004287320046 51.527837874006 27.3447529839925 76 65 54 54 44.0568832074334 62.6638117540019 81 81 81 53.5 26 26 26 96 95.8784566521175 61.0085647379944 48.3276235080037 65.3793235507807 48 50.8577901435004 71 71 95.7087791039967 38.7644548520087 38 38 53.5460391800062 55.1433765928876 13.9723858289028 1.31049246146381 0 0 0 0 0 0 0 0 0 0 0 0 0 0 0 0 0 0 0 0 0 0 0 0 0 0 0 0 0 0
36.5 13 21.2912208960033 29 42.800906936067 76.7001365237439 90.6702328319734 59.8351164159867 56.944324251988 23.2184156720025 29 52.5652345507114 74.7279744747018 50.6445386179902 74.0364026120004 74.9635973879996 56.3712322671901 56.4986414091915 28.9464679120108 10 52 65.4004287320046 54 54 48.2730195900031 66.4903634319942 81 81 81 73.5 27.4561044800166 53.4023196013111 65.854136761282 94.7259085799855 71.9453960819994 48 48 53.5 44.5 41 71 71 80 52.5653599501596 38 39.0920783600125 62.1700695053247 16.9019970716715 3.45433936802363 0 0 0 0 0 0 0 0 0 0 0 0 0 0 0 0 0 0 0 0 0 0 0 0 0 0 0 0 0 0 0
36.2279744747018 13.225723335556 29.4186300380048 29 29 29 29 29 29 29 73.3254798479809 74.7279744747018 51.5 51.7720255252982 67.527307510376 75 72.8831975966866 80 45 10 43.3276235080037 61.629474959766 53.1627399239904 53.1627399239904 69 54.1952636911782 67.0728052240008 81 81 73.7730195900031 73.7730195900031 81 46.2730195900031 50.8822274260044 80.8263666062064 56.8725908579985 48 44.6041800223897 44.3725908579985 50.8577901435004 66.4038293235066 71 80 59.8918639940102 38.6082628952392 43.3529634425424 13.7558878846537 1.88865091723751 0 0 0 0 0 0 0 0 0 0 0 0 0 0 0 0 0 0 0 0 0 0 0 0 0 0 0 0 0 0 0 0
93.4346876839821 52 52.4186300380048 29 29 29 29 29 29 29 51.1627399239904 75 51.2279744747018 74.7279744747018 58.972692489624 50.6445386179902 73.5 76.5 44.0535320879892 10 10.8008574640091 54 30.1627399239904 31.3208416912787 80.563168655995 81 39.1137664148667 79.7623111919859 81 81 79.9625255579882 78.9250511159763 72.2194389316556 79.285349522555 62.58704984293 53.6446944253955 48.3276235080037 41 54.5 56.4914352620056 71 62.1905777979965 79.5672804470005 83.6274091420015 71.892555718989 22.5969712682972 3.06002778066277 0 0 0 0 0 0 0 0 0 0 0 0 0 0 0 0 0 0 0 0 0 0 0 0 0 0 0 0 0 0 0 0 0
52 52.4186300380048 56.452538050988 29.8372600760096 29.4186300380048 29 40.5 29 29 29 37.7219821010311 44.2993330356742 50.9165641432884 28 74.7279744747018 28.8554613820098 73.5 78.9261229459877 10 19 32.8008574640091 54 31.8372600760096 55.5 68.9453960819994 80.6064311268193 81 47 81 81 81 81 57.2591984735636 62.3725908579985 48.3276235080037 41.4550326500052 44.5172852833941 44.8301419240918 68 69.4826366050747 70.7889699989335 54 71.1006430980069 87 62.1913753713123 10.5167150455656 0 0 0 0 0 0 0 0 0 0 0 0 0 0 0 0 0 0 0 0 0 0 0 0 0 0 0 0 0 0 0 0 0 0
63.9186300380048 75 74.8668811480772 52.1331188519228 52 29 40.6331188519228 52 40.9186300380048 37.3033520630263 75 45.1547944176839 36.9115897283453 74.1445386179902 29.127486907308 74.9635973879996 73.9453960819994 68.7866842962925 19.3276235080037 19.4732339560054 54 54 55.5 55.5 67.9914352620056 70.582013010754 14.2376888080141 47 81 81 81 79.9625255579882 41.7025722233267 59.2912208960033 53.5 48.7446601016586 49.3595198512986 41.4550326500052 67.5085647379944 68.9857773602255 69.632833124845 47.2633830219973 85.3254798479809 64.3859939940986 15.9872802941588 1.88865091723751 0 0 0 0 0 0 0 0 0 0 0 0 0 0 0 0 0 0 0 0 0 0 0 0 0 0 0 0 0 0 0 0 0 0
63.5 52.4186300380048 67.4423600935527 75 56.0754789454755 29.8372600760096 52.4186300380048 52 52 63.0813699619952 70.7148272638192 74.9635973879996 74.9635973879996 67.7629304236738 73.9884244959597 72.5182013060002 72.7988154633155 36.0868363712618 27.5681965043228 53.8495177531519 54 54 55.5 54.568824719859 66.4001612351488 79.598499437984 79.7623111919859 47 81 81 61.232724469129 43.0597044120886 53.0007548610978 59 53.5 53.5 66 49.214825425903 54.9914352620056 51 51 41 26.5217554815683 11.2672800336393 1.88865091723751 0 0 0 0 0 0 0 0 0 0 0 0 0 0 0 0 0 0 0 0 0 0 0 0 0 0 0 0 0 0 0 0 0 0 0
63.548212242337 63.5 75 75 75 75 75 63.9186300380048 52.8372600760096 52.5153462779272 62.6680796292049 71.6531033559846 71.6531033559846 73 73 73 51.5738770540123 10 19 54 54 54.3140064358561 55.9968574763655 56.3420829929892 4 4 81 47 81 81 81 24.6370457100073 47.7904660349055 59 52.3001502370531 41 67.0364026120004 66.3792152546285 68 59.5 50.1445386179902 46 12.5741539371764 0 0 0 0 0 0 0 0 0 0 0 0 0 0 0 0 0 0 0 0 0 0 0 0 0 0 0 0 0 0 0 0 0 0 0 0 0
53.824437307128 75 75 75 73.5126768057921 42.8715190279871 34.9775985302078 74.4002728551668 74.0899346999896 48.8151277379254 36 36.2548182840029 55.8286953380152 73.6552470160075 73 76.5 78.7259085799855 10 26.5419075444772 54 54 50.5142208018583 32.6456104480017 55.5 4 43.901500562016 81 47 81 81 80.5921855970594 44 40.2002143660023 38.2826561580089 50.6552470160075 41.1562699988683 54.9914352620056 68 68 59.1905777979965 14.2388486332937 37.9438716536644 11.0868738621252 0 0 0 0 0 0 0 0 0 0 0 0 0 0 0 0 0 0 0 0 0 0 0 0 0 0 0 0 0 0 0 0 0 0 0 0 0
78.0449673499948 74.7361200840464 69.5 55.9696822331162 26.4621893251332 84 59.0096365680058 78 78.4732339560054 78.4732339560054 78.3118580319943 86.7282895287474 91 91 82.3276235080037 73.4550326500052 79.0535320879892 20.2740914200145 41 54 54.4865390358241 32.7002143660023 55.0495515838473 55.070661563978 4.44565888437557 80.3083503719921 65.6043066332351 72.5 80.6905777979965 72.1905777979965 64 25.2245933577243 39.908993469999 59.0520899764786 67.8767806911028 41 54.4016077990629 67.3811555959929 51 53.5171294759888 30.0171294759888 22.5 9.21775477077914 0 0 0 0 0 0 0 0 0 0 0 0 0 0 0 0 0 0 0 0 0 0 0 0 0 0 0 0 0 0 0 0 0 0 0 0 0
69.0449673499948 69.5 64 74.3640261200042 83.8032155981259 66.8907921639988 64.5096365680058 76.9989281699886 90.6881419680057 91 91 91 91 91 91 84.3533177219869 66.0535320879892 41.4732339560054 54 54 43.2002143660023 5.92933843602202 4.96466921801101 4.7098509340081 24.2098509340081 43 43 53.5 64 64 44.7280522400083 26.8562804213048 36.7173438419911 61.9573357565088 58.5 51 51 50.1445386179902 4 30.0171294759888 30.0171294759888 22.5 9.4484794602063 0 0 0 0 0 0 0 0 0 0 0 0 0 0 0 0 0 0 0 0 0 0 0 0 0 0 0 0 0 0 0 0 0 0 0 0 0
62 60.0852862879398 72.3087149750475 80.7766593081605 67.2002143660023 64 76.9989281699886 49.4989281699886 64.1620577508884 72.2051931251034 66.1579403805535 72.5 91 91 91 54.2141477967995 54 54 53.7361200840464 53.5995712679954 43 56.4903634319942 4 23.5 43 43 43 53.2393159218782 64 64 64 40 16 59.87366268801 51 51.4078144029406 50.7279744747018 50.1445386179902 4 31.6703305262747 30.0171294759888 42.0192731360116 13.086937867328 0 0 0 0 0 0 0 0 0 0 0 0 0 0 0 0 0 0 0 0 0 0 0 0 0 0 0 0 0 0 0 0 0 0 0 0 0
67.6856289610886 70.7544536809475 62.541849346902 58.4364667409496 58.5 50.5 24.0555196638145 24.6017149280183 75.9143087478784 90.3265516779923 39.4903634319942 54 90.3265516779923 91 72.2858522032005 53.8379422491116 53.8379422491116 54 44.7234191352309 43 43 43 43 67 64 49.9004525490754 53.8822274260044 43 64 64 64 40 17.5088763875212 83 83 67.3265516779923 11.8483731441578 34.6718070264171 4 29.771344030281 17.504837943527 41 14.4802992235536 0 0 0 0 0 0 0 0 0 0 0 0 0 0 0 0 0 0 0 0 0 0 0 0 0 0 0 0 0 0 0 0 0 0 0 0 0
76.7002143660023 74.7730195900031 82 67 64.4438716536644 66.3447529839925 67 67 67.2366169780027 73.2633830219973 26 39.4903634319942 26 70.8072785419807 26 26 26 39.8379422491116 25.5267660439946 42.4539608199938 43 43 43 90.12633731199 64 53.6215433478825 63.8784566521175 53.8822274260044 64 64 64 40.87366268801 74.8094222020035 83 82.2563383681798 50.1734483220077 41.8822274260044 36.8720109453588 51.12633731199 51.9363344500487 41 40.6119481616302 8.96029968908752 0 0 0 0 0 0 0 0 0 0 0 0 0 0 0 0 0 0 0 0 0 0 0 0 0 0 0 0 0 0 0 0 0 0 0 0 0
81.6207847453715 82 82 67 49 49 66.7916400246531 67 73.5 67.4732339560054 26 27.2012861960137 26 26 26 25.7633830219973 25.7633830219973 17.4565827333272 13 13 42.2803274956326 51.5053498523166 43.87366268801 77.1177725739956 77.5 63.1991425359909 64 63.1809412299907 63.1809412299907 55.4676255262832 64.0364026120004 66 83 77.6863819842702 52 52 52 52 41 44.8402464147204 41 30.5167236657747 6.4304493817122 0 0 0 0 0 0 0 0 0 0 0 0 0 0 0 0 0 0 0 0 0 0 0 0 0 0 0 0 0 0 0 0 0 0 0 0 0
80 81.7651370251108 67.6552470160075 53.0192731360116 41.6215433478825 31 31.6552470160075 55.5 75.7282895287474 80 26.9828705240112 59 26 26 27.055675748012 26 19.5 19.5 13 13 13 52 67.87366268801 91 71.2503851815375 20.8813605273411 48.7447767518153 41.5 41.5 33.7866842962925 64.1809412299907 66 74.5 82.4357595139936 52 52.1274091420015 52 46.7002143660023 41 73.5408510387651 67.1848722620746 48.1683642739465 3.21014987012654 0 0 0 0 0 0 0 0 0 0 0 0 0 0 0 0 0 0 0 0 0 0 0 0 0 0 0 0 0 0 0 0 0 0 0 0 0
