rasters/edaphic/T_SILT.asc
NCOLS 720 
NROWS 300 
XLLCORNER -180 
YLLCORNER -60 
CELLSIZE 0.5 
NODATA_value -9999 
[rows 36 to 71 of 300, columns 0 to 80 of 720]
16.3940052407714 21.0770882156245 20.2775092226696 16.0438923207193 8.09698092431132 2.38586720494267 0 0 0 0 0 0 0 0 0 0 0 0 0 0 0 0 0 0 0 0 0 0 0 0 0 0 0 0 0 0 0 0 0 0 0 0 0 0 0.0937269875628867 3.07856645859607 6.99957207384544 7.02179716519254 3.22946501386864 0.349465089090483 0.244625553684279 0.104839520217851 0 0 0 0 0 0 0 0 0 0 0 0 0 0 0 0 0 0 0 0 0 0 0 0 0 0 0 0 0
62.2707400515697 60.7066354439738 60.7066354439738 44.9961706272453 38.9150525120462 3.59999990463257 0 0 0 0 0 0 0 0 0 0 0 0 0 0 0 0 0 0 0 0 0 0 0 0 0 0 0 0 0 0 0 0 0.104839520217851 1.20462554307543 5.14946513023935 8.98946520267372 9.94946547056021 9.94946547056021 12.5241977568215 18.7513742791208 47.4041506413827 48 23.0235565484922 20.2483959607784 17.4732349135856 12.6769576376077 9.71434351254956 9.79695798264584 8.9656312220801 5.11451863868842 1.13473251223875 0.0698930134785671 0.104839520217851 0.244625553684279 0.314518571502376 0.244625553684279 0.104839520217851 0 0 0 0 0 0 0 0 0 0 0 0 0 0 0 0 0 0
14.1242192012119 14.7193365914578 14.1017477668375 15.5629480272531 10.6422033058566 3.51481779567606 0 0 0 0 0 0 0 0 0 0 0 0 0 0 0 0 0 0 0 0 0 0 0 0 0 0 0 0.0349465067392836 1.13473251223875 5.11451863868842 8.98946520267372 9.94946547056021 12.8294651255221 18.3982884428235 35.9743050388651 48 48 48 48 48 48 48 48 48 48 47.4041506413827 46.2526746239805 47.4041506413827 48 35.0492515096271 16.0938768032463 11.8694655468542 13.2837697066235 17.053876806677 19.3233424315405 17.4732349135856 12.8294651255221 8.98946520267372 5.14946513023935 1.30946506980258 0.349465089090483 0.349465089090483 0.349465089090483 0.349465089090483 0.349465089090483 0.349465089090483 0.349465089090483 0.349465089090483 0.244625553684279 0.104839520217851 0 0 0 0 0
0 0 0 0 0 0 0 0 0 0 0 0 0 0 0 0 0 0 0 0 0 0 0 0 0 0 0 0 0 0 0 0 0.0349465067392836 4.01473263969825 13.2138766888054 35.0492515096271 48 48 48 48 48 48 48 48 48 48 48 48 48 48 48 48 48 48 48 48 48 48 48 48 48 48 48 48 35.9743050388651 21.1734494900164 20.2483959607784 20.2483959607784 20.2483959607784 20.2483959607784 20.2483959607784 20.2483959607784 20.2483959607784 20.2483959607784 17.4732349135856 12.8294651255221 7.06946510902165 3.22251966631338 0.314738403388514 0.307793073191368 0.328629063782808
0.0193651048927818 0 0 0 0 0 0 0 0 0 0 0 0 0 0 0 0 0 0 0 0 0 0 0 0 0 0 0 0 0 0 0.104839520217851 4.08462563147917 16.0589307538163 48 48 48 48 48 48 48 48 48 48 48 48 48 48 48 48 48 48 48 48 48 48 47.7221866532492 48 48 48 48 48 48 48 48 48 48 48 48 47.2803274956326 47.4539608199938 48 48 48 48 48 48 17.0581250074726 13.3739436217463 13.016463543842 14.3095820405544
9.44042943355143 8.75585739163215 4.22398309854512 1.02389747352837 0.112848100238959 0 0 0 0 0 0 0 0 0 0 0 0 0 0 0 0 0 0 0 0 0 0.994946485281611 4.97473261173129 8.95451867640655 9.94946547056021 9.94946547056021 12.8294651255221 21.1734494900164 48 48 48 48 48 48 48 48 48 48 48 48 48 48 48 48 48 48 48 48 48 48 48 48 48 48 48 48 48 47.6527333512777 46.9079216399875 46.9079216399875 46.9079216399875 42.3117509634942 27.8577901435004 18 18 18 18 18 18 18 18 18 18 18 18 18
62.4242619826196 39 30.3409327778806 17.8328296187671 9.60113976997774 3.23817366999618 1.02481728020423 0.102655363411035 0 0 0 0 0 0 0 0 0 0 0 0 0 0 0 0 0 0 2.88000011444092 29.7600002288818 48 48 48 48 48 48 48 47.2803274956326 46.9079216399875 46.9079216399875 46.9079216399875 32.4539608199938 42.3117509634942 46.9079216399875 46.9079216399875 46.9079216399875 48 48 48 48 48 48 48 48 48 48 47.8263666756389 47.2803274956326 46.9079216399875 46.9079216399875 42.3117509634942 18 18 18 18 18 18 18 18 18 18 18 18 18 18 18 18 18.3472666487223 18.3472666487223 18 18 18 18.3472666487223
17.6723764919963 17.5681964869647 58.9194439577535 41.2006046240447 28.525090100338 30.300571865827 19.6526701344301 12.6020982640073 6.62394898360051 2.90844594624944 0.133666188101387 0 0 0 0 0 0 0 0 0 0 0 0 0 0 0 2.84505360119234 29.026123567829 46.9865513110701 48 48 48 43.4038293235066 18 18.5460391800062 19.0920783600125 18 18 18 47.2803274956326 47.8263666756389 48 28.2844197129992 23.6882490365058 19.0920783600125 18 18 18 18 18 18 18 18 18 18 18 18 18 18 18 18 18 18 18 18.1736333243611 19.0920783600125 19.0920783600125 38.1422098564996 48 48 48 48 48 48 48 48 48 48 48 48 48
22.961454080518 4.43222260386303 0.968781078448932 17.6089925264168 32.8421850958466 63 55.1137682527829 47.2275365055658 42.936831344005 21.7018149899841 8.59179902897797 1.18282687854355 0.334904023460575 0.334904023460575 0.301413626321953 0.167452016069817 0.0334904036479164 0 0 0 0 0 0 0 0 0 0.925053471803044 4.62526753131986 11.2054814115939 16.930535138076 34.7511772617646 47.0564442941719 48 48 40.6461261824442 32.4539608199938 18 18 18 18 18 27.8577901435004 46.9079216399875 42.3117509634942 18 18 18 18 18 18 18 18 18 18 18.1736333243611 19.0920783600125 19.0920783600125 19.0920783600125 19.0920783600125 19.0920783600125 19.0920783600125 19.0920783600125 38.1422098564996 48 48 48 48 48 48 48 48 47.9479100235214 48 48 48 48 48 47.7840982695195 47.6723764919963 46.2935258404231 44.9146751888499
17.4086425310047 23.6740521762187 20.9062701913871 44.090299303046 54.8998726364356 53.837445320439 60.086081510164 59.9471748367886 62.12633731199 51 30.9064017266077 12.9293374784418 16.7451831716785 19.4047117236282 18.9650895296815 13.908519516683 6.75169036550301 2.35890088095954 0.0106495102801934 0 0 0 0 0 0 0 0 0 0.028394036318837 1.06702365339723 4.88081386686845 12.4210277917988 32.9382008668349 47.0498918476189 48 48 47.7051388289101 47.9479100235214 47.6723764919963 47.6723764919963 47.6723764919963 46.2935258404231 44.9146751888499 47.6723764919963 47.6723764919963 47.6723764919963 47.9479100235214 28.2844197129992 28.2844197129992 28.2844197129992 48 48 48 48 48 47.9479100235214 47.6723764919963 47.6723764919963 47.6723764919963 47.6723764919963 47.6723764919963 47.6723764919963 47.6723764919963 47.6723764919963 47.6723764919963 46.2935258404231 41.957337594425 39 39 39 39 39 39 39 39 39 39 39 39 39 25.0546039180006
45.9215630387441 50.1054947263773 44.653103355985 22.7087791039967 1.73475580727477 31.0085647380109 45.5868344986294 0.655247016007479 19.8276235080139 50.1809411952744 33.4189552990741 26.234564525368 46 46.4078144029406 45.9447922277884 51.4228736103731 33.1284809720129 4.96479600220325 4.21648951343039 2.56473214506035 0.937259261480488 0.028394036318837 0 0 0 0.085182108956511 0.198758254231859 2.62394028603674 6.52394038140417 12.3246686256377 15.7002153235825 14.3704508178681 11.5751183513159 12.2694215316209 18.5944751562262 38.4561449919889 38.8821560836703 39 39 39 39 39 39 39 39 39 39 39 41.957337594425 47.6723764919963 47.6723764919963 47.6723764919963 47.6723764919963 47.6723764919963 47.6723764919963 39 39 39 39 39 39 39 39 39 39 39 38.774276664444 39 39 38.5158723841897 39 39 39 39 39 39 39 39 39 38.5449673499948 14
18.1444318665018 17.9843063865993 18.7644548520087 62.12633731199 50.1809412299907 39.3152879961224 43.5505995967879 25.2826799750798 31.4566349931241 40.063168655995 24.8942569336981 41.1786068891706 43.1137682527829 62.4790999574841 40.7491865467479 20.7782222597057 45.4903634319942 24.3387214779507 12.987518017103 25.3541726921705 5.68608219278621 0.779999971389771 0 2.36839395048815 5.6019699986807 10.3955462020342 14.1970029939616 18.7066386043872 39 39 39 39 22.4646689689604 17.2034271937244 18.7066386043872 24.7194860849547 35.9935753407582 39 39 39 39 39 39 39 39 39 39 39 39 39 39 39 39 39 39 39 39 39 39 38.9826366745071 38.8907921639988 38.9826366745071 39 38.9652733490143 38.8907921639988 38.8907921639988 38.8907921639988 38.8907921639988 38.9280327565065 39 39 38.2901490486338 39 39 39 39 39 39 39 26.6446944253955 14
38.2260102393147 15.9282696440642 27.0569808729622 38.7393158871619 18.8513495215718 18.4450020531883 17.9566216463796 35.0182251230711 21.1081112699609 40.063168655995 50.0593978821081 29.8619066295935 40.2488219436925 59.2670227401547 36.637338544025 14.6366563709229 0.837260076009557 25.0762699937016 46.4003128156303 11.9325912629824 5.07160609805325 0.779999971389771 0 3.11999988555908 38.4321192562651 39 39 39 39 39 39 39 39 39 39 39 39 39 39 39 39 39 39 39 39 39 39 39 39 39 39 39 38.9826366745071 38.8907921639988 38.8907921639988 38.8907921639988 38.8907921639988 38.8907921639988 36 36 36.0372405925078 36.5340980688732 38.8907921639988 38.8907921639988 38.9453960819994 39 39 38.0142208018583 36.1092078360012 36.1092078360012 38.4485386056339 38.8907921639988 38.8907921639988 38.8907921639988 38.8907921639988 38.8907921639988 38.9826366745071 39 38.8553055746045 26.0449673499948 14
39.130668995635 9.21546406610861 6.55158421980352 10.5329118594606 11.5121196788205 7.75087785208592 6.50987224910638 12.1609430463776 31.5904028002904 21.2173191059621 35.0182251230711 17.9652733490143 50.5805319814879 18 45.8379422491116 18.8347447052881 10.8480459702991 7.7500514948871 7.10582178081707 2.45946333698712 0 0 0 3.03481777660257 9.16124186192443 16.8760594842237 33.3128476713023 39 38.7569133042349 38.7569133042349 38.4962292261131 35.0182251230711 18.1215433131663 25.0219958622417 38.2355451479913 39 39 39 39 39 39 35.0182251230711 18 24.9004525490754 35.7826799750798 39 39 39 38.9280327565065 38.431175280141 36.0719672434935 35.8834845004453 36.0846971040487 37.9968574763655 38.9280327565065 38.9652733490143 38.9826366745071 39 36.568824719859 36.1092078360012 36.1092078360012 38.0142208018583 39 36.0546039180006 36.0719672434935 37.0949870341429 38.4485386056339 38.8907921639988 39 39 39 38.4962292261131 38.2355451479913 38.6177725739956 39 36.1092078360012 36 24.3447529839936 14 14 14
7.78300174641664 2.31263376565993 0 0 0 0 0 4.84314482660163 9.24264845648448 28.9124517485787 19.4095573876748 19.0531972967909 8.89079216399875 31.0085647379944 39.6809412299907 31.3156308874489 3.82689514780282 0 0 0 0 0 0 0 0 2.28321184153164 9.99802968489141 38.0122677448508 21.5570607154185 18.7644548520087 39 38.0957591123551 38.0999169544477 39 32.0995465319665 38.1666389912591 38.2049669483563 35.2419705543848 39 39 18 18 18.3822274260044 38.5158723841897 39 26.1848727215537 39 39 36.1092078360012 24.2798597556966 36.1092078360012 36.1092078360012 36.1092078360012 38.0142208018583 39 39 39 39 39 39 39 39 39 38.9826366745071 38.9280327565065 39 39 36.568824719859 37.5546039180006 39 18.7644548520087 18.7644548520087 18.7644548520087 18.7644548520087 18.2430866263326 39 38.0142208018583 36.0719672434935 18.1713825042432 14.5277598319072 14
0 0 0 0 0 0 0 0 0.886509613041384 2.29150462199883 4.0782241920565 3.71025851320026 4.80893502601243 13.1930616122531 11.0906208012397 6.25991417037211 2.67867251498861 0.283940380546488 0.283940380546488 0.198758254231859 0.085182108956511 0 0 0 0 0 2.2548178052128 5.08449450189625 8.84046897598081 11.8317761427388 11.7619269102269 9.85605949461817 9.85605949461817 12.7284351761788 12.5659935232579 9.47438768269667 9.27481755639979 17.1316062792514 39 28.8822274260044 18 21.7210898451328 38.774276664444 39 39 39 39 39 39 39 39 39 38.9942122479799 38.9635973879996 38.821967876726 38.6687628614121 38.8343814307061 39 39 39 39 37.4330605701181 35.3447529839925 35.3447529839925 35.3447529839925 35.3447529839925 37.1723764919963 39 39 39 39 39 39 39 39 39 39 39 37.5546039180006 36.0173633254929 36
0 0 0 0 0 0 0 0 0 0 0 0 0.346895073464222 0.693790146928443 0.693790146928443 2.33999991416931 6.68094341351274 8.93576167820458 11.1905792536779 11.9421854184883 10.1967879391233 7.07678805356419 3.89999985694885 0.779999971389771 0 0 0 0 0 0.028394036318837 2.48197010444256 4.93554616388722 4.18394022881628 2.62394028603674 8.48145662026603 12.6937911238197 12.7639399574991 19.0535342522002 32.8006435443308 38.4962292261131 18.3822274260044 33.0249777529754 39 39 39 39 39 39 39 38.9942122479799 38.9635973879996 38.4817986939998 38.5182013060002 39 39 39 39 39 38.8784566521175 38.2355451479913 35.0182251230711 18 38.8784566521175 18.7644548520087 18.2803272361985 18.2803272361985 14.5870503024096 18.0523240854168 18.1587839143531 17.6723764919963 18 18 35.2789092011929 39 38.9826366745071 38.9826366745071 39 39 39 37.5372405925078 36
0 0 0 0 0 0 0 0 0 0 0 0 0 0 0 2.33999991416931 5.45999979972839 7.80000019073486 10.1399998664856 38.0062086854454 38.5173013565426 37.8926325401701 20.435331117728 0.779999971389771 0 0 0 0 0.00902893305337882 3.1845096562612 11.7421198677647 39 29.2291221548593 18.7066386043872 30.7323344844802 39 39 39 28.5 18.1215433131663 38.5158723841897 39 39 39 39 39 39 38.9817986939998 38.0182013060002 38.1896076273143 39 39 39 39 39 38.8784566521175 38.2355451479913 28.1177725739956 12.1569711288298 5.73884840666002 18.3822274260044 21.9817739579708 18.7644548520087 39 39 39 21.9817739579708 39 39 27.0499555059508 14.2348286869835 19.2240712763874 32.0995465319665 39 37.4453960819994 36 36.9857791981417 38.9453960819994 39 37.5 36
0 0 0 0 0 0 0 0 0 0 0 0 0 0 0 0 0 0 2.2548178052128 6.04124174662583 9.07605929348887 8.32445358815746 3.75802967535467 0.751605935070934 0 0 0 0.028394036318837 2.72999992817462 10.4462085131131 38.5158723841897 33.0249777529754 38.2901490659927 39 39 39 39 39 39 32.7992544174194 39 39 39 39 39 39 39 38.5 38.4817986939998 39 39 39 39 38.4962292261131 24.9004525490754 18 12.0853259598477 0.655247016022268 0.655247016017565 18.7280522400083 38 39 38.2355451479913 38.2355451479913 38.8784566521175 39 39 39 39 39 39 39 38.4962292261131 38.2355451479913 38.4962292261131 39 36.1092078360012 36.0173633254929 38.431175280141 37.4453960819994 36
0 0 0 0 0 0 0 0 0 0 0 0 0 0 0 0 0 0 0 0 0 0 0 0 0 0 0.808394007708608 4.82197001861187 14.0384877072248 39 38.5158723841897 39 20.2098509340401 38.5158723841897 39 39 39 39 39 39 33.0249777529754 39 39 38.9760109419797 38.9817986939998 39 38.3525827367063 38.0364026120004 38.0364026120004 39 39 39 18 18 18 18 18 21.7921663306566 38 38 38 24.9004525490754 14.9146738104128 9.32762350801853 18 24.9004525490754 38.6177725739956 38.774276664444 39 39 24.9004525490754 9 11.6535224468124 17.3447529839927 17.7765564883488 17.8958199949684 18 26.6723764919963 35.5681965043228 36 35.5995712679954
0 0 0 0 0 0 0 0 0 0 0 0 0 0 0 0 0 0 0 0 0 0 0 0 0 0 1.55999994277954 22.6199998855591 39 39 38.774276664444 39 39 39 39 39 39 39 39 39 39 39 38.0364026120004 38.0364026120004 38.5182013060002 39 39 39 39 39 39 39 20.2098509340081 18.7644548520087 17.8958199949684 6.56992082643509 17.8958199949684 28.3640261200042 38 38 38 38 37.5202183188497 17.8958199949684 15.138117313385 17.8958199949684 17.3447529839925 38.2355451479913 38.7569133042349 38.8784566521175 39 16.0670999178185 12.8497808118564 0.776790329173779 0.327623508004298 9.32762350800374 17.6723764919963 17.3447529839925 17.3447529839931 23.9146742698919 35.3447529839925
0 0 0 0 0 0 0 0 0 0 0 0 0 0.056788072637674 0.056788072637674 0.028394036318837 0 0 0 0 0 0 0 0 0 0 1.5316059064607 8.43802973343281 26.8173015472775 38.7070306901972 39 39 39 39 38.5158723841897 39 39 39 39 39 39 38.2355451479913 38.6177725739956 39 39 39 39 39 39 39 39 39 38.4962292261131 38.2355451479913 17.3447529839925 17.6723764919963 21.7921663306566 37.8371782141872 37.9170020196434 37.899528782547 38 28.3640261200042 17.7765564883488 9.32762327826422 15.2422973184166 8.99999977026066 9.32762350800374 15.3580528795627 12.2010815209938 17.8958199949684 15.138117313385 18 35.0182251230711 38.2355451479913 38.2355451479913 15.2422973184166 15.2422973184166 17.5681964869647 0.208359992704986 6.2422973097375 17.448932980345
0 0 0 0 0 0 0 0 0 0 0 0 0 1.55999994277954 2.24145684046881 0.779999971389771 0 0 0 0 0 0 0 0 2.36839395048815 5.6019699986807 8.05554652628346 8.05554652628346 10.9767876720945 20.9614566393395 39 39 39 39 26.1848727215537 39 39 39 39 39 28.1177725739956 18 18 28.1177725739956 39 39 39 39 39 39 28.5 18 18 11.7577024518445 9.32762350800374 30.9737989692057 29.3000020043953 37.7509819658622 38 37.6359738799958 18 18 18 18 15.2669806209005 11.6245228575527 26.8283513104988 38 38 17.3001561369354 11.4937444981314 11.7171880141218 0.327623499344172 0.431803504356233 6.34647731478384 17.448932980345 17.3447529839925 8.67237649199626 3.30876946281984 14.9146738104128 5.91467381041282
0 0 0 0 0 0 0 0 0 0 0 0 0 1.55999994277954 1.55999994277954 0.779999971389771 0 0 0 0 0 0 0 0 3.11999988555908 38.4321192562651 39 39 26.2226984145756 11.6148176916296 26.2091778926684 25.7486259816067 7.39472365558361 39 39 38.7160596194535 39 39 38.6177725739956 24.9004525490754 18 18 15.138117313385 17.8958199949684 28.6215433131663 39 39 39 39 39 28.3958199776103 15.2422973184166 18 15.2422973184166 18 12.3600541200298 19.5447361430764 38.1820130600021 34.1694631418476 21.1589100917567 14.5870503024091 18 6.34647731476906 17.8441968130007 16.1284800144327 37.4874512258114 24.4713482500176 14.9510059463068 11.8651566443222 7.71728684596135 10.7262827568554 11 0.400428732004571 7.76139679674386 13.0732272462198 15.4841732996452 3.02158237213707 8.67237649199626 14.5870503024091 5.91467381041808 6.13811731338539
0 0 0 0 0 0 0 0 0 0 0 0 0 0 0 0 0 0 0 0 0 0 0 0 3.03481777660257 9.16124186192443 15.3160595240861 27.3985430173377 10.7780294265417 3.84321178431118 3.51281968042388 7.86242717513568 11.4950326843178 13.3002427455769 13.7560595813065 19.2291645646339 38.6522256610408 39 24.9004525490754 18 18 18 18 18.3822274260044 39 39 39 39 38.0644257304359 37.5802981319838 25.8559769561325 26.9284121580683 17.8987430673331 17.6199567373117 5.91795726056557 6.93248384018782 41.9818844248073 30.0449673499948 9 0.380043271367312 8.75100613705641 5.78560675461573 4.94349484004152 6.6269077757878 23.5760161365625 8.16856507287567 4.42167001891377 1.46466801138021 0 0.635974272633633 2.14394002333708 3.02393990478383 2.47997174386641 1.99597519417145 2.7719651105258 3.20654956047508 2.49941794007576 2.92886483196188 11.4860625631755 11.5110174550915 7.78313107445157
0 0 0 0 0 0 0 0 0 0 0 0 0 0 0 0 0 0 0 0 0 0 0 0 0 0 0.751605935070934 1.50321187014187 1.50321187014187 0 0 0 0 0 0 6.81481786720163 38.1105547903087 24.9004525490754 18 18.3126570261685 18.3822274260044 18.7644548520087 13.3093974659746 39 39 39 39 39 39 38.774276664444 38.6177725739956 18 13.9035559706948 5.69957166009717 1.52591021772265 4.05130622342809 17.5333185165848 17.528222147086 5.81627408950229 2.1337902041489 1.05379016123356 0.693790146928443 0 1.46466801138021 1.46466801138021 0.732334005690103 0 0 0 0 0 0 0 0 0 0 0 0.804098227771736 1.48191754376584 1.91390896678495 3.17266299220715
0 0 0 0 0 0 0 0 0 0 0 0 0 0 0 0 0 0 0 0 0 0 0 0 0 0 0 0 0 0 0 0 0 0 0 3.69481797730302 17.4889073289028 14.0724203813489 13.0097854584989 10.0960600151325 27.0035765391238 38.5871943743607 30.405694438517 38.1481788930768 38.4037252112672 35.2419705543848 39 33.0249777529754 37.806021450182 39 28.3784566521175 17.8958199949684 17.691506960698 13.4457386364762 12.1661248813169 12.7841978278013 7.58826548521048 3.28826541368491 1.04068522039266 0 0 0 0 0 0 0 0 0 0 0 0 0 0 0 0 0 0 0 0 0 0
0 0 0 0 0 0 0 0 0 0 0 0 0 0 0 0 0 0 0 0 0 0 0 0 0 0 0 0 0 0 0 0 0 0 0 1.04068522039266 2.08137044078533 2.42826551424955 1.04068522039266 1.85010694360609 4.53802964674444 8.38124166079514 9.13284736612655 8.43802973343281 19.0039406302172 39 38.2901490659919 38.0644257304359 38.2355451479913 24.9004525490754 12.0853259598477 17.8182215696797 9.59323393890154 27.8519978314005 42.6461299760063 42.0826175415456 22.6069800369686 0.860000014305115 0 0 0 0 0 0 0 0 0 0 0 0 0 0 0 0 0 0 0 0 0 0 0
0 0 0 0 0 0 0 0 0 0 0 0 0 0 0 0 0 0 0 0 0 0 0 0 0 0 0 0 0 0 0 0 0 0 0 0 0 0 0 0 0 0.028394036318837 2.47250542566961 9.6259316795486 29.576987303447 39 19.1177725739956 28.1177725739956 17.6608710973948 15.1958333612971 15.338604601837 17.6274690746412 18 18 18.5997270754007 15.2098077770817 5.36346875106054 0.828693767464014 0 0 0 0 0 0 0 0 0 0 0 0 0 0 0 0 0 0 0 0 0 0 0
0 0 0 0 0 0 0 0 0 0 0 0 0 0 0 0 0 0 0 0.0313062468411009 0.0626124936822017 0.0626124936822017 0 0 0 0 0 0 0 0 0 0 0 0 0 0 0 0 0 0.0939187405233026 1.07914374219282 5.3748610774378 12.8002578870403 38.6905777979965 38.2597927758978 18 18 12.7295071451479 4.96676635026565 3.48578163843291 25.8025261913191 43 18.9100653000104 33.64562625695 10.9190361570597 5.69346891709687 1.20689508776934 0 0 0 0 0 0 0 0 0 0 0 0 0 0 0 0 0 0 0 0 0 0 0 0
0 0 0 0 0 0 0 0 0 0 0 0 0 0 0 0 0 0 0 0.860000014305115 2.47134993977806 1.72000002861023 0 0 0 0 0 0 0 0 0 0 0 0 0 0 0.0626124936822017 0.125224987364403 2.74963621362221 8.75944334936034 15.4729736933143 30.9998704526588 42.5449673499948 18 17.8034258917261 9.64793514836933 5.64205553157428 2.81447529536669 0.346895073464222 1.68869378176913 12.4782874089494 31.7451822140983 18.2747628350998 7.13827447906465 2.15748831292466 0 0 0 0 0 0 0 0 0 0 0 0 0 0 0 0 0 0 0 0 0 0 0 0 0 0
0 0 0 0 0 0 0 0 0 0 0 0 0 0 0 0 0 0 0 0.860000014305115 1.72000002861023 1.72000002861023 0 0 0 0 0 0 0 0 0 0 0 0 0.953918750488888 4.48783743336289 9.71045001287578 12.5384378883264 14.6226196424281 42.5449673499948 42.0899346999896 23.4571222848406 18 13.5579013548435 4.58826548521048 1.40068523469778 0 0.860000014305115 1.72000002861023 2.58000004291534 5.12869383465006 8.53738787910846 5.95738748724431 0.860000014305115 0 0 0 0 0 0 0 0 0 0 0 0 0 0 0 0 0 0 0 0 0 0 0 0 0 0 0
0 0 0 0 0 0 0 0 0 0 0 0 0 0 0 0 0 0 0 0 0 0 0 0 0 0 0 0 0 0 0 0.0939187405233026 0.156531229865975 2.83045001330462 9.64783752787264 30.5695940623886 42.6556312890874 43 38.7782026227972 17.9592657217127 17.8441968303588 13.8256936196264 6.25164661519226 2.81447529536669 0.346895073464222 0 0 0.860000014305115 21.6086501031373 1.72000002861023 0 0 0 0 0 0 0 0 0 0 0 0 0 0 0 0 0 0 0 0 0 0 0 0 0 0 0 0 0 0 0
0 0 0 0 0 0 0 0 0 0 0 0 0 0 0 0 0 0 0 0 0 0 0 0 0 0 0 0 0 0.953918750488888 4.48783743336289 10.4765313928483 13.1670248307745 14.292206412162 43 42.0921188719848 42.4677938167199 20.1737319319608 41.8365725190781 27.4256809176567 24.8232539834198 5.03451895969342 1.20689508776934 0 0 0 0 0.828693767464014 1.65738753492803 1.65738753492803 0 0 0 0 0 0 0 0 0 0 0 0 0 0 0 0 0 0 0 0 0 0 0 0 0 0 0 0 0 0 0
0 0 0 0 0 0 0 0 0 0 0 0 0 0 0 0 0 0 0 0 0 0 0 0 0 0.0262098816817862 0.0393148225226794 0.92552471850958 1.7724197919738 5.17310502233205 26.4261251101988 42.4991000505424 41.9042813822591 27.7538751776189 11.8208562383049 12.5869376269564 7.52085651572809 5.83216250421944 5.83216250421944 7.52085651572809 5.92608124474274 2.54869379607424 0.860000014305115 0 0 0 0 0 0 0 0 0 0 0 0 0 0 0 0 0 0 0 0 0 0 0 0 0 0 0 0 0 0 0 0 0 0 0 0 0 0
0 0 0 0 0 0 0 0 0 0 0 0 0 0 0 0 0 0 0 0 0 0 0.0313062468411009 0.125224987364403 0.144117701923076 1.8953016291658 3.90720153875135 5.4238975688958 23.3318623658097 5.48869372974588 9.30346879960194 11.7582437446226 8.31824369174172 4.14346872245031 0.828693767464014 0 0 0 0 0 0 0 0 0 0 0 0 0 0 0 0 0 0 0 0 0 0 0 0 0 0 0 0 0 0 0 0 0 0 0 0 0 0 0 0 0 0 0 0 0 0
