rasters/edaphic/T_SILT.asc
NCOLS 720 
NROWS 300 
XLLCORNER -180 
YLLCORNER -60 
CELLSIZE 0.5 
NODATA_value -9999 
[rows 180 to 215 of 300, columns 243 to 323 of 720]
24.5 25.9453960819994 24.5 23 23 26 29 23.5142208018583 23.8325732638697 21 23 22.1896085462723 21.9255968570833 15.2826561580089 37.055675748012 65 43.8737992363779 32.2355451479913 32.2355451479913 32.6177725739956 6.58599578776815 3.99648872603951 4.62051446824705 3.21623154994025 0.758287078193213 0.0240257248749707 0 0 0 0 0 0 0 0 0 0 0 0 0 0 0 0 0 0 0 0 0 0 0 0 0 0 0 0 0 0 0 0 0 0 0 0 0 0 0 0 0 0 0 0 0 0 0 0 0 0 0 0 0 0 0
24.4627594074922 23.568824719859 23.0546039180006 23 23.0173633254929 26.9738376857161 28.9652733490143 26 23 19.7584332661313 21.2851993101259 9.40899346999896 8.05567574801205 37.055675748012 65 64.1991425359909 16.6638117540019 13.5426628650541 12 16.6638117540019 21.0848385882204 12.8577901435004 27.3117509634942 21.1483430314135 9.72033517997189 5.44753782070923 2.19477548210338 0.120128622205089 0.0240257248749707 0 0 0 0 0 0 0 0 0 0 0 0 0 0 0 0 0 0 0 0 0 0 0 0 0 0 0 0 0 0 0 0 0 0 0 0 0 0 0 0 0 0 0 0 0 0 0 0 0 0 0 0
25.3083503719921 25.3083503719921 7 25.3083503719921 26 29.162686686745 26.6916496280079 26 23.1092078360012 15.6145231138807 12.6370457100073 21.0952153043175 37.055675748012 65 55.1131253495687 43 21 21 12.8369479076144 15.2969388738186 3.25481828400291 3 3 17.2548182840029 31.6571855194557 32.9635973879996 14.1905790046273 7.54308383620817 2.69606006422176 0 0 0 0 0 0 0 0 0 0 0 0 0 0 0 0 0 0 0 0 0 0 0 0 0 0 0 0 0 0 0 0 0 0 0 0 0 0 0 0 0 0 0 0 0 0 0 0 0 0 0 0
7 7 7 7 18.3764980730116 38.0920783600125 27.492507092017 45.5277598319072 43.7987138039863 47.6552470160075 50.41295015707 63.9079216399875 53.6599045389888 33.9079216399875 5 33.9079216399875 63.9079216399875 53.3898952824453 3 3.25481828400291 7.60030185254331 9.91897110719768 7.28975926742853 23.7451817159971 31 31 22.3276235080037 32.5995712679954 5.28170206979704 0.12449693147919 0.078629642875594 0.043683135051428 0.00873662668482089 0 0 0 0 0 0 0 0 0 0 0 0 0 0 0 0 0 0 0 0 0 0 0 0 0 0 0 0 0 0 0 0 0 0 0 0 0 0 0 0 0 0 0 0 0 0 0 0
7 8.09207836001247 8.43934500873474 47.2844197129992 34.8715190279871 34.8715190279871 55.2442848344437 65.8715190279871 66.9635973879996 33.9079216399875 5 7 6.03640261200042 5 5 5 5 7.03640261200042 3.14561044800166 3 3 3 3 10 23.9189711245558 31 24 15.3527136838863 13.168858275265 7.02783739521592 4.83083560788513 3.79584596136075 2.7011991736313 1.49567337072434 0.417173542275623 0.066980805126068 0.0589722316142543 0.0327623521022328 0.00655247042044656 0 0 0 0 0 0 0 0 0 0 0 0 0 0 0 0 0 0 0 0 0 0 0 0 0 0 0 0 0 0 0 0 0 0 0 0 0 0 0 0 0 0
9.18415672002493 63.5 64.7430380559742 34.8715190279871 5 5 5 5 5 5 6.27000879706441 7 7 5.07280522400083 5 5 5 7.85438955199834 5.62874391573903 3 3 3 3 7 8.89608316532829 30.4903634319942 31 26.3214306788943 28.702153336753 12 12 12 12.091006530001 11.9125014872562 5.11540720808208 3.92534944661382 3.51451039817893 2.63087125388696 1.13811014454051 0.212034305539342 0.00655247042044656 0 0 0 0 0 0 0 0 0 0 0 0 0 0 0 0 0 0 0 0 0 0 0 0 0 0 0 0 0 0 0 0 0 0 0 0 0 0 0 0
34.8715190279871 23.0726155694034 5 5 5 5 5 5.23729887431247 6.49250709201704 5.07280522400083 6.03640261200042 7.49143526200561 18.1473107437527 32.8351652631373 15.7417573074241 7.6545164314596 5.50963656800582 8.25481828400291 3 3 3.02315111222923 3.14561044800166 5.68562804213048 11.8907921639988 17 17 31 29.9817986939998 28 15.0337330645253 12.2912208960033 12.1472083669176 15.9884244612435 13.6856280421305 14.9635973879996 8.50963656800582 8.58341150320981 8.99832405634344 6.59030264532862 2.36561047661189 0.732034287550738 0.000728052223735074 0 0 0 0 0 0 0 0 0 0 0 0 0 0 0 0 0 0 0 0 0 0 0 0 0 0 0 0 0 0 0 0 0 0 0 0 0 0 0
5 5 5 5 5 5.74625354600852 46 46 46 21.5216023569813 16 16 16.9857791981417 19 19 19 19 19 3.29122089600332 3.02315111222923 7 7 7 9.07280522400083 12.9715579368043 16.8907921639988 23.7451817159971 31 28 28 28 19.9288950717502 15 15 6 13.9536977755415 16.628743915739 15.371256084261 8.21841567200249 8.70021436600229 1.95888655998589 0.0887366247610712 0.000728052223735074 0 0 0 0 0 0 0 0 0 0 0 0 0 0 0 0 0 0 0 0 0 0 0 0 0 0 0 0 0 0 0 0 0 0 0 0 0 0
5 5 5.74625354600852 6.49250709201704 45.8437300011317 31.4902123006071 16 16 16 16 16 16 16 17.4627594074922 19 19 19 19 11.2912208960033 11.0728052240008 7 7 7 10.9271947759992 11 13.8907921639988 17 22.2997856339977 28 28 28 15.2366169780027 15 11.5 10.3361882459981 10.0463022244585 14 15.371256084261 13.8907921639988 7.5926824736576 1.12740914200145 4.16610890346429 2.27901475569352 0.1146467909439 0.0189293575458913 0 0 0 0 0 0 0 0 0 0 0 0 0 0 0 0 0 0 0 0 0 0 0 0 0 0 0 0 0 0 0 0 0 0 0 0
5 5.25481828400291 5.50963656800582 27.8720109453588 18.5403831161423 18.0807662322846 16 16 16 16 16 16 16 17.5 19 19 19 19 19 13.2184156720025 7.0694533366877 7 7 9.68562804213048 10.9271947759992 13.4963850178716 11.5 17 28 28 27.5995712679954 28 14.9594855622779 8 7 14 14 18 8.18368900365864 8 8.96466921801101 40.6473740029919 6.34414004176307 7.01734786862751 2.97251096943261 0.838601558894474 0.234603914384141 0.00218415667120522 0 0 0 0 0 0 0 0 0 0 0 0 0 0 0 0 0 0 0 0 0 0 0 0 0 0 0 0 0 0 0 0 0
19 19 19 19 19 18.8907921639988 17.4453960819994 16 16 16 16 16 16 19 19 19 19 19 18.7109523759071 18.4963859368297 15.3769364246748 11.8179869399979 8.92719477599917 8.92719477599917 12.1820130600021 11.2997856339977 11.363451183949 16.5995712679954 27.4722401680928 17 6 16.8361882459981 17.8361882459981 8 6 14 14 29 11.5004676408217 34.2997856339977 61 26.2159017651967 26 26 7.32626439952981 3.72805224000831 3.17999994754791 0.126552467331407 0 0 0 0 0 0 0 0 0 0 0 0 0 0 0 0 0 0 0 0 0 0 0 0 0 0 0 0 0 0 0 0 0
19 19 19 19 18.5403831161423 16 16 16 16 16 16.1456104480017 16.1456104480017 18.9453960819994 19.0289388989656 19 19.0173633254929 19 19 20.5546039180006 22.0728052240008 21.6955276042255 7.5711049282498 4.92719477599917 6.85438955199834 6.98179869399979 6 6 6 6 6 6.14561044800166 10 13.7407288037244 8 6 12.2859298946738 14.6552470160075 14.2083600100631 31.3447529839925 42.4131833031032 46.944324251988 34.7087791039967 35 15.3640261200042 22.8543895519983 23 4.11777305278575 0.899492926805484 0 0 0 0 0 0 0 0 0 0 0 0 0 0 0 0 0 0 0 0 0 0 0 0 0 0 0 0 0 0 0 0 0
18.6905777979965 19 19 19 19 16 16 16 16 16 16.0868166621806 24.2548182840029 19.8299037163946 30.8725908579985 22.3570352824026 20.5661794567571 19.1092078360012 19.9857791981417 22 22 15 12.8458248140039 5.91090815637633 3 6.31102006187733 10.5 13.6211488889478 10.6638117540019 15 15 10 10 26 8.10418000503155 6 14.9044146058963 49.5813699619952 15.310494032015 32.4874014436665 39.5770726903919 19.1986164470864 19.2912208960033 35 25 18.8543895519983 22.7087791039967 12.9594855622779 1.81659530428165 0.0029122088949403 0 0 0 0 0 0 0 0 0 0 0 0 0 0 0 0 0 0 0 0 0 0 0 0 0 0 0 0 0 0 0 0
10.5 4.6044967473115 19 19 16.9857791981417 16.1092078360012 16 16 16 16 23.8543895519983 24 30.9131052957206 28.6998488439888 24.9573366754669 22.3792161735866 22 22 22 22 13.0728052240008 3.49421222194269 3 3 8.78158432799751 13.9245495050739 14.8179869399979 14.908993469999 14.9710611183925 14.8800545883915 10 9.98842444388538 25.6972035478821 8.43180351303529 25.5995712679954 15.9186300380048 14.8554617833024 34.972162125994 21 34.9189711245558 34.7451817159971 35 34.8842444388538 15 23.7282913666636 15.5 9.51820130600021 2.8269097273762 0.162912205318662 0 0 0 0 0 0 0 0 0 0 0 0 0 0 0 0 0 0 0 0 0 0 0 0 0 0 0 0 0 0 0 0
13.4759865803505 2.30942220200353 19.7451817159971 17.4453960819994 16 16 19.0744811850155 16 16 16 23.8543895519983 24 30.7451817159971 30.9594855622779 23.1638117540019 22.6571864384138 22 22 22 22 4 9.36345118394905 9.18947679039501 3.34582481400395 14.8179869399979 10 10 10 10 14.908993469999 10 9 8 26 22.3745786336643 19.0419322805062 5 5.36402612000416 20.4175582079934 18.1482799954768 24.4626519533463 15 15.9464679120108 36.2550574106582 34.5 15.5182013060002 10 2.70364025014702 0.322912202284824 0 0 0 0 0 0 0 0 0 0 0 0 0 0 0 0 0 0 0 0 0 0 0 0 0 0 0 0 0 0 0 0
20.6429647175974 19 2.30942220200353 8.74518171599709 15.7451817159971 16 18.8907921639988 16.1092078360012 16 16 19.8543895519983 24 24 24 23.9271947759992 22.9635973879996 22 11.136548816051 22 22.0231511122292 4 15 12.5 11.6429651770764 10 10 10 10 10 12.408993469999 10 9.03640261200042 8.37921663306566 25.8147911021661 26.5182013060002 19.7709537722386 25.9635973879996 20.274617508919 15.6237161681373 15.9464679120108 15.9464679120108 41 41 40.8958199776103 31.6723764919963 19.6274091420015 9.78158432799751 2.73781585272993 0.317087783952502 0 0 0 0 0 0 0 0 0 0 0 0 0 0 0 0 0 0 0 0 0 0 0 0 0 0 0 0 0 0 0 0
21.5 19 10.8094222020035 2 12.5995712679954 16.9891067003554 16.0926044489169 19.8543895519983 19 16 16 21 24.4826366745071 23.4817986939998 23 23 22 11.2002143660023 16.7184156720025 23.7269804099969 7.21731956544116 20 15 10.0620676483936 10 10 10 10 10 10 10 10 10.3094222020035 10.3094222020035 26.9884244612435 25.9635973879996 25 35.4512912725186 40.8842444735701 41 41 40.2901490659919 31.2901490659919 23 23 21.4725276480074 5 1.92034264487424 0.157087787528781 0 0 0 0 0 0 0 0 0 0 0 0 0 0 0 0 0 0 0 0 0 0 0 0 0 0 0 0 0 0 0 0
21.3543895519983 21.591006530001 13.2804833030379 2.2730976321019 2 2 24 19.5718602488266 19 16 16 20.8800545710334 21.448041310385 23.5403831161423 23 22.0479781507569 21.7997856339977 16.8515345586415 22.0813699619952 18.5 14.5 20 15 10 10 10 10 10 10 10 10 10.4078144202987 21.413918949315 27 25.6571864384138 25 24.9271947759992 22.5691902418724 21 36.5161849602936 14.8151268189673 2.76445485200873 16.0995469914455 22.8958200123266 21.2723132820052 5 4.94612413354506 1.04907921889255 0 0 0 0 0 0 0 0 0 0 0 0 0 0 0 0 0 0 0 0 0 0 0 0 0 0 0 0 0 0 0 0 0
11 11 17.4247588765759 23.7633830219973 5.77338965430374 6.17138250424319 2.40042873200457 12.3640261200042 18.8907921639988 16 21 20.1140258186318 19.4568402991761 23.9453960819994 23.0115755387565 12.9916739291819 12.1215433131663 22.0813699619952 11 18.5182013060002 12.2717086333364 25 15 12.5 9.81798693999792 10 10 10 10 10.2548182840029 18.7548182840029 26.4485386056339 26.4002729245993 26.0899346999896 24.5085647379944 24.8543895519983 21 21 35 5.21731956544116 23 23 23 23 4.98842444388538 4.92719477599917 2.18141325871812 0.449079231489933 0 0 0 0 0 0 0 0 0 0 0 0 0 0 0 0 0 0 0 0 0 0 0 0 0 0 0 0 0 0 0 0 0
11 11.091006530001 11.091006530001 11 11 11 16.2997856339977 21.7997856339977 19.1092078360012 16 18.408993469999 16.2639579580524 10.4363344500487 18.5083016935422 21.7717086333364 11 23.6215433131663 11 11.5 12 8 25 14.9710611183925 7.40899346999896 5.06206764839356 6.64296517707642 10.1638117540019 10.5096365680058 10.5096365680058 19.3996981474567 23.1991425359909 23.5995712679954 6.14561044800166 12.463363237929 14.6998488439888 23.8143719578695 21.1274091420015 21 35 2 13.3190587700093 27.3799472176135 27.1137682527829 22.6359738799958 3.65718597893476 2.20416098315314 0.644710899725285 0.0578158419876903 0 0 0 0 0 0 0 0 0 0 0 0 0 0 0 0 0 0 0 0 0 0 0 0 0 0 0 0 0 0 0 0 0
11.1820130600021 13.3454835685404 15.4903634319942 11.4384047849188 11.8570348229236 10.8361882459981 11 11.2002143660023 13.5728052240008 5.06366554995133 13.5853261895872 6.88547688611931 5 5.20021436600229 13.591006530001 11.0364026120004 34.2912208960033 11 11.5 12 12 22.7717086333364 12.408993469999 5 5 5 14.5 24 24 24 2 2.04630222445847 19.3276235080037 27.7997856339977 16.8013835529136 28 12.9431158736085 21 21 2.03640261200042 34.4357595139936 35 34.9479100235214 14.4453960819994 1.90968951306994 0.536287456041934 0.0578158419876903 0 0 0 0 0 0 0 0 0 0 0 0 0 0 0 0 0 0 0 0 0 0 0 0 0 0 0 0 0 0 0 0 0 0
15 15.3285932192069 11.3632953057168 2.4732339560054 8.7366169780027 6.80942220200353 11.1456104480017 15 9.98583249498081 5.16784555498289 20.027837874006 10.2997856339977 5.20021436600229 11.324612715065 11.3792166330657 33.6177725739956 42 22.5 11.4817986939998 12 12 18.408993469999 10.1820130600021 5 5 5 11 23.7451817159971 18.8633198120062 12.3279890300172 2.40042873200457 14.9453960819994 28 28 13 18.5 9 21 21 4 24.2493766107653 34.8361882459981 28.4841036384196 3.09757455679027 1.21556462154928 0.0394311594540215 0 0 0 0 0 0 0 0 0 0 0 0 0 0 0 0 0 0 0 0 0 0 0 0 0 0 0 0 0 0 0 0 0 0 0
15 15 15 15 15 15 15 5.36402612000416 5.16784555498289 19.5 19.3321544623752 9.61081075668335 5 10.8282276971934 13 27.5 42 26.3543895519983 11.6532054747929 12.2366169780027 12.2366169780027 13.5 15.711424834401 10.091006530001 5 5 10.7815843279975 10.7815843279975 5 20.2815843279975 16.8543895519983 9.58681666218057 22.1541751859961 28 18.4363344500487 18.1541751859961 12.9431158736085 19.161531545611 21 4 18.9357595139936 34.5630906138962 13.0075787996599 2.49615210625123 0 0 0 0 0 0 0 0 0 0 0 0 0 0 0 0 0 0 0 0 0 0 0 0 0 0 0 0 0 0 0 0 0 0 0 0 0
15 15 15 15 15 15 15 10.1820130600021 5 19.6678455549829 5.16784555498289 14.8891897201538 20.027837874006 10.5 11.5 27.8822274260044 42 41.4539608199938 12 18.7366169780027 18.5703693245776 7.2366169780027 7 30.2717090928154 5.72805224000831 5 5 5.34582481400395 5.69164962800789 11.386339251726 8.87751633731462 19.0856912521216 13.0463022244585 27.7997856339977 9 13.5 15.1638117540019 21 23.0728052240008 4.38222742600436 4 10.9438469176355 5.15615007524907 0.341736732020026 0 0 0 0 0 0 0 0 0 0 0 0 0 0 0 0 0 0 0 0 0 0 0 0 0 0 0 0 0 0 0 0 0 0 0 0 0
14.7815843279975 14.8907921639988 15 12 15 15 15 13.1039168346717 23.9429652017005 19.8599923363813 34 5.16784555498289 33.472162125994 10.5 13.3276235080037 42 38 26.4539608199938 12 18.2633830219973 16 13.3543895519983 7.2199355488196 7 25 5 5 5 5 14.0177284305669 18.0364026120004 27.7997856339977 9.14561044800166 18.2004774104545 10.2256456362593 18 19.4826366745071 21.0496541117716 25 14.1177725739956 4 1.2923148844001 1.28056121992477 0 0 0 0 0 0 0 0 0 0 0 0 0 0 0 0 0 0 0 0 0 0 0 0 0 0 0 0 0 0 0 0 0 0 0 0 0 0
8.98842444388538 9 15 11.9652733316561 9 11.8907921639988 13.1767220586725 5 23.4151273276944 28.5013595097665 5.52783787400602 33.3043165883692 5.09100653000104 7.70021436600229 15.6137673338248 37.8543895519983 37.5995712679954 12 12 16 16 9.40899346999896 12.8218163127527 44.3083503719921 25 5 5 5 5.34582481400395 21.4710611010344 18.8361882459981 13 19.7612883098512 11.6750461401975 9.14561044800166 17.8361882459981 18.9857791981417 19.7238378863624 16.1905777979965 4.14561044800166 0.74038549033237 0.471263362586343 0 0 0 0 0 0 0 0 0 0 0 0 0 0 0 0 0 0 0 0 0 0 0 0 0 0 0 0 0 0 0 0 0 0 0 0 0 0 0
7 8.64561042282014 14.7815843279975 8.96359738799958 9 9 7.07280522400083 6.54266309479359 5.09100653000104 5.09100653000104 9.5339717317015 7.52893889028654 12.8907921639988 12.0261618548049 31.0995465319665 34.1919126724601 12.1273310999027 12 12 16 13.5168665322626 17.2388486332937 7.98287052401122 7.69164962800789 25 5 5 11.5890918436237 17.6467651959705 19.8570352824026 19 13 13 17 11.628743915739 13.6638117540019 6 6 8 3.63451825569459 0.711263357221925 0 0 0 0 0 0 0 0 0 0 0 0 0 0 0 0 0 0 0 0 0 0 0 0 0 0 0 0 0 0 0 0 0 0 0 0 0 0 0 0
7 7 7 7 7.96359738799958 8.92719477599917 9.00662574988559 9.70919795585421 11.2012861960137 11.2012861960137 10 10 10 21.6723764919963 42 38 12 12 13.3894573902612 17.3249538598025 20.508954671696 61 61 7 25 5 5 5 23.908993469999 20.4791529635955 19 13.3428135615862 9 17.5182013060002 17.1896085462723 18 12 6.80085746400914 7 2.59040665551194 0 0 0 0 0 0 0 0 0 0 0 0 0 0 0 0 0 0 0 0 0 0 0 0 0 0 0 0 0 0 0 0 0 0 0 0 0 0 0 0 0
7 7.6237161681373 20.4732339560054 23.8890674831483 7.47978166379221 7.72805224000831 31.1706523791744 43 42.7087791039967 25.6809412299907 9.78158432799751 10 11.5 13.527837874006 42 32.8577901435004 12 12 17.871256084261 28.3361882459981 16 61 33.0171294759888 7 25 5 5 5.09595633623007 16.5 14.5182013060002 19.4817986939998 14.1456104480017 9.05208999383672 13.6638117540019 18 18 11.7815843279975 43.9325338709495 14.5419075444772 4.27186271049075 0 0 0 0 0 0 0 0 0 0 0 0 0 0 0 0 0 0 0 0 0 0 0 0 0 0 0 0 0 0 0 0 0 0 0 0 0 0 0 0 0
15.4554219890895 27.6909671370808 5 24.6723764919963 9 8.81798693999792 8.81798693999792 8.88005457971242 5.6429649473369 4 4 6.89079216399875 9.94539608199938 13.3822274260044 37.0535320879892 23 12 20.4568403495391 28.4817986939998 18.1175096302695 21.492507092017 60.6874600022635 7.05460391800062 8.53242233759807 7 5.07280522400083 7.07280522400083 9 23.5407774821743 14.6820130600021 18.9942122132636 17.9181331440485 9 13.4305466633123 17.563168655995 6 12.5824417920066 34.5824417920066 29 6.0216764492974 0 0 0 0 0 0 0 0 0 0 0 0 0 0 0 0 0 0 0 0 0 0 0 0 0 0 0 0 0 0 0 0 0 0 0 0 0 0 0 0 0
12.7087791039967 5.2083600100631 22.8179869399979 17.6723764919963 9.20021436600229 4.11994542028758 4 4 4 4 4 4 8.62740914200145 12.8822274260044 22.5995712679954 12 12 10.0364026120004 59.507492907983 60.2537464539915 60.0717333939894 34.5717333939894 10 10 9.5 9 9 16.2269804099969 19.4288950717502 19.5182013060002 18.6714072402721 11.5 6 6 6.80085746400914 50 34.5824417920066 34.5824417920066 29 5.72068522754522 0 0 0 0 0 0 0 0 0 0 0 0 0 0 0 0 0 0 0 0 0 0 0 0 0 0 0 0 0 0 0 0 0 0 0 0 0 0 0 0 0
8.41294969759092 22.7451817159971 18.000000459479 9.20021436600229 14.7002143660023 17.8958200123266 8.23920892690727 9.37125608426097 8 4 4 4 11.9536977755415 12 12 11.952021831885 11.9271947759992 10 19.6359738799958 61 35.5 10 10 10 9.51241353662196 9 9 9 14.5 20 18.4175582079934 6 6.28786900869019 6.25466219980534 6.80085746400914 50 33.6027671058272 34.5824417920066 7.89079216399875 3.8094218933483 0 0 0 0 0 0 0 0 0 0 0 0 0 0 0 0 0 0 0 0 0 0 0 0 0 0 0 0 0 0 0 0 0 0 0 0 0 0 0 0 0
13.7792798430568 25 14.5 20.0719672434935 20.1092078360012 11.6545164314596 4.43683134400499 10.4453960819994 12 4.14561044800166 4 8.04630222445847 11.9826366745071 11.9826366745071 12 10.3254506955724 10 10 10 10 6.5 9 9.6714067807931 9.48179869399979 10 9 9 9 14.5 19.6558511470107 3 3 17.7997856339977 42.2274193137378 20.7433695153084 50 32.1327244198809 34.6701842788736 8 2.14835119064628 0 0 0 0 0 0 0 0 0 0 0 0 0 0 0 0 0 0 0 0 0 0 0 0 0 0 0 0 0 0 0 0 0 0 0 0 0 0 0 0 0
23 20.285174574097 23.2002143660023 23 23 22.8725908579985 19.6274091420015 9 10.4453960819994 9 8.03640261200042 9 9 9 10.4826366745071 9.58244179200665 10.2730195900031 10 10 10 3.12740914200145 9 9.49421223062175 9.00578776937825 9.48179869399979 9 9 9 14.2997856339977 8.29978563399771 3 3.09595633623006 12.7002143660023 7 14.3705012231632 7.78265615800893 7.00578777805731 8 7.92428256547691 1.74835112616606 0 0 0 0 0 0 0 0 0 0 0 0 0 0 0 0 0 0 0 0 0 0 0 0 0 0 0 0 0 0 0 0 0 0 0 0 0 0 0 0 0
23 28.5 28.5 23.0636655499513 23 19.5 22.7451817159971 9 8.89079216399875 9 9 9 9.29122089600332 9.29122089600332 19.5149756629561 25 25 10.3598362521837 8.75963647987049 9.87259085799855 6.01820130600021 6 8.90899346999896 9 9.67344832200769 9.67344832200769 16.0155070224961 9.09100653000104 14 3 3.68562804213048 7 7 7 7 8 7.6540436763607 8 5.66708784258359 1.04252671921222 0 0 0 0 0 0 0 0 0 0 0 0 0 0 0 0 0 0 0 0 0 0 0 0 0 0 0 0 0 0 0 0 0 0 0 0 0 0 0 0 0
8.89079216399875 21.3553055746045 34 33.7997856339977 25 18.3001511560112 16 9.12740914200145 6 9 9 8.90899346999896 9 17 17 25 25 25 14 6.37259085799855 3 5.12476364133669 3.9875864720571 14.4850236478253 27.5 27.5 33.8420587004884 12.1734483220077 14 8.5 3.07280522400083 7 7.05460391800062 7 7.48179869399979 8 5.49685769742594 5.98577896840214 3.52635041599318 0.414175569097098 0 0 0 0 0 0 0 0 0 0 0 0 0 0 0 0 0 0 0 0 0 0 0 0 0 0 0 0 0 0 0 0 0 0 0 0 0 0 0 0 0
