rasters/edaphic/T_SILT.asc
NCOLS 720 
NROWS 300 
XLLCORNER -180 
YLLCORNER -60 
CELLSIZE 0.5 
NODATA_value -9999 
[rows 180 to 215 of 300, columns 162 to 242 of 720]
0 0 0 0 0 0 0 0 0 0 0 0 0 1.79999995231628 18.6218414683612 22.3680087005169 47.7055231193482 6.2524202898374 3.12000012397766 1.96000003814697 0.980000019073486 0 0 0 0 0 0 0 0 0 0 0 0 0 0 0.0546039180006233 7.31190714228638 23.1188444040071 20.5824417920066 55.8543895519983 45.086081510164 35.7290462277614 40.5 31.4453960819994 30.6188444040071 27.4186300380048 30.0303811424959 19.5096365680058 28.4817986939998 20.0463022244585 20 15.5 10.6571859789348 14.7358570395941 20 20 20 20 42.4482511100724 42.6571855194557 41 41 41 41 31.5 18.6128228181297 23.0557875603511 19.0102895461597 19.0102895461597 23.0557875603511 50.2083602521391 35.1006430980069 18.5642404860064 16.6571864384138 33.5 11.3372600760096 25.9453960819994 24.0403831161423 23.568824719859 24.0949870341429 25.9453960819994
0 0 0 0 0 0 0 0 0 0 0 0 0 1.17815847961556 7.71263390978318 30 20.0758881214647 16.1405562628775 3.12000012397766 24.623810585518 0.980000019073486 0 0 0 0 0 0 0 0 0 0 0 0 0 0 2.02491513097682 15.9570201201563 54.0289388989656 36 48.0728052240008 39.0182013060002 37 33 30.3930430610685 32.7865093478345 41.172163020328 44.7320867915002 32.2719477599917 19 25.360650264531 20 11 10.0364026120004 18.8725908579985 24 20.0520900111948 20 20 20 43 40.7701648387223 41 40.8668811480772 40.5813699619952 28.0976565816181 18.3009644242638 19.8929358240216 70 44.9464679120108 19.8929358240216 19.2474323362746 35.7922927260148 51 28.1378005711051 33.7025722233267 20.5813699619952 29.9192337677154 24.6638117540019 26 24.5173633254929 24.5546039180006
0 0 0 0 0 0 0 0 0 0 0 0 0 0 3.53447543884668 5.86895060027013 5.80856517344031 1.69593133625481 2.44753732876062 1.88865091723751 0.944325458618754 0 0 0 0 0 0 0 0 0 0 0 0 0 0 3.89703334546456 21.3522878467617 37.6313119815629 53.0364026120004 49.8179869399979 39.4016077990629 37 36.2709775893095 41.0724406209455 38.591006530001 30.9480418124037 35.0694533019715 21.6723764919963 21.7234435203303 19.091006530001 22.7667588774704 11 12.3788511110522 20 20 22.7743543637407 25.0800351882576 20.3276235080037 27.8619850382686 43 19 18.3649953717283 19.8929358240216 70 70 69.8610933266246 70 70 70 70 70 70 68.0728052240008 59.8094222020035 51.4078144029406 14.3179869399979 29 32 28.0807662322846 26.143934486987 29.0347266509857
0 0 0 0 0 0 0 0 0 0 0 0 0 0 0 0 0 0 0 0 0 0 0 0 0 0 0 0 0 0 0 0 0 0 0 5.32179884658768 39.4430115919078 41.5642404860064 54 50.9255188149845 39.8094222020035 36.7451817159971 28.9999219579012 40 37.5 35.0694533019715 20.4903634319942 16.0100846066841 21.7366169780027 23.984234593423 24.9146742698919 24.1456104480017 20 20.0463022244585 20 20 20 20 20 54.12633731199 65.2526746239801 59.3856762306187 68.5546039180006 68.5 69.5403812782261 67.1092078360012 50.0190154000042 57.9453960819994 69.9884244959597 69.9271947759992 68 68 68 68 68 10.5132512229789 16.9953132382232 31.0899346999896 31.0899346999896 25.2882343796145 19.0449673499948
0 0 0 0 0 0 0 0 0 0 0 0 0 0 0 0 0 0 0 0 0 0 0 0 0 0 0 0 0 0 0 0 0 0 0 4.11261256143598 38.6682447734025 41.9363344500487 41.7020753293704 36.7002143660023 39.2816623700963 30.034726685702 25.5 39.6359738799958 37.5 35.9635973879996 7.17363332436114 15.8094222020035 30.2633830219973 21.7523823845797 19.3565623722531 23.5596317663284 20.6188444040071 20.5146644163336 32.0085647379944 25.0436325762572 29.7074443302591 20.1977004591965 20.4186300380048 19.436831344005 19 45.4282666060106 70 69.9652732101493 69.8907921639988 66.9652733490143 67 67 56.5995712679954 56.5995712679954 68 68 68 68 67.242774769446 21.4580924555228 7.80085746400914 7 7 7 7
0 0 0 0 0 0 0 0 0 0 0 0 0 0 0 0 0 0 0 0 0 0 0 0 0 0 0 0 0 0 0 0 0 0 0 2.00428260839225 11.2839401377537 36.3116044283025 35.4774332451995 25.9942122132636 24.0026457304043 33 28.4254949822668 35 35 35 26.1058072444992 21.5 21.408993469999 23.908993469999 27.6723764919963 19 19 19 19 19 19 24.9328755758921 35.4613175727739 35.6575276175635 45.3190587700093 69.9453960819994 68.4453960819994 66.3811555959929 63.8907921639988 60.8958199776103 45.591006530001 66.3083503719921 60.0995474509246 46 63.8286174957568 68 68 68 68 17.4558269532713 49.0068011830041 8.69431937693522 7 7 7
0 0 0 0 0 0 0 0 0 0 0 0 0 0 0 0 0 0 0 0 0 0 0 0 0 0 0 0 0 0 0 0 0 0 0 0.976102894731511 8.97587440614307 20.2985505557429 30.6697069445211 28.5549694400141 29.4131052957206 32.6905777979965 56.6541751859961 36.6017149280183 36.6017149280183 36.6017149280183 35 27.9732334539867 19.1041799876734 21.408993469999 19 19.4468870406606 19.4318034956772 19.6552470160075 19.3276235080037 19 19 19.6714072402721 24.4061727911367 57.3640261200042 60.4281392916943 67 65.1039163751927 43.4318035303934 61 46.0853266490662 48 47.9710611010344 57.1541751859961 60.0995474509246 46 46 46.7644548520087 67.1991425359909 67.1991425359909 67.7029133098778 47.4856042496837 27.3140211419954 66.7451817159971 66.8725908579985 66.641157777805
0 0 0 0 0 0 0 0 0 0 0 0 0 0 0 0 0 0 0 0 0 0 0 0 0 0 0 0 0 0 0 0 0 0 0.882912203584127 7.82192734047558 30.2872459557011 32.9347654255144 26.1274091420015 32.7451817159971 29.9004287320046 21.5860805912059 35 78.7453378001947 79 79 64.5419075444772 79 32.0928672084495 19 19 20.3276235080037 21 21 36.4175582079934 22.227740340278 26.1666956921034 21.6806782862645 37.4195745536999 64 60.6723764919963 60.8958199776103 51.7765565143859 61 61 52.5294117743989 48 47.9710611010344 48 48 66.3083503719921 59.3789589239511 57.6059339560707 56.8822274260044 56.8822274260044 65.6727429329678 60 58.9989281699886 57.9978563399771 35.3629542899927 5
0 0 0 0 0 0 0 0 0 0 0 0 0 0 0 0 0 0 0 0 0 0 0 0 0 0 0 0 0 0 0 0 0 0 1.05674516476187 25.6160843778799 39.1820130600021 24.4749342517564 19.5460391800062 33 40.3147910674499 16.1099677744098 35 78.1991425359909 79 79 79 79 78.7569133042349 28.8686348396822 19.3276235080037 28.9073955510831 21 21 21.6518950939781 34.5703399281773 33.662524614406 43.6644741410708 55.9726592967426 53.7307712595414 61 60.6723764919963 52.3276235080037 60.6723764919963 60.6723764919963 52.5 47.908993469999 46.3570352824026 48 47.908993469999 47.1429647175974 48.2159017304805 57 61.563168655995 63.3725908579985 60 60 33.1827440802548 9.62798905464125 5 5
0 0 0 0 0 0 0 0 0 0 0 0 0 0 0 0 0 0 0 0 0 0 0 0 0 0 0 0 0 0 0 0 0 0 1.54796574235879 6.93740629620986 37.1073178856528 33.6738963688134 32.5 32.6541751859961 16 25.5 25.1541751859961 79 79 78.2355451479913 78.2355450785588 58.7644548520087 79 64.9560063681679 36.7087791039967 21 21 31.1627399239904 9.61884440400706 9 9.61884440400706 26 9 9 57.2958289469267 26.3276235080037 61 60.0717333939894 33.1063229789417 50.8663310644239 45.591006530001 48 48 47.1429647175974 45.591006530001 57 56.4903634319942 46.0123106907731 60 60 58.9989281699886 5.49143526200561 13.8720109453588 5 5
0 0 0 0 0 0 0 0 0 0 0 0 0 0 0 0 0 0 0 0 0 0 0 0 0 0 0 0 0 0 0 0 0 0 0.638929362314263 4.38662335102848 22.5282859208117 4 33.7633830219973 23.7730195900031 29.6723764919963 20.7993963296296 16 31.3974422156158 35 56.7569133042349 58.5329437991489 79 79 38.5289097040175 22.055675748012 21 26 9.19678443659037 14.208993494623 9 25.3811555959929 25.3811555959929 9 20.7910055864189 20.1721611824118 61 52.563709118339 27.0006529781539 35.5134659407606 48 48 48 47.908993469999 45.591006530001 52.1541751859961 56.4903634319942 51.8094222020035 60 60 58.8368704191002 36.5726155694034 18.5 5.25481828400291 5 5.08102889280232
0 0 0 0 0 0 0 0 0 0 0 0 0 0 0 0 0 0 0 0 0 0 0 0 0 0 0 0 0 0 0 0 0 0 0.677087798800058 4.25321568464688 4 4 27.5 30.9760109072634 21 18.5 20.7993962949134 16 25.3900322255902 36.0248270385277 39 78.0288610642266 71.2795368724748 58.7644548520087 50 21.4004287320046 20.1721611824118 20.5942211151123 9 9 9 9 9 9 25.3811555959929 60.7048233277563 16.3480802863658 48 47.2339712475984 48 48 48 45.6638117540019 45.3996976879776 45.7091198899812 43.6188444040071 60 60 36.6183524866354 18.0085647379944 5 14.1268292293617 12.2548182840029 19 19
0 0 0 0 0 0 0 0 0 0 0 0 0 0 0 0 0 0 0 0 0 0 0 0 0 0 0 0 0 0 0 0 0 0 0.600000023841858 1.91126338946204 3.94758023663643 4 26.8577901435004 25.3361882459981 27.5320565858451 16.2548182840029 16 43.4903634319942 30.2730195900031 34.3083503719921 38.0364026120004 65.199093063933 78.6643089247505 79 77.6086331767384 32 14.208993494623 14.8278378986301 9 9 9 9 9 9 34.8691609285866 51.0717333939894 29.6916496280079 48 47.9379323689646 47.9710611010344 47.9379323689646 48 50.2548182840029 50.0546039180006 60 51.8094222020035 60 50.6373376250669 19.0096365680058 5 5.18201306000208 12.4914352620056 19 19 19
0 0 0 0 0 0 0 0 0 0 0 0 0 0 0 0 0 0 0 0 0 0 0 0 0 0 0 0 0 0 0 0 0 0 0 0.231263367950761 0.779614519854025 4.30224179206768 16.8300620106759 25.7002143660023 27.350043525843 30.3179869399979 16.0728052240008 16 31 30 27.1566110854193 37.7087791039967 21 21.0694533366877 19.0472958786401 9.65524701600748 9 9 9.19678443659037 9.63704571000727 9.22739926185442 19.7264151612609 27.3554613820098 27.6102796660127 17.3168373462917 48 48 47.2339712475984 43.9480418124037 48 48 45.591006530001 50 60 60 60 59.6524211828826 46.5096365680058 31.4989281699886 5.36402612000416 15 16.9503458882284 19 19 19.0289388989656
0 0 0 0 0 0 0 0 0 0 0 0 0 0 0 0 0 0 0 0 0 0 0 0 0 0 0 0 0 0 0 0 0 0 0 0 0 1.13400405983381 5.38783559608739 18.5353796291396 26.7002143660023 31 23.0728052240008 16 30 29 39.5460391800062 30.055675748012 21 21 24.1092078360012 32.6547207256508 45.6545159719806 32.3374744666359 28.6448794039747 42.3724058556451 41.9189711245558 50.1737894085587 41.4539608199938 27 51.3517438215941 47.8411380175109 47.9032056485464 48 48 47.908993469999 48 47.3067764715992 51.5 60 60 51.5 45.346506987106 31.4989281699886 10 15 15 18.2415667338687 16.9271947759992 19 21.591006530001
0 0 0 0 0 0 0 0 0 0 0 0 0 0 0 0 0 0 0 0 0 0 0 0 0 0 0 0 0 0 0 0 0 0 0 0 0 0.0770877893169204 4.40162770523901 22.1429956206287 31.0364026120004 30.7527772022674 29.6905777979965 16.0728052240008 28.7633830219973 29 34.0578777979312 57.8048915591406 43.8565808461629 21 24 27 50.1737894085587 27 27 41.6275941443549 57 35.2548182840029 27 27.1736333243611 46.9601967964975 47.0578777979312 46.6874600022635 45.0810288754442 52.2904898519764 56.8907921639988 52.3277304444842 54.8551205960253 60 60 60 60 18.5 5 15 15 15 15 15 16.9271947759992 21.591006530001
0 0 0 0 0 0 0 0 0 0 0 0 0 0 0 0 0 0 0 0 0 0 0 0 0 0 0 0 0 0 0 0 0 0 0 0 0 0 1.45631692346833 9.00762311986658 24.0563042137517 23 16.6447724674943 19.786874869848 22.5 29 35.5320575048032 39.7280522400083 58.7644548520087 44.2959306143834 21.1274091420015 29.3420834365174 34.7087791039967 27 27 47.0611809810554 39.6731075360232 29.4512912725186 27.3640261200042 36.8577901435004 41.4539608199938 38.5 33.1416836246334 51.9271947759992 54 54 48.2269804099969 60 60 60 59.8379422491116 31.5085647379944 5.33516526313734 5 9.81798693999792 14.8179869399979 15 15 15 16.6543850673401 21.5
0 0 0 0 0 0 0 0 0 0 0 0 0 0 0 0 0 0 0 0 0 0 0 0 0 0 0 0 0 0 0 0 0 0 0 0 0 0 0 3.21572483285874 12.2679268305205 26.4131833378194 18.1274091420015 16.6820130600021 18 22.5 27.5 39 38.7644548520087 78.7569133042349 26.6281154499994 23.9949721516722 27.2912208960033 27.488161382075 46.7781837364954 51.8179869399979 37.3640261200042 47 37.3640261200042 29.7425121685219 29.5438957214355 50.6579403805535 21.0920783600125 48.7548182840029 54 54 40.5267660439946 60 60 60 32.5 5 5.61282281812965 14.1268292293617 10.0728052240008 15 15 15 15 19.3361882459981 21.5967942820212
0 0 0 0 0 0 0 0 0 0 0 0 0 0 0 0 0 0 0 0 0 0 0 0 0 0 0 0 0 0 0 0 0 0 0 0 0 0 0 0.58907923980778 8.13325502795528 22.9914352620056 23 17.8818619039909 23.3458248140039 22.2633830219973 27.0813699619952 39 58.4556367810085 58 53.5 38.7997856339977 43.4672114511699 46.9536977755415 47 47 44.908993469999 46.3871781008284 45.0728052240008 40.4281392916943 35 36.2039795605597 57 48.7002143660023 53.1991425359909 28 28 26.4453960819994 17.1986164470864 25.7582426925759 9 5.14561044800166 7.07280522400083 7.68562804213048 9.0744811676574 12.1092078360012 15 15 15 15 20.5576389874892
0 0 0 0 0 0 0 0 0 0 0 0 0 0 0 0 0 0 0 0 0 0 0 0 0 0 0 0 0 0 0 0 0 0 0 0 0 0 0 0 4.43171290747473 15.7303335696111 24.1998488439888 32.8420596194465 33.9410500558441 17.9768488877708 16 38.5813699619952 42 52.172163020328 53.5 35.3854768861193 39 42.9536977755415 46.9016077990629 46.7840982695195 38.1638117540019 47 47 43.9358868283098 27.8372600760096 57 56.1991425359909 42.6541751859961 33.6638117540019 27.4175582079934 24.9662669354747 18.2087791039967 14.2574878314781 8.92719477599917 7.67839802751063 8.85438955199834 9.16792357972355 17 9 12.1456104480017 15.2523043771971 15.057877763215 15.8372600760096 15.133118886639 34.3199990266258
0 0 0 0 0 0 0 0 0 0 0 0 0 0 0 0 0 0 0 0 0 0 0 0 0 0 0 0 0 0 0 0 0 0 0 0 0 0 0 0 0.981002628500253 10.6652278096912 26.6274091420015 23 37.3907921639988 19.8543895519983 16.0728052240008 30.4255188149845 42 61.1627399239904 28.1638117540019 33.7002143660023 39 39 38.0182013060002 38 42.3842444735701 46.7684889471401 46.6359738799958 36.0231519808243 41.4539608199938 41.8263666756389 44.2534834095392 34.4903634319942 41 17.1386481538522 12 8.44539608199938 5 5.32762350800374 5 5 12.185262520117 23.293524921465 25 16.1638117540019 25 25 28.7633830219973 25.9146733509338 24.2633830219973
0 0 0 0 0 0 0 0 0 0 0 0 0 0 0 0 0 0 0 0 0 0 0 0 0 0 0 0 0 0 0 0 0 0 0 0 0 0 0 0 0.289079227886851 5.05773019779087 20.9907276337157 29.870525040234 34.0995712679954 22.6856280421305 18 29.972162125994 44.4722401680928 39 35.3428144805443 38.0364026120004 39 39.4004287320046 50.4004287320046 45.9762699444521 37.0612044975597 32.4542723027847 28.2376888080141 49.3707641668893 50.319824062521 36.3736629885765 21.1498783579209 33.5405441265615 39.867251135426 34.4437935374283 8.67344832200769 14.1274091420015 5.31939985656037 13.6723764919963 22.8958200123266 5.22344352033031 12.3854768861193 15.7815843279975 23.293524921465 16.2755334968089 24.8361882459981 25 22.5 20 17.408993469999
0 0 0 0 0 0 0 0 0 0 0 0 0 0 0 0 0 0 0 0 0 0 0 0 0 0 0 0 0 0 0 0 0 0 0 0 0 0 0 0 0 1.05815847376231 10.6021160555917 31.3720109453588 23.3285927597279 24 22.1215433131663 16.7584332661313 22.9453960819994 33.8726689000973 35.0171294759888 38.3064118685439 30.7087791039967 42.6916496280079 61 61 61 60.2803274956326 45.4539608199938 31 35.5085647379944 17.2906901814437 23.1734483220077 39.6531033559846 17.504837943527 27.883099686594 41 9.71118570774568 7.68562804213048 9 5 14.3276235080037 13.6099677744098 9.85103765600615 15.8510376560061 16 24.8361882459981 25 22.4710611010344 19.9363344500487 14.8907921639988
0 0 0 0 0 0 0 0 0 0 0 0 0 0 0 0 0 0 0 0 0 0 0 0 0 0 0 0 0 0 0 0 0 0 0 0 0 0 0 0 0 0.289079227886851 4.62055306110441 13.5695589043026 26.6968624439729 23.6532059342719 34.5 32.6446944253955 20.9100653000104 23 9.33584717680523 23.4539608199938 22.4903634319942 53.2852478632257 62.0057100874397 61 61 31.7941536893829 31.2184156720025 31.2184156720025 36 28.7221137310008 22.5 41 35.3313896215193 41 41 22.0406994574337 8.1429649473369 15.7451817159971 22.4903634319942 15.7451817159971 9 17.2277114540238 16 16 15.5267660439946 3 3.21841567200249 9 8.96359738799958
0 0 0 0 0 0 0 0 0 0 0 0 0 0 0 0 0 0 0 0 0 0 0 0 0 0 0 0 0 0 0 0 0 0 0 0 0 0 0 0 0 0 0.965396085224803 7.84299755084873 19.1082116362478 23 23.9942122132636 44.4962292261131 36.785174574097 33.3447529839925 24 16.2912208960033 13.6003023120223 9 28.2317157752365 47.467680685916 60.7969792203295 45.071440645051 48.563168655995 37.7676506898405 36.5 20.7644548520087 41 41 40.3265516779923 9.66861083795977 21.8265516779923 4.67344832200769 21.8629542899927 6.47684888777077 8.88005457971242 9.50963656800582 11.480727040259 15.9038095640624 18.5 7.27170909281545 3 3 9 8.96359738799958 9.2256456362593
0 0 0 0 0 0 0 0 0 0 0 0 0 0 0 0 0 0 0 0 0 0 0 0 0 0 0 0 0 0 0 0 0 0 0 0 0 0 0 0 0 0 0 2.3265096415444 24.9387733887618 26.8458248140039 23.5 23.9817986939998 44.4962292261131 34 16 16.5761575629696 9 9.50963656800582 9.25481828400291 16 40.2637241085483 38.958305927191 30.8725908579985 27.3725908579985 24.4830504728281 40.809003350146 40.3993569019931 40.3265516779923 40.3265516779923 4.67344832200769 4 22.9593005599245 41 41 5.65524701600748 10.8420591599675 22.8683229654374 33.5995712679954 19.2997856339977 35.2563384028961 24.5557880198301 5.89079216399875 7.96359738799958 7 7.01157555611462
0 0 0 0 0 0 0 0 0 0 0 0 0 0 0 0 0 0 0 0 0 0 0 0 0 0 0 0 0 0 0 0 0 0 0 0 0 0 0 0 0 0 0 0.809421780648304 5.90423967450482 9.70258774273437 23.1274091420015 23.9817986939998 24 44.2173438419911 23.1215433131663 18.3996981474567 23 23 23 9.50963656800582 9 13.6003023120223 34.0535320879892 25.3468966440154 8 13.0557875603511 24.0903535518471 24.690996649854 22.7141477794414 23.1734483220077 28.8420591599675 40.3265516779923 41 40.3993569019931 29.1706523791744 23.6552470160075 5.65524701600748 4.51820130600021 22.5442074115862 13.87183091959 24.7893161297904 35.4357595139936 8 8.96359738799958 7.65718597893476
0 0 0 0 0 0 0 0 0 0 0 0 0 0 0 0 0 0 0 0 0 0 0 0 0 0 0 0 0 0 0 0 0 0 0 0 0 0 0 0 0 0 0 0 0.714175609735466 4.864900057342 16.6723764919963 23.0405144377221 27.0813452259663 36.8388624191284 29.9004525490754 36.7173191059621 44.1991425359909 23.4004287320046 23 22.9131052957206 16 9 9 26.3447529839925 44.6088670500167 34.8118581014268 18.8435693416421 6.67344832200769 41 41 41 40.5406994574337 41 19.4442124396489 24.4453960819994 27.8601583471594 23 5 5 5 12.8342735596208 20.8276235080037 8.13144292562435 8 7
0 0 0 0 0 0 0 0 0 0 0 0 0 0 0 0 0 0 0 0 0 0 0 0 0 0 0 0 0 0 0 0 0 0 0 0 0 0 0 0 0 0 0 0 0.421600687423015 5.36262539095216 8.52775983190724 26.2269804099969 33.2451817159971 44 40.5219958622417 33.9004287320046 34.4004287320046 34.0057877867364 21.6727420140097 22.8320764202764 23 12.8822274260044 9.12740914200145 9.27781331203457 42 40.0085647379944 18.9125011994336 30.0811895349339 41 41.436831344005 41 23.1734483220077 41 8 23.8993569019931 5 4.51820130600021 5 5 4.98179869399979 9 17.487693884519 16.8204182797759 7 7
0 0 0 0 0 0 0 0 0 0 0 0 0 0 0 0 0 0 0 0 0 0 0 0 0 0 0 0 0 0 0 0 0 0 0 0 0 0 0 0 0 0 0 0 0.154175578633841 2.87079223424931 18.0790937277472 19.1273310999027 26.2269804099969 33.1177725739956 43.8784566521175 43.9189711245558 44.4645675586818 34.5 20.1456104480017 17.218050149989 31.5 23 20.6998488439888 33.1274091420015 57 27 53.6127447603841 32.4565827333272 47.2184156720025 51.1615324645691 50.9431167925666 46.7815843279975 40.3993569019931 24.5 7.54038288640276 5 4.51820130600021 5 5 5 6.92719477599917 18 7.57280522400083 7.33584717680523 14
0 0 0 0 0 0 0 0 0 0 0 0 0 0 0 0 0 0 0 0 0 0 0 0 0 0 0 0 0 0 0 0 0 0 0 0 0 0 0 0 0 0 0 0 0 0.578158455773703 4.14274077951658 18.5891152797838 18.7269023678981 26.5 33.7606840781218 41.6003023120224 26.8907921639988 24 24 24 23.5 40 7.70877910400956 18.4073955510831 56.8205789236187 42.5460391800062 45 50.9146751888499 41.2366169780027 40.0449673499948 42.8384675354309 23.8993569019931 23.8993569019931 25.1006430980069 8 5.05460391800062 5.08681666218057 9.66381175400187 5 5 4.51820130600021 8.03221274417994 10.0728052240008 14 21
0 0 0 0 0 0 0 0 0 0 0 0 0 0 0 0 0 0 0 0 0 0 0 0 0 0 0 0 0 0 0 0 0 0 0 0 0 0 0 0 0 0 0 0 0 0 0.578158455773703 2.80265491761927 8.13678782510866 22.9497744632179 23.2548182840029 26.6274091420015 24.1092078360012 27 24 24 24 37.2087791039967 1.36509795001558 18.2574882909571 41.5 57 51.2184156720025 45 42.9271947759992 36.7282913666636 19.2075954616462 8 8 18.8435693416421 29.3647909104971 6.51736333417193 5.16381175400187 14.0231511122292 5 5 5 13.2997856339977 17.5 17.6839277463794 11.5847458174683
0 0 0 0 0 0 0 0 0 0 0 0 0 0 0 0 0 0 0 0 0 0 0 0 0 0 0 0 0 0 0 0 0 0 0 0 0 0 0 0 0 0 0 0 0 0 0 0 1.28775407861692 5.53439460234997 19.8389311196659 29.3599111341674 23.4679434141549 28.1039172941508 23.9271947759992 24 23.9536977755415 27.6145231138807 37.2997856339977 6.8562799618258 39.9245105223846 56.1991425359909 57 57 41.2912208960033 41 18.5145083668523 8.36402612000416 8 8 19.4442124396489 8.190996649854 9.55460391800062 14 5 5 5 6.97155793680427 19.9146742698919 11.5790654770545 17.3403781138186
0 0 0 0 0 0 0 0 0 0 0 0 0 0 0 0 0 0 0 0 0 0 0 0 0 0 0 0 0 0 0 0 0 0 0 0 0 0 0 0 0 0 0 0 0 0 0 0 0 0.578158455773703 2.89079216399875 6.35670452120915 10.5510165247049 24.8034258917261 25 20.1092078360012 20 24 31.7087791039967 26.3437300011317 22.6359738799958 19.5 56.4357595139936 56.4357595139936 56.8205789236187 41.2912208960033 34.7366169780027 28.8712267885867 12.4158820740311 8 8.32762352536186 40.2083602521391 8 12.9368312684604 14 5 5 5 6.55460391800062 15.2269804099969 8
0 0 0 0 0 0 0 0 0 0 0 0 0 0 0 0 0 0 0 0 0 0 0 0 0 0 0 0 0 0 0 0 0 0 0 0 0 0 0 0 0 0 0 0 0 0 0 0 0 0 0 0 2.14175586761514 6.47623102903859 20.8591860084875 25.1820130600021 21.6856280421305 24.0364026120004 24 17.1456104480017 18.1166715490361 22.3958439301235 25.5267660439946 26 26 56.4529373351143 40.6401637131001 41 41 38.4114880690161 9.67452015201911 8 8 8 9.97155793680427 5.12078339211586 5.10920783600125 5 7.43117505040151 8 8
0 0 0 0 0 0 0 0 0 0 0 0 0 0 0 0 0 0 0 0 0 0 0 0 0 0 0 0 0 0 0 0 0 0 0 0 0 0 0 0 0 0 0 0 0 0 0 0 0 0 0 0 0 0.578158455773703 4.90535332280077 19.6931207087531 20.1820130600021 25.9255188149845 24.7140696458472 19.862823069139 18.591006530001 19.6776670338468 13.1820130600021 14.5426628650541 23.9271947759992 26 26 26 40.7269804099969 41 45.2717086333364 8.83726007600956 8 9.23768880801413 9.23768880801413 9.61884440400706 8.07280522400083 6.55460391800062 5 7.92635680417089 8.31798693999792
