rasters/edaphic/T_SILT.asc
NCOLS 720 
NROWS 300 
XLLCORNER -180 
YLLCORNER -60 
CELLSIZE 0.5 
NODATA_value -9999 
[rows 180 to 215 of 300, columns 405 to 485 of 720]
1.17140701053262 2 2 2 2 2 2 2 8.84472847770309 12.3725908579985 10.9711389010571 9.30641140906483 14.1621114582508 21.2451817159971 16.8395650204293 19.2819489310529 14 16.1191854732 20.2451817159971 7.70877910399701 0 0 0 0.133118882309592 8.26272521052444 26.8285927597279 36.8772279809815 20.6601967718735 31.4276139202958 32.4989281699886 17.9901003875419 13.5182013060002 8.94539608199938 18.1236677645149 18.6591249922251 16.8233262364004 11.0405144550802 26.9751729267561 25.9635973879996 21.7087791039967 22.9993568153048 2.78286938429524 0.115631683975381 0 0 0 0 0 0 0 0 0 0 0 0 0 0 0 0 0 0 0 0 0 0 0 0 0 0 0 0 0 0 0 0 0 0 0 0 0 0
2 1.99421222194269 1.96359738799958 1.48179869399979 2 2 2 2.30942220200353 17.0949870341429 49.7151709870201 50.3265516779923 51 22.1734483220077 25 27.6541751859961 22.5747153507329 11.3265513270628 28.7055052240661 14.3895349303413 0 0 0 0 17.6332749708366 21.580610159029 35.0738522253847 40.0992839044536 30.3490408282194 32.9393933869712 20.3041311754925 17.9920394511953 14.0728052240008 7.51325149977118 10.3473739783679 31.7469651045689 23.9635973879996 15.0142208018583 26.8999318380482 26.1088423139878 7.45770058256329 3.57516042705884 0.751605935070934 0 0 0 0 0 0 0 0 0 0 0 0 0 0 0 0 0 0 0 0 0 0 0 0 0 0 0 0 0 0 0 0 0 0 0 0 0 0 0
1 1 1 1 1.5 2 2.20524219697198 33.9357595139936 14.8636070260706 25.8293485397837 37.5154053631669 50.4175582079934 32.643622672336 25.3030590622727 34.6310002063329 11.6638117540019 21.6418104039261 20.413918949315 4.84679452520711 0 0 0 4.06955576388666 21.7003217697852 20.0728052240008 31.6109961773835 32.443306447164 42.807399976401 15.9338205258848 16.8467945252071 21.408993469999 16 16.8200522731019 24.6092074190618 16.3027964694761 15.9453960819994 15.3054416978617 28.6274091420015 21.1445561672678 4.5906559503673 0.115631683975381 0 0 0 0 0 0 0 0 0 0 0 0 0 0 0 0 0 0 0 0 0 0 0 0 0 0 0 0 0 0 0 0 0 0 0 0 0 0 0 0
1 1 1 1 1.32859298946738 1.98179869399979 1.48179869399979 22.1064118931679 49.3871781008284 14.1852088978339 14 51 40 6.99421223062175 24.9271947759992 15.2956980139989 21.0267660439954 25.7087791039967 4.87586471623148 0 0.273019590003116 0.186202927822548 23.1750213034425 25 14 24.3849993503147 24.0541065723887 30.9827147166059 20.3552275325057 22.1359738799958 17.036037089987 9.73515061040614 10.565575259744 11.2912208960033 16.6128228181297 13.5569080945514 28.2818961600067 24.0300864502633 7.53032306161298 1.22606113634981 0 0 0 0 0 0 0 0 0 0 0 0 0 0 0 0 0 0 0 0 0 0 0 0 0 0 0 0 0 0 0 0 0 0 0 0 0 0 0 0 0
1 1 1 1 1 1 1 24.4930382078692 20.1284809720129 18.2332894945544 14.3382830588703 50.5995712679954 22.6406840497275 7.23166717178189 26.0853257301081 12.7451817159971 21.6638117540019 17.7806683053914 5.09100653000104 0.397154886794674 0.670174476793344 0.45503265000597 12.719175610411 30.1515056385209 27.8276235080037 14.6552470160075 26.9482800201009 33.2633830219973 18.5941490536356 18.0347266509857 11.203225158941 12.3335186481599 8.51820130600021 24.3083503719921 16.1381467262878 21.9255968917995 31.4155043260323 7.52316855872045 1.5298559793919 0 0 0 0 0 0 0 0 0 0 0 0 0 0 0 0 0 0 0 0 0 0 0 0 0 0 0 0 0 0 0 0 0 0 0 0 0 0 0 0 0 0
1.22344350297219 1 1 1 1 1 9.67237649199626 18.7765564883488 37.0421714071615 25.0492648230503 45.2870269201932 51 26.5002143906263 16.091006530001 12.9837133803772 17.6276482686567 23.2173632770946 20.1359738799958 15.6050964445771 16.7863780010732 9.54496699907366 21.7140696458472 25 20.1820130600021 36.3361882459981 32 38.6723764919963 27.1638897961007 28.7366169780027 30.9539070883057 28.2571764841295 15.1315209677231 8.65710797937561 6.35991429428247 19.8935930877563 21.9648715232584 7.34922953328207 2.31203423942211 0 0 0 0 0 0 0 0 0 0 0 0 0 0 0 0 0 0 0 0 0 0 0 0 0 0 0 0 0 0 0 0 0 0 0 0 0 0 0 0 0 0 0
1.43683134400499 4.26901498086442 1 1 1 1 10 39.8136170967717 24.358165352833 34.6491726023047 49.8351164159867 46.0974174549628 29 24.0440513447468 11.951105826637 24.0333042832726 31.1492694913058 6.32762350800374 10.6638117540019 15.239890823217 12.5373967508426 24.942122236785 23.3521878530087 15.239890823217 31.6541751859961 30.9882976142297 35.1146300503611 37.1670602951587 45.5995712679954 12.9874064549674 13.9818767360986 11.6102845166898 8.91889308245701 13.4197310456062 9.82495385980302 6.80696304334005 1.29134916676623 0 0 0 0 0 0 0 0 0 0 0 0 0 0 0 0 0 0 0 0 0 0 0 0 0 0 0 0 0 0 0 0 0 0 0 0 0 0 0 0 0 0 0 0
13 13 7.21841567200249 1.05208999817625 1.32762350800374 1 6.91467381041282 19.3558805106596 44.8658049332839 48.689505967985 25.0492648230503 40.4004287320046 28.8179869399979 7.70877910399699 12.9043067837667 31.0535320879892 6.07280522400083 10.2019146617533 15.0364026120004 18.2859303541528 24.5821299004038 20.0546819600994 15.2366950201015 12.2999120293559 23.1310291510776 10.2879470334309 26.0157410214776 12.0752411234241 12 10.2229758590446 12.7324270433167 9.71178989693538 8.84679406572807 19.9968574763655 8.27498753034658 1.59849051031598 0.192719480471661 0 0 0 0 0 0 0 0 0 0 0 0 0 0 0 0 0 0 0 0 0 0 0 0 0 0 0 0 0 0 0 0 0 0 0 0 0 0 0 0 0 0 0 0
13 13 13 13 10.0546039180006 1.21590175217812 1 19 17.2660282929225 18.9089934526408 49.8387802296189 34.6359738799958 24.057877763215 0.527837874029851 15.0449673499957 4.61826946795196 10.1274091420015 5.09839221830915 15.1024507393543 14.9958881742783 15 15 5.54603918000623 22.5331287667861 21.3119893136014 22.6765370137795 30.2910055864189 18.2633830219973 12 17.9146742698919 15.591006530001 7.55209000251578 16.8623505602821 17.7548421010738 4.74211066179201 0.267280519008636 0 0 0 0 0 0 0 0 0 0 0 0 0 0 0 0 0 0 0 0 0 0 0 0 0 0 0 0 0 0 0 0 0 0 0 0 0 0 0 0 0 0 0 0 0
13 13 13 13 11.5546039180006 10 10.3276235080037 19 19 20.5 35.972162125994 28.0855112344803 23.8179869399979 0 17.4539608199938 11.3209981924157 11.2908553739899 7.87751633731462 13.3725908579985 19.7559192916044 22.2269804099969 19.7633830219973 20 19.9288950717502 17.4842882660692 21.5718597893476 10.6842932683929 12 12.2366169780027 12 12 15.4652733316561 16.3807662569086 4.67205536596918 2.04022591927058 0.203640264505738 0 0 0 0 0 0 0 0 0 0 0 0 0 0 0 0 0 0 0 0 0 0 0 0 0 0 0 0 0 0 0 0 0 0 0 0 0 0 0 0 0 0 0 0 0
13 13 13 13 13 10.5315841273512 14.353551571491 19.0810288754442 36.8806254338151 34.9761426301358 26.2897597269076 26.4429647422214 19.1820130600021 14.5 5 14.9379323516064 15 7.81544868892107 13.3725908579985 12.4495079077211 14.2872403918615 13.5364026120004 15.7196725043674 45 20.6882490365058 30.4004287320046 13.3179869399979 28.7747244691737 12 12 11.7815843279975 6.02315111222923 8.24248278947974 4.38000213187218 0.850278497636052 0.300000011920929 0 0 0 0 0 0 0 0 0 0 0 0 0 0 0 0 0 0 0 0 0 0 0 0 0 0 0 0 0 0 0 0 0 0 0 0 0 0 0 0 0 0 0 0 0
13 13.0347266683439 13 13 13.1092078360012 13 11.5372405925078 21.5 28.3996976879777 33 22.2002143660023 22.1274091420015 34.0155555755959 14.5 0.182013060010294 15.2109519416096 14.6723764919963 12.5 14.4450305599859 10.2143038462808 11.0405144377221 15.0868166621806 12.568824719859 12.1092078360012 44.1809412299907 36.5813699619952 30.186861408354 12.3276235080037 12 12.0405144377221 10.0364026120004 10 7.53908331296262 4.68390034581644 1.67999994754791 0.100000001490116 0 0 0 0 0 0 0 0 0 0 0 0 0 0 0 0 0 0 0 0 0 0 0 0 0 0 0 0 0 0 0 0 0 0 0 0 0 0 0 0 0 0 0 0 0
15.0807662496427 16.1092078360012 11.4453960819994 13 12.0261618548049 15.8907921639988 13 21.9186300380048 33 31.1145231138807 22 22 28.8179869399979 14.8458248140039 14.4539608199938 11.5767076782207 15.6370457100073 19.8223379189637 10.8570348229236 13.4594855622779 15.2296256809221 18.4173195156356 22.2269804099969 15.1862029278225 17.2980853382467 32.8286174957568 24.8577901435004 14.6792116385654 15.5 13.3551201365462 20.3784860485178 8.61282281812965 11.2617836191127 7.41627399413486 1.69456105325458 0 0 0 0 0 0 0 0 0 0 0 0 0 0 0 0 0 0 0 0 0 0 0 0 0 0 0 0 0 0 0 0 0 0 0 0 0 0 0 0 0 0 0 0 0 0
18.3143728768276 16.0612296852443 14.5852187432647 11.4826366745071 11.4453960819994 10 12.9652733316561 29.8858662252036 32.7361200840464 27.5 22.2002143660023 22 19 23.8179869399979 0.345824814003947 3.28593012441331 10.2315111222923 18.3361882459981 12.5157654239351 10 13.3725908579985 10.6571859789348 21.2789390570723 12.5 10 14.8179869399979 13.144275623901 11.3756797008594 16.8272579859903 25.6880638738326 8.58754764771701 8.18620292782255 15.2574878314781 6.82548178245239 1.39271951216933 0 0 0 0 0 0 0 0 0 0 0 0 0 0 0 0 0 0 0 0 0 0 0 0 0 0 0 0 0 0 0 0 0 0 0 0 0 0 0 0 0 0 0 0 0 0
16.5 17 16.6714072402721 17 10.1274091420015 10 13 18.908993469999 21.908993469999 22 27.2997856339977 21.4857791981417 19 19 20.5 0.400428732004571 21.6429647175974 15.2730195900031 8.21841567200249 10.1260986448138 10.0620676483936 10.0289388816075 10.0620676483936 13.3769368841539 12.408993469999 15.3620135313577 21.0367681340139 13.1939536534696 17.6848139794201 20.2973497519326 16.8854768861193 8.07280522400083 21.8293485397837 7.54950754850178 2.33387583784471 0.883640257299576 0 0 0 0 0 0 0 0 0 0 0 0 0 0 0 0 0 0 0 0 0 0 0 0 0 0 0 0 0 0 0 0 0 0 0 0 0 0 0 0 0 0 0 0 0
17 17 17 17 13.5 10.0868947042794 14.218050149989 18.0620676310354 19.5257430611338 22.7561291399435 19.4654046705941 20.4453960819994 19 19 19 11.3458248140039 4.94212222810597 12.5 9.95115951664127 5.15962187750346 10 12.408993469999 10 17.6063238978998 19.885262495493 33.7520223411696 36.1045210742245 27 28.5852187432647 10.6638117540019 8 12.649907719605 10.4898373430897 9.44753805660132 13.078886143399 0.980000019073486 0 0 0 0 0 0 0 0 0 0 0 0 0 0 0 0 0 0 0 0 0 0 0 0 0 0 0 0 0 0 0 0 0 0 0 0 0 0 0 0 0 0 0 0 0
16.7815843279975 16.7815843279975 17 16.9189711245558 12.3001511560112 10 13.8094222020035 22 22.7178357593627 18.6935890504142 17 18.5430279275885 19.0257430784919 19.0016759610147 19.1521581731466 20.6124572961162 2.96097345652079e-13 9.94212222810597 10.2896229770874 14.6572640288569 5.5883076208418 11.217889583098 12.8388579949255 29.3278378986301 34.2087791039967 23.1224593357724 25.2184156720025 26.7362464290415 14.7419561736791 14.908993469999 12.591006530001 13.3570348229236 30.408993469999 10.4537470575327 4.54239807587072 0.94796571987304 0 0 0 0 0 0 0 0 0 0 0 0 0 0 0 0 0 0 0 0 0 0 0 0 0 0 0 0 0 0 0 0 0 0 0 0 0 0 0 0 0 0 0 0 0
14.9431158736085 10.7815843279975 16.7815843279975 13.5960343436126 10 16.8974179312425 19.1456104480017 18.0196191991473 20.4627594074922 17.4338200915872 23.5481875144355 26.0807662322846 10.1177725739956 10.4053005135044 7.57757002787641 14 27.4903634319942 20.7451817159971 10.1456104480017 14.4561336576067 31.0557825837664 22.245834694151 45.416720227486 38.997617314048 19.1456104480017 21 22.7660241849329 19.5982364942579 18.9768488877708 14.908993469999 14.9710611183925 15 10.6714067807931 28.3638992651669 3.91979681047294 0.113571085641162 0 0 0 0 0 0 0 0 0 0 0 0 0 0 0 0 0 0 0 0 0 0 0 0 0 0 0 0 0 0 0 0 0 0 0 0 0 0 0 0 0 0 0 0 0
12.838468454389 5.43683134400499 18 10 10 14.4999999826419 19 20.2952014001452 22.5460391800062 35.4453960819994 21 11.4222984640955 10.6659846089729 14 14 14 14 14 14 14.6237161681373 16.2106401096004 17.8391210393777 24.6956539492206 26.8717528774912 23.0728052240008 21 15.0463022244585 18.8982558943917 14.0519586470754 13.3570348229236 13.0728052240008 11 11.0728052240008 10.0926044489169 5.05820133352859 0.980085723973424 0 0 0 0 0 0 0 0 0 0 0 0 0 0 0 0 0 0 0 0 0 0 0 0 0 0 0 0 0 0 0 0 0 0 0 0 0 0 0 0 0 0 0 0 0
11 17 17.9635973879996 10.1274091420015 14.3361882459981 10 17.9635973879996 27.2912208960033 34.9857791981417 32.0083256113391 21.2366169780027 24.1092078360012 27.8991177753379 26.8495177878681 14 14 14 14 14.3227517438735 39.3762838318627 26.5267660439946 17.4281402106524 15.7548182840029 9.15417518599605 19 19 18.9271947759992 14.5804002507921 10.7660282929225 12.591006530001 15 13.0728052240008 14.6723764919963 12.591006530001 15.1340008701388 2.22783240149467 0.227062647234209 0 0 0 0 0 0 0 0 0 0 0 0 0 0 0 0 0 0 0 0 0 0 0 0 0 0 0 0 0 0 0 0 0 0 0 0 0 0 0 0 0 0 0 0
11 17 17 16.9305466633123 11.3272579859903 13.5364026120004 35.2414109594683 36.1037359058957 30.7838351984785 33.5681965043228 20.9710611010344 27 9.81353402772522 14 14.3822274260044 14 14 14 27.3227517438735 26.5267660439946 33.908993469999 14.1157555611462 30.3170415053447 2.30410703899385 19.7736233197138 18.3727470163334 13.3570348229236 15 13.3570348229236 15 14.8543895519983 8.59100653000104 8.95733713494593 11.2121554189488 10.0620676483936 6.95449445083137 1.57400414163828 0.00436831334241045 0 0 0 0 0 0 0 0 0 0 0 0 0 0 0 0 0 0 0 0 0 0 0 0 0 0 0 0 0 0 0 0 0 0 0 0 0 0 0 0 0 0 0
10.7815843279975 16.563168655995 10.7815843279975 16.6905777979965 14.9431158736085 16.6638117540019 21 17.8249777775995 48.9153853530223 33.6188444040071 17.1188444040071 21.8179869399979 16.8907921639988 14 30.7634077580262 34.3570884611576 14 14 14 14.3640261200042 31.5 26.9731075606472 16.2198289551413 16.8285936786859 27.9143087478784 15.0438663423933 13.3280959413161 14.2339717070775 15 15 11 10.9817986939998 8.68562804213048 14.9958101495376 12.8094222020035 12.5 2.92165440638803 0.119999997317791 0 0 0.0247537764206543 0.0495075528413086 0.0495075528413086 0 0 0 0 0 0 0 0 0 0 0 0 0 0 0 0 0 0 0 0 0 0 0 0 0 0 0 0 0 0 0 0 0 0 0 0 0 0
0 2.5 5 11.8907921639988 17.2776038238556 19.4573366754669 21 21 18.591006530001 20.9379323689646 18.408993469999 17.0173633254929 14 14 0.982870524011219 29.6378005711051 14 14 14 24.2730195900031 31.408993469999 22.3570352824026 14.2705836905799 16.9817986939998 9.15417518599703 17.1820130600021 19.8543895519983 15 15 15 10.908993469999 9.57015995307558 9.09365180092628 18.5 21.0364026120004 10.2201159677535 3.45188450813293 0.119999997317791 0 0 1.36000001430511 3.28933687977598 2.72000002861023 0 0 0 0 0 0 0 0 0 0 0 0 0 0 0 0 0 0 0 0 0 0 0 0 0 0 0 0 0 0 0 0 0 0 0 0 0 0
0 2.57364319582911 4.31303718413194 9.10920783600125 11.8907921639988 16.6998488439888 23.8381029323755 20.9271947759992 20.9271947759992 17.5546039180006 16.7660287524016 16.9817986939998 14.0546039180006 14 20.0501801298491 38.3570352824026 17.5400708498356 14.1157555611462 33.908993469999 29 31.5 14 24.3640261200042 15.8993569019931 0.109207836001247 10.2859298946738 10.1404269094971 10 8 6.06366554995133 15.0532154038957 6.38222742600436 17 7.85114009188339 21.9677872384619 18.6101773174649 3.83175971032001 0.00436831334241045 0 0 1.36000001430511 18.3710485665562 4.6599999666214 2.19999998807907 1.63999998569489 0 0 0 0 0 0 0.0178053217622574 1.91710959662797 2.61094259833686 1.98149897260578 0 0 0 0 0 0 0 0 0 0 0 0 0 0 0 0 0 0 0 0 0 0 0 0 0 0
1.97398235697091e-14 4.53640261200452 6.12633729350682 9.00578777805731 11.0807657728055 19 19 19 19 25.9004525490754 20.2457616286369 16.5661794567571 17 14.1092078360012 28.0267660439946 14.3227517438735 14 24.1157555611462 28.9710611010344 29 33.6359738799958 14 33.6359738799958 0.0868166621805678 3.5 12.495415536408 18 10 6.06366554995133 16.4175582079934 13.7952252172161 2.73397147733793 16.7633830219973 23.2633830219973 9.29978563399771 19.6571864384138 5.14092615630292 0.119999997317791 0 0 0.655246230731903 2.43049246623218 15.5459950633299 21.1635965908031 2.22038550832097 0.580385465191209 0.290192732595605 0 0 0 0 1.29897226312847 7.19790212503308 31.0449673499948 6.09922157527857 0.872821980692407 0 0 0 0 0 0 0 0 0 0 0 0 0 0 0 0 0 0 0 0 0 0 0 0 0
1.58032246361432 4.91226732389236 3.68662168763306 6.5 11.8179869399979 10.5868947042794 16.408993469999 18.8179869399979 18.908993469999 19 19 19 17.030614825264 17 15.4875864807362 14 14 33.908993469999 29 31.5 14 14 23.6417616493741 7.84582481400395 12.5 21.6274091420015 18 8.1794211110975 6.16381175400187 3.59100653000104 6 6.20021436600229 10.5 4 4 17.4635973879996 5.4890068427028 0.119999997317791 0 0 0 1.07922907915433 1.8693789304218 2.11991424211211 2.70029970730332 7.56000000238419 0.560000002384186 0 0 0 1.46985019663066 4.27760199920173 25.9384369208456 21.798582232203 25.6366484134689 3.48162747005041 0 0 0 0 0 0 0 0 0 0 0 0 0 0 0 0 0 0 0 0 0 0 0 0 0
13 6 10.4450305599859 9.5 7 10.3725908579985 14 14 16.408993469999 14.6237161681373 16.5594756821309 18.9684691521298 18.9089934526408 16.8907921639988 14.6571859789348 14 14.7280522400083 31.408993469999 29.1199454289666 33.6359738799958 14 15 17.3279940066019 16.6359738799958 12.5926044489169 24.8725908579985 21.4115611345302 17.9998388810313 10.9388483993941 14.5168077741782 14.0003113473486 11.1224593105909 13.8907921639988 3.49240474346925 3.18960831653283 10.9080239885353 4.98344750493947 0 0 0 0 0 0 0 1.09961454196135 1.09961454196135 0.549807270980674 0 0 0.280000001192093 3.69057827678658 24.23126315257 24.5298246356275 26.0449673499948 24.1177725739956 5.14633849442502 0.00728052250857134 0 0 0 0 0 0 0 0 0 0 0 0 0 0 0 0 0 0 0 0 0 0 0 0
13 9.5 6.12740914200145 9.89079216399875 7 7 13.9817986939998 14 14 27 14.6237161681373 14 14 14 14 24.2730195900031 30.6429647175974 29.0620676310354 31.1359738799958 23.6359738799958 14.4797816811503 13.924758893934 25 32.7360420419476 0 23.1700724665346 11.2548182840029 11.3770438623183 23.193461736098 17.5383416001092 16.8900322255902 5.21841567200249 11 7.58605672377201 6.07280522400083 17 5.61399533001202 0.37237690143056 0 0 0 0 0 0 0 0 0 0 0 0.694561053254582 9.15991425272096 14 13.8817305320485 19.7002143660023 14 5.40135430013377 0.408206571591253 0 0 0 0 0 0 0 0 0 0 0 0 0 0 0 0 0 0 0 0 0 0 0 0
13 11.8001511560112 6.51820130600021 6 6.33438076752469 7 11.862350100803 13.9817986939998 14.4732339560054 26.908993469999 39.8179869399979 22.5434181856309 14 9.76372403772133 27.2461271506503 29.0289388989656 28.957887643362 21.7730195900031 14.0140894802785 13.9635973879996 1 16.2865350028216 14.3235116822821 24.2355451479913 39.6727410950516 7.01927313601163 18.3822274260044 14.6099677744098 17.063168655995 5.01820130600021 6 10.8179869399979 10.7815843279975 8.37259085799855 10.0443631608051 15.9479100061633 11.514354616373 1.07310488362043 0 0 0 0 0 0 0 0 0 0 0.144985285739492 3.32894277475104 14.2825012259385 14.527837874006 17.9993425235059 17.9993425235059 14.1794211110975 7.77043164590187 0.887280519367523 0 0 0 0 0 0 0 0 0 0 0 0 0 0 0 0 0 0 0 0 0 0 0 0
12.9594855622779 12.8907921639988 7 6 6.96359738799958 6.98179869399979 7 10.6274091420015 14.0868166621806 22.5434181856309 14.2730195900031 16.7573078560723 21.5289388989656 29.0289388989656 29.1820130600021 33.3778817247414 22.9642015771893 7.23989084057516 12.1820130600021 14.371256084261 9 5.14561044800166 1 5.64561044800166 27.0085647379944 35.1998497629469 26.1391115277718 20.5430526636174 5.90139821346821 6.13890665601729 6 6 5.32859298946738 5 12.0999367900089 15.0810288928023 11.6309837552177 1.44689509730608 0 0 0 0 0 0 0 0 0 0.153490400965707 3.24139212392778 7.12133440611959 34 17.3458248140039 14 32.9774287847638 25.0813699619952 9.63257321618601 1.73747331069731 0 0 0 0 0 0 0 0 0 0 0 0 0 0 0 0 0 0 0 0 0 0 0 0
9.5 10 6.51820130600021 6 6 6.5 7 14 14.4550326500052 28.908993469999 28.8800545710334 29 14.3640261200042 30.7969792359763 21.563168655995 17.7506284161824 10.3474227329198 17.0463022244585 16.7550813284551 12.9479099974842 9.29122089600332 9.38222742600436 1.14561044800166 12.8179869399979 12.5 36.4715583962833 22.1911036274668 18.8985189279951 19.0267660439946 17.7527769725278 7 5.5 4.39225853941871 14.7997856339977 9.36345118394905 6.7435838561233 2.47100355661485 0.746895050707246 0 0 0 0 0 0 0.0304838796897315 0.920093942453331 2.17343854355789 4.84793999439394 7.66337419396136 34.2527762833093 13.6370457100073 26.2432670296197 14.5997270754007 14 14.2002143660023 13.9271947759992 2.25548707940496 0 0 0 0 0 0 0 0 0 0 0 0 0 0 0 0 0 0 0 0 0 0 0 0
13 10 6.99421222194269 6 6 6.01820130600021 9.91391894931504 20.1630026348712 23.6723764919963 24.091006530001 24.9480418124037 31.591006530001 33.0916106436462 8.25893006804061 19.3125644455355 17.1926969218308 2.98187672902674 0.804209351322271 5.66195581758147 4.14244383502286 20.3570352824026 20.3570348229236 26.9715583962833 22.4230049081787 11.3822274260044 27.4817986939998 26.2169545029067 5.32827649398103 6.34679429546759 7 7.19191267246013 8.67936755933731 11.2415423817742 8.47155816654379 11.9652733316561 6.00743460375382 1.15892410177021 0.0385438946584602 0 0 0 0 0.119999997317791 2.30815476151301 5.83040335496524 8.40700161347808 24.6520353951303 7.07151919668781 20.3822274260044 31.1774824061971 30.5 28.5074637130348 39.4642011177102 14 12.1494216460618 9.34942191480597 2.04942181727516 0 0 0 0 0 0 0 0 0 0 0 0 0 0 0 0 0 0 0 0 0 0 0 0
6.25481828400291 11.8001511560112 6 6 6 6 6.32762350800374 22.2859303541528 16.4842882660692 28.7269804099969 26.2711049036257 29.4494004032121 7.70280634094404 27.8285927597279 29.2245445452899 18.2374549663334 9.48538939957829 22.2235950182938 11.9437447120494 21.3920732569627 23.8050761758482 11.6818276141204 30.5102406990091 27.3490742741189 28.9867485002288 16.0296988373742 9.9556368391949 20.9357595139936 21.2633830219973 20.8907921639988 17.8907921639988 10.9715579368043 9 9 16.0625266516763 2.92364025645834 0.154175578633841 0 0 0 0 0 0.949230044537213 5.39893126966702 35.1669244724241 23.9186300380048 6.64291153884242 19.8564603651129 13.5027725270551 29.4879325516953 10.7548182840029 37.1445386179902 22.214825425903 14.0636655499513 10.3301927915897 2.49601712182073 0.549807270980674 0 0 0 0 0 0 0 0 0 0 0 0 0 0 0 0 0 0 0 0 0 0 0 0
9.67302947015015 12.8320764202764 6 6 6 6.10418000503155 10 14 14 17.4281402106524 19.8490987804083 0.751125310138758 18.8357984474348 18.9465214761075 16.9358859093517 16.5809994633971 19.972162125994 9.57833489250661 6.27393561260924 28.6445386179902 25.7755577655354 27.848942851813 6 29.7091446260101 27.408993469999 29.3293476208256 5.11575556114617 6.01820130600021 10.3907921639988 13.862350100803 14.7815843279975 9 8.85027771759759 5.87801928829583 2.75584020971666 1.19881943503331 0 0 0 0 0 0.0298501415799689 3.4471214149008 24.7152940617951 23.5 30.785774195818 34.9635973879996 35 18.2942317315154 29.5819448980503 19.7745935911221 19.5 15.8854768861193 14 9.2306662207905 1.68436833175492 0 0 0 0 0 0 0 0 0 0 0 0 0 0 0 0 0 0 0 0 0 0 0 0 0
21.2099632058262 6.01820130600021 6.20257222332674 23.3256067198722 13.0209201522816 18.3947483915907 13.932222624327 14 14.3640261200042 11.7451817159971 14.7384779240306 9.43390320958951 16.9186300380048 18.7597680398689 29.324612255586 25.0889654482655 13.5540877240791 30.3547306211912 11.0938904681025 4.00578777805731 21.3159211222334 19.9656632057641 6 20.8907921639988 25 10.527837874006 11.0819448980503 8.96527333165615 8.78158432799751 9.30942220200353 9.42203205207897 3.21719049686304 2.6098072576452 1.23199140056752 0.289079209938451 0 0 0 0 0 0 0.819999992847443 7.4329172303937 33.2475390713029 22.3001511560112 26.7362216426495 34.3179869399979 29.4453960819994 36.9143087478784 28.1638117540019 18.6003023120223 19.7821592640526 19.2997856339977 14 5.56873659198427 1.12529437412028 0 0 0 0 0 0 0 0 0 0 0 0 0 0 0 0 0 0 0 0 0 0 0 0 0
6.43117505040151 6.60970463791054 2.65718597893476 2.18201306000208 6.91813314404846 8.69057779799647 6.02969882001604 33.6807562276372 33.8263666756389 6.18180823861168 18.7722835190285 11.3833821236101 13.8784027584108 24.3623743773529 29.7013153736037 10 12.7280521392822 12.7815843279975 4.1439345043451 5 16.7633830219973 20.3965019086363 6.08681666218057 18 18 30.190135078705 4.50607511245608 3.69568342898891 27.2946214875054 12.0274234216024 3.16776571373648 0.58566014851253 0.0578158419876903 0 0 0 0 0 0 0 0 0.819999992847443 8.73036825836567 16.7025722233267 24.8458248140039 38.3083503719921 25.1164378002581 27.7451817159971 20.7509694853753 21.3376299892211 19.5 20.2432670296197 14 13.9768488877708 3.56873659415404 0 0 0 0 0 0 0 0 0 0 0 0 0 0 0 0 0 0 0 0 0 0 0 0 0 0
