rasters/bioclim/bio04.asc
NCOLS 720 
NROWS 300 
XLLCORNER -180 
YLLCORNER -60 
CELLSIZE 0.5 
NODATA_value -9999 
[rows 196 to 223 of 300, columns 189 to 251 of 720]
-9999 -9999 -9999 -9999 -9999 -9999 -9999 -9999 -9999 -9999 -9999 -9999 -9999 138.610940786508 57.6220556405874 83.670967395489 93.8626034076397 94.5429966266339 89.3589087266188 87.4686065086952 87.6518272986779 89.2814248891977 93.5553562457745 95.578181046706 95.9470546428974 94.5760231018066 94.5463321392353 93.3998650770921 93.1868523817796 92.1633740938627 93.5719396151029 93.6763329139123 96.5312238839956 97.2730278602013 100.521456204928 99.7514305114746 100.702941014216 105.597839355469 104.214561462402 107.619652087872 110.741662538969 111.788227081299 113.530843294584 116.027338468111 116.167518322284 114.95612511268 116.856177403377 116.513013986441 116.031566032997 114.014151059664 113.915308145376 113.829268235427 112.578026111309 114.489184746375 113.92391028771 116.940266535832 119.735412891094 124.979985750639 125.890095930833 126.487411205585 127.822211632362 123.958143380972 122.299132713905
-9999 -9999 -9999 -9999 -9999 -9999 -9999 -9999 -9999 -9999 -9999 -9999 -9999 211.589632474459 65.1443845308744 81.6945686340332 90.5678754953238 95.5029305678148 81.1649243281438 83.4069965069111 84.6294174194336 87.6502207242525 93.1863027719351 95.8287828885592 97.882988856389 97.5022134047288 95.5916894766001 93.8359298706055 96.9742528475248 95.5482168931227 94.8527532724234 96.6840521005484 97.6700157752404 100.536810067984 101.864406879132 103.510346632737 105.035238119272 107.583023364727 109.230768643893 109.431797027588 112.881364675669 114.805413172795 116.26581632174 116.39103111854 119.389850909893 117.463801457332 118.034669142503 118.708756373479 119.496518061711 117.169737595778 116.393328740047 115.365413078895 115.103791750394 114.278153639573 113.847013033353 116.113823817326 118.305482717661 121.332739023062 124.749415177565 125.253945570726 123.908113332895 125.277919769287 123.657252385066
-9999 -9999 -9999 -9999 -9999 -9999 -9999 -9999 -9999 -9999 -9999 -9999 -9999 -9999 158.863095210149 73.821603334867 81.5638999938965 84.9070939284105 79.6025560819186 80.3529742314265 87.1621363713191 88.020131624662 93.7696738609901 100.133577786959 98.1802473801833 98.6270347008338 97.5096949063815 99.5643785916842 98.2771401038537 99.1496646587665 98.2318279559796 99.5083629901593 99.8759073110727 102.27954688439 104.875453655536 104.664412865272 107.412499647874 108.848284207858 108.787247877855 111.680493281438 115.158351898193 118.46550310575 117.553930429312 121.229297344501 123.175020071176 123.160288297213 122.954646183894 122.958929795485 122.160536839412 120.273898491493 119.454606863169 118.498827714186 119.012038304256 117.099183302659 115.722334641677 119.3617676955 119.161141028771 121.443411607009 124.021541595459 122.494518573468 125.794218503512 124.323535625751 121.131340613732
-9999 -9999 -9999 -9999 -9999 -9999 -9999 -9999 -9999 -9999 -9999 -9999 -9999 -9999 199.824758676382 57.8478041428786 64.8348016005296 78.6440602816068 89.8870447598971 88.929192176232 86.245837871845 86.2461709242601 92.4513194744404 94.9274652921236 96.8127778860239 99.04688673753 99.7032159658579 101.334216778095 102.203723027156 102.60901935284 101.800675025353 102.595282334548 103.433526846079 107.056507404034 107.825971163236 108.156452472393 109.520559457632 112.087025569035 112.923642378587 114.665358029879 117.135500100943 120.881386976976 119.183971111591 121.214692922739 124.017521784856 122.42724785438 123.524430495042 124.304598294772 125.295067420373 124.517319312462 124.060312711276 124.027067918044 121.643619537354 120.826816558838 120.875563401442 121.065357795128 121.181904425988 119.392538510836 121.497981144832 121.757928114671 122.621343465952 122.514450073242 119.825413337121
-9999 -9999 -9999 -9999 -9999 -9999 -9999 -9999 -9999 -9999 -9999 -9999 -9999 -9999 -9999 115.370423537034 -9999 68.2745246887207 83.3595355107234 87.7669680668757 85.3977179894081 84.2185847942646 91.6667160621056 90.5957186772273 94.9086397611178 100.178874676044 101.216656024639 103.024131481464 104.664306640625 106.574951758751 106.88265639085 106.330554081843 108.187126746544 111.041659428523 111.883559593788 112.803797795222 112.464278001052 114.019427959736 117.45068535438 118.562408447266 120.667389502892 125.155587416429 124.282051673302 125.164527893066 124.871793306791 126.639306875376 126.248913104718 128.036951505221 128.095891512357 127.326070345365 127.263175377479 127.033569335938 124.930007347694 124.83687708928 123.736186100886 121.673837221586 123.933804438664 122.992683997521 124.492783766526 121.073334913987 120.686686589168 122.146416003887 120.419070023757
-9999 -9999 -9999 -9999 -9999 -9999 -9999 -9999 -9999 -9999 -9999 -9999 -9999 -9999 -9999 193.105454664964 71.6965819138747 66.4663138756385 76.9854633624737 87.3637131911058 89.1310489361103 88.7374305725098 92.6957420935998 90.3924443171575 95.9518021803636 100.902332892785 104.496690896841 105.453455411471 107.742486807016 109.011682363657 109.202689537635 110.277433542105 115.300957899827 118.913036639874 119.152493990385 118.652409480168 117.173229510968 117.668729928824 119.969872694749 121.755472036508 125.642200176532 131.069803091196 131.627855154184 131.26062129094 132.928013728215 131.897265507625 132.529285724346 131.804781987117 132.215624295748 131.043102557843 129.356192955604 129.328966580904 127.679164593036 127.169654259315 125.212854238657 124.156034029447 125.260560255784 125.837295532227 124.601335378794 123.658073425293 122.432447580191 122.380202660194 120.729589608999
-9999 -9999 -9999 -9999 -9999 -9999 -9999 -9999 -9999 -9999 -9999 -9999 -9999 -9999 -9999 -9999 180.252854567308 70.8443403977614 79.4236010037936 88.5915380624624 90.0375072772686 88.1822662353516 85.1108753497784 93.4275319026067 97.9655747046837 99.7635759206919 103.542150350717 107.925296490009 109.290070460393 111.128014491155 114.195989462046 120.976352398212 123.660516592172 125.62533393273 125.603647085337 124.468215355506 121.899739778959 124.495658874512 124.269819406363 124.341344980093 126.503007155198 130.260579622709 132.59266779973 133.261290330153 135.829296992375 135.818567716158 135.937293419471 135.948942331167 135.121158306415 133.658727792593 134.285339355469 132.816396859976 132.25581242488 130.342352060171 127.122700030987 126.773411677434 126.771256666917 127.736761826735 128.639799851638 127.205391517052 125.105959378756 124.052612891564 121.249948941744
-9999 -9999 -9999 -9999 -9999 -9999 -9999 -9999 -9999 -9999 -9999 -9999 -9999 -9999 -9999 -9999 -9999 102.470777951754 82.2506966224084 85.4894121610201 98.1474938025841 93.862187899076 89.6875258225661 101.202310415415 100.887495187613 96.3636239858774 99.9133124718299 105.315873659574 108.505314753606 112.851020812988 118.261037386381 124.075916583721 126.841354956994 129.133465106671 128.433059692383 128.564287625826 127.040293766902 127.399243868314 128.731516911433 128.46193929819 130.44371678279 131.861154409555 134.302734375 136.828852726863 137.396531911997 139.445600656363 138.559096703163 139.626190185547 139.463204603929 138.161825326773 138.373653118427 138.596434373122 135.656353290264 133.280540466309 131.460927523099 130.22852912316 130.761750441331 132.280340928298 131.790299048791 130.678666921762 129.363273033729 127.346959040715 123.68741607666
-9999 -9999 -9999 -9999 -9999 -9999 -9999 -9999 -9999 -9999 -9999 -9999 -9999 -9999 -9999 -9999 -9999 206.39537517841 90.9518523583045 82.0783218970666 102.636959956242 110.103701664851 101.663073613093 92.7368023212139 100.096579331618 97.7786055344802 103.172126183143 105.899186354417 107.141306950496 108.699625748854 113.445284329928 120.732491713304 126.070407573993 129.217977670523 131.707454974835 132.365500230056 132.217479999249 133.451536912185 134.155913719764 134.452451852652 137.217718271109 138.876445476825 142.043735210712 143.111278827374 144.18838266226 144.973122816819 144.810457669772 144.45726952186 143.686158987192 144.234481811523 142.883832491361 142.618179321289 140.55728325477 137.08241213285 134.474499629094 132.616420452411 133.073356041541 133.929594186636 134.673646193284 131.276827885554 129.86617396428 126.765774066632 124.571934626653
-9999 -9999 -9999 -9999 -9999 -9999 -9999 -9999 -9999 -9999 -9999 -9999 -9999 -9999 -9999 -9999 -9999 -9999 149.568386958196 91.8540009718675 89.5451912513146 107.459476177509 109.516233004056 103.701776357797 103.870932358962 103.376643841083 112.385544996995 115.012261610765 102.046396989089 101.989042428824 106.903559171236 114.253436748798 123.554267883301 130.119673508864 133.516370333158 135.685835031363 137.219157879169 138.568364656889 140.239416269156 142.393549405611 143.260044391339 147.681470430814 151.669479370117 152.283197256235 149.389590336726 149.030455956092 147.859012310322 148.736022949219 148.359440730168 148.236108633188 146.319339458759 145.135786790114 142.992587749775 139.635934682993 136.877515939566 134.639857365535 133.893907400278 132.456125699557 132.857214120718 131.614598787748 129.990343534029 127.633009103628 126.814034682054
-9999 -9999 -9999 -9999 -9999 -9999 -9999 -9999 -9999 -9999 -9999 -9999 -9999 -9999 -9999 -9999 -9999 -9999 239.117574838492 113.877472804143 83.3723881061261 87.6165938744178 109.186445969802 125.49053309514 124.870421776405 131.907473637508 130.762417133038 124.899947533241 114.606743445763 105.662993797889 110.5559962346 118.110904400165 126.954583388108 132.019689706656 135.953191903921 141.999665480394 142.777496337891 143.271801288311 145.985505324144 149.072509765625 150.017192547138 154.17720912053 159.296245868389 158.688131479117 158.990391071026 155.790794959435 155.856062082144 155.391383831318 155.462788508489 153.279659564678 150.408012390137 148.801338195801 146.56161909837 145.898107675406 143.931755652794 139.35156426063 136.806530292218 134.61007807805 133.747119610126 131.111178471492 130.349506084736 131.868210425744 129.817302997296
-9999 -9999 -9999 -9999 -9999 -9999 -9999 -9999 -9999 -9999 -9999 -9999 -9999 -9999 -9999 -9999 -9999 -9999 262.066263052133 179.252878042368 100.851217123178 93.2615089416504 94.2915784395658 103.389306875376 105.023987403283 108.976628230168 114.669998755822 115.10617006742 115.923522068904 122.991350027231 126.297224778395 131.783057579627 127.260863084059 130.028611990122 138.352708082933 146.026943500225 149.063420222356 149.35115638146 151.815030611478 156.973981417142 155.284081092248 156.888227609488 161.475409287673 163.644848163311 161.815713735727 162.948788569524 165.96195103572 164.380631080041 158.906626187838 155.722545330341 155.839985774114 150.049999530499 151.18907048152 149.17761347844 144.541617173415 140.824940021221 138.708383413462 135.8198829064 135.012967623197 133.920810992901 133.785077021672 133.030280480018 133.334436269907
-9999 -9999 -9999 -9999 -9999 -9999 -9999 -9999 -9999 -9999 -9999 -9999 -9999 -9999 -9999 -9999 -9999 -9999 -9999 238.146297748272 161.843153733474 107.197808485765 95.7823633047251 95.2447762122521 96.6364974975586 100.463908855732 104.723591731145 110.35625399076 119.671122037447 126.265477107121 -9999 157.403431232159 128.655505253718 123.187039888822 135.2634570782 152.351452167218 156.540571946364 155.119919996995 156.697378892165 157.547019958496 156.82501572829 161.18873830942 163.26034956712 166.449254549467 169.095716036283 171.002732496995 173.803672203651 171.554843022273 170.169969411997 166.118364774264 158.68302154541 153.619016794058 155.78846858098 153.643996605506 148.289186330942 146.0360154372 142.063515883226 140.234069237342 139.24412888747 135.579862741324 133.729401808519 134.274012638972 134.260121859037
-9999 -9999 -9999 -9999 -9999 -9999 -9999 -9999 -9999 -9999 -9999 -9999 -9999 -9999 -9999 -9999 -9999 -9999 -9999 260.951082669772 220.903846153846 138.016812251164 108.00694832435 99.3202966543344 -9999 101.621936798096 108.205961961013 116.154644305889 122.888572105995 127.125636761005 131.794994647686 136.129813561073 137.64198420598 116.450957665077 129.217968280499 150.892214261569 158.867910531851 160.801605811486 162.554083017203 161.874043978178 163.003966111403 164.915220407339 168.435741717999 171.821583674504 175.457348750188 180.105926513672 182.321364182692 182.906867394081 184.684607872596 181.95827132005 175.673626239483 168.188998295711 160.319656958947 151.073482219989 145.365137540377 141.91790830172 138.754499582144 139.70657818134 137.857976473295 141.778963529147 141.864480825571 139.071060767541 137.933388343224
-9999 -9999 -9999 -9999 -9999 -9999 -9999 -9999 -9999 -9999 -9999 -9999 -9999 -9999 -9999 -9999 -9999 -9999 -9999 -9999 251.655073899489 197.7184178279 130.001259436974 113.479560558613 106.830252720759 112.160503387451 118.861042316143 128.405775510348 -9999 138.885330787072 134.950985248272 135.92344724215 145.289446317233 122.880095261794 132.793759272649 146.306964580829 151.385412362906 161.781554588905 166.601104736328 171.140533447266 172.556452237643 175.55505840595 178.91475384052 180.416500384991 185.277398329515 190.110186063326 194.320675189678 198.044474675105 197.523681053749 195.64276944674 187.516340989333 180.914310161884 171.613688542293 159.266213637132 154.229728111854 148.544269268329 144.891187227689 144.142059326172 146.821270282452 146.368767958421 144.961016728328 144.431286738469 142.481194129357
-9999 -9999 -9999 -9999 -9999 -9999 -9999 -9999 -9999 -9999 -9999 -9999 -9999 -9999 -9999 -9999 -9999 -9999 -9999 -9999 -9999 -9999 190.692873441256 125.422882666955 111.92897444505 117.336691049429 122.074096092811 140.610273507925 144.702847407414 146.922510000376 141.660754277156 179.494594280536 175.5107421875 183.068071805514 149.193607036884 140.11419912485 148.486831078163 158.489179171049 175.954713674692 181.567004277156 186.69340808575 190.263204134428 191.826100276067 191.330095144419 195.842779306265 197.341377258301 205.087371826172 213.716907207782 215.375887357272 211.760616595928 203.271904578576 194.231835585374 181.165201040415 172.203365032489 170.577860318697 166.556244483361 160.88960148738 157.466981154222 156.395382220928 154.562329218938 149.329772949219 147.585307781513 148.060573284443
-9999 -9999 -9999 -9999 -9999 -9999 -9999 -9999 -9999 -9999 -9999 -9999 -9999 -9999 -9999 -9999 -9999 -9999 -9999 -9999 -9999 -9999 -9999 -9999 158.519179710975 108.72831931481 82.1387481689453 87.0216548626239 149.287117591271 158.264347956731 158.247435349685 157.256883474497 169.87616788424 174.369215745192 162.398697486291 138.341240516076 144.765788738544 164.539410517766 184.38431255634 199.523041945237 203.446870070237 205.03631239671 202.451320354755 203.181824904222 205.205669696514 202.134440495418 211.114565335787 222.897723858173 227.150512695312 224.832255436824 214.627556434044 204.19837482159 198.471194340633 190.952655498798 186.488651569073 182.582721416767 176.840151860164 170.063995361328 165.976422236516 162.434650714581 157.731153634878 155.666485126202 155.64904315655
-9999 -9999 -9999 -9999 -9999 -9999 -9999 -9999 -9999 -9999 -9999 -9999 -9999 -9999 -9999 -9999 -9999 -9999 -9999 -9999 -9999 -9999 -9999 -9999 -9999 -9999 146.487609863281 100.406720674955 113.803838876578 -9999 174.998877305251 175.28956251878 181.549070504995 182.121228731596 172.435389592097 161.994960491474 169.482466477614 185.223616966834 198.071143517127 213.922790527344 222.725180992713 217.1903123122 212.864270723783 212.302155714769 213.974783090445 213.925236628606 217.697019136869 226.1369335468 231.183431772085 229.982460608849 221.443867610051 217.384602473332 210.295074462891 206.821486253005 201.224401620718 195.448000981258 189.073236318735 181.534151517428 175.398027860201 172.756249060998 168.326955942007 166.047264099121 164.255888718825
-9999 -9999 -9999 -9999 -9999 -9999 -9999 -9999 -9999 -9999 -9999 -9999 -9999 -9999 -9999 -9999 -9999 -9999 -9999 -9999 -9999 -9999 -9999 -9999 -9999 -9999 -9999 -9999 150.852224496695 133.234938988319 178.873469426082 196.387452345628 204.103123591496 201.417631882888 205.024288470928 205.130763127254 196.963348388672 191.847838181716 186.268588726337 190.357639606182 208.675823505108 215.453938410832 225.974469698392 226.444736187275 233.038844181941 218.235357431265 222.661545973558 227.141206007737 235.230691763071 234.541481604943 230.48445716271 224.898908174955 220.665925246019 214.449192927434 209.845491849459 205.061163095328 199.625705425556 189.310323861929 185.554654634916 182.347705547626 179.639056865986 174.846116872934 163.178568913386
-9999 -9999 -9999 -9999 -9999 -9999 -9999 -9999 -9999 -9999 -9999 -9999 -9999 -9999 -9999 -9999 -9999 -9999 -9999 -9999 -9999 -9999 -9999 -9999 -9999 -9999 -9999 -9999 231.625421377329 225.853252704327 191.020050048828 216.143383319561 221.793540367713 222.928166316106 225.111103938176 223.564381526067 223.840744018555 217.630206768329 225.030962430514 208.892452533428 208.917834942157 197.672004112831 190.373269888071 208.765228271484 247.287950955904 234.506654005784 235.823343130258 236.889221191406 235.882692777194 239.678896390475 238.577960674579 234.284896850586 229.207837618314 223.918991088867 216.4067969689 212.159655644343 206.239156282865 200.453005277194 193.934704120343 191.665989215557 190.175588754507 185.107346167931 169.582850529597
-9999 -9999 -9999 -9999 -9999 -9999 -9999 -9999 -9999 -9999 -9999 -9999 -9999 -9999 -9999 -9999 -9999 -9999 -9999 -9999 -9999 -9999 -9999 -9999 -9999 -9999 -9999 -9999 -9999 -9999 267.540387667142 216.485842191256 228.326703585111 230.321831336388 238.509056678185 243.528177114633 250.330643873948 235.858913715069 238.431665273813 232.29870722844 223.905458890475 203.754298283504 188.605964660645 201.505596454327 249.38951580341 250.84959763747 251.856628417969 255.655015211839 255.073915921725 251.141534658579 247.984474769005 240.947616577148 240.756745558519 236.354116586538 226.460075965294 217.156669029823 208.598064129169 205.388853219839 203.960952171913 200.829261192909 201.310514596792 195.826741732084 180.018321110652
-9999 -9999 -9999 -9999 -9999 -9999 -9999 -9999 -9999 -9999 -9999 -9999 -9999 -9999 -9999 -9999 -9999 -9999 -9999 -9999 -9999 -9999 -9999 -9999 -9999 -9999 -9999 -9999 -9999 -9999 254.010311420147 226.053594735953 233.354687030499 237.782166701097 249.179540780874 257.68358201247 260.217771089994 253.523045466496 246.349839430589 226.373246413011 200.488737839919 198.84812105619 210.01369535006 235.303776667668 268.199194101187 266.090405977689 266.575263390174 268.744267390325 265.926825890174 262.518885685847 260.797760009766 255.937280508188 250.276441133939 244.115065354567 235.310963557317 226.302256657527 216.95585338886 213.067051227276 209.203508230356 204.805321326623 203.404182434082 200.050198481633 185.849472632775
-9999 -9999 -9999 -9999 -9999 -9999 -9999 -9999 -9999 -9999 -9999 -9999 -9999 -9999 -9999 -9999 -9999 -9999 -9999 -9999 -9999 -9999 -9999 -9999 -9999 -9999 -9999 -9999 -9999 -9999 245.179330679087 234.34795320951 236.322691697341 244.8424412654 255.381446251502 263.253890991211 267.752128014198 259.876084547776 249.009453406701 236.28737112192 187.492827195388 194.550544151893 232.365681574895 275.17857830341 281.600387573242 280.999887319712 281.73180095966 282.2986133282 279.691732553335 277.063608022837 274.849747877855 266.726751474234 257.052848229041 249.250719510592 246.500983605018 238.5336327186 228.820759699895 220.466354370117 216.35987677941 209.569082993727 203.933611356295 196.184038602389 190.738577622634
-9999 -9999 -9999 -9999 -9999 -9999 -9999 -9999 -9999 -9999 -9999 -9999 -9999 -9999 -9999 -9999 -9999 -9999 -9999 -9999 -9999 -9999 -9999 -9999 -9999 -9999 -9999 -9999 -9999 -9999 -9999 237.704027616061 238.475105872521 244.952397273137 257.420331514799 267.850638756385 273.72301189716 275.453958364633 266.395181509165 248.43396113469 219.013285710261 220.124134944035 257.141669640174 294.16184762808 298.491977398212 305.228155282828 303.169823279748 301.58940241887 300.337375347431 296.135755098783 287.23331627479 276.64103111854 266.575252826397 258.374264056866 253.023936345027 248.626653817984 239.828614455003 230.617291964017 223.312956589919 213.469539935772 203.098003094013 195.400573730469 190.619601323054
-9999 -9999 -9999 -9999 -9999 -9999 -9999 -9999 -9999 -9999 -9999 -9999 -9999 -9999 -9999 -9999 -9999 -9999 -9999 -9999 -9999 -9999 -9999 -9999 -9999 -9999 -9999 -9999 -9999 -9999 -9999 235.100251417894 236.81310565655 252.424191988431 260.792779775766 270.198502760667 278.286811241737 285.421369112455 282.377076369065 267.493983342097 250.940930880033 243.759071936974 283.995363675631 313.798188429612 323.293522761418 323.6661330003 320.954082782452 315.84192950909 314.790927593525 308.620884821965 298.525740403395 290.09728886531 278.781909649189 271.943598820613 263.710558377779 259.87758577787 251.852243276743 240.738053541917 231.189111562876 217.391008230356 204.804668719952 192.264768160306 188.777765714205
-9999 -9999 -9999 -9999 -9999 -9999 -9999 -9999 -9999 -9999 -9999 -9999 -9999 -9999 -9999 -9999 -9999 -9999 -9999 -9999 -9999 -9999 -9999 -9999 -9999 -9999 -9999 -9999 -9999 -9999 -9999 227.170297475962 238.337273230919 256.280766413762 260.973302987906 269.653556236854 279.942116370568 289.792476947491 291.819895817683 293.670261089618 282.474858210637 274.532401451698 295.836564284105 327.904604398287 338.268864558293 338.802614652193 336.784630408654 332.974099966196 325.117849496695 319.834916334886 309.296068631686 299.428418673002 292.16383596567 284.602366520808 279.184138371394 271.625247661884 261.715732281025 251.276780348558 240.199070857121 225.902693528395 206.666712247408 194.946586608887 189.990661034217
-9999 -9999 -9999 -9999 -9999 -9999 -9999 -9999 -9999 -9999 -9999 -9999 -9999 -9999 -9999 -9999 -9999 -9999 -9999 -9999 -9999 -9999 -9999 -9999 -9999 -9999 -9999 -9999 -9999 -9999 -9999 224.952732966496 237.042580237755 257.028910710261 263.952844473032 273.166902982272 283.752552912785 298.171221219576 303.475318321815 317.119374201848 315.575021597055 297.406921386719 317.446559025691 350.876878004808 355.516615647536 355.345520019531 351.801647479718 345.401277982272 336.558349609375 330.473529522236 321.383247962365 311.898106501653 306.008389986478 296.537072988657 287.599571814904 282.051847017728 271.431429349459 259.94982792781 248.929667546199 234.762978186974 218.354127150315 207.144766000601 199.722962599534
-9999 -9999 -9999 -9999 -9999 -9999 -9999 -9999 -9999 -9999 -9999 -9999 -9999 -9999 -9999 -9999 -9999 -9999 -9999 -9999 -9999 -9999 -9999 -9999 -9999 -9999 -9999 -9999 -9999 -9999 -9999 221.479162362906 234.111730722281 257.435394287109 268.677701509916 282.081261268029 292.708006638747 299.200559175932 312.195779653696 331.830356304462 328.151728703425 312.962478637695 329.665161132812 359.16787484976 377.652162992037 370.532998891977 361.815997783954 354.174314058744 347.373068002554 338.686553955078 332.27155480018 326.206038254958 317.159795907828 310.138383131761 300.086188683143 292.714657123272 279.593597412109 269.834586510291 258.374949528621 245.891240046575 234.780038686899 226.008345383864 216.370528001052
