rasters/bioclim/bio06.asc
NCOLS 720 
NROWS 300 
XLLCORNER -180 
YLLCORNER -60 
CELLSIZE 0.5 
NODATA_value -9999 
[rows 84 to 111 of 300, columns 378 to 440 of 720]
-3.28579589036795 -4.05600593640254 -4.98867403543912 -5.11845685885503 -5.53027512476994 -6.64652861081637 -6.86897347523616 -7.564789551955 -7.0708270072937 -7.20043868284959 -7.64978672907903 -7.93686734713041 -8.22508338781503 -7.74425745010376 -5.66483970788809 -4.72254509192247 -4.74905811823331 -4.78732248452994 -5.35555544266334 -6.25504258962778 -6.3506299165579 -6.35186657538781 -5.85098248261672 -5.55431367800786 -5.41827618158781 -5.44261395014249 -5.74340354479276 -6.10556569466224 -7.14175345347478 -9.43464535933274 -10.9774326911339 -12.7887673011193 -11.9579243293175 -10.5135499514066 -8.43782487282386 -7.44381479116586 -6.69623143856342 -6.78295271213238 -6.93533020753127 -7.0831156877371 -7.25791931152344 -7.56959038514357 -7.92379012474647 -7.76247923190777 -8.00348021433904 -8.39780062895555 -8.54756190226628 -8.59534883499146 -8.44364268963153 -8.29442882537842 -8.2121116564824 -7.96118604219877 -7.52957655833318 -8.47435778837938 -8.91140460968018 -8.99394101362962 -9.16956233978271 -9.13879123100868 -9.25146289972159 -9.443276148576 -9.45850610733032 -9.7179022202125 -9.80652820147001
-4.57370734214783 -6.10763311386108 -8.76676159638625 -9.75119444040152 -8.85156411391038 -8.42852188990666 -8.38195503675021 -10.2901012714093 -9.26154342064491 -9.11697824184711 -8.94866158412053 -8.8871950002817 -8.07862578905546 -7.06117270543025 -5.64752677770761 -5.16092243561378 -4.73607088969304 -5.1695402768942 -5.18992038873526 -5.25855348660396 -5.52509148304279 -5.50517249107361 -5.34492312944852 -5.21224896724407 -5.15484474255488 -5.28224754333496 -5.94012476847722 -7.05658608216506 -7.10997753876906 -8.20474400887123 -9.18840386317327 -11.5034742355347 -13.2436439807598 -12.6403766045204 -9.63161120047936 -7.84441214341384 -7.05672099040105 -7.04035571905283 -6.98990715467013 -6.87673704440777 -6.63701864389273 -6.95527604910044 -6.81504664054284 -6.89866058643048 -7.24916054652287 -7.7564460681035 -8.1443137388963 -8.30250652019794 -8.19900332964384 -8.01592775491568 -7.78759307127732 -7.64116063484779 -7.43273316896879 -7.99759967510517 -8.85801135576688 -8.73152314699613 -8.45148079211895 -7.9950083219088 -8.08631801605225 -8.1545059130742 -8.26043660824115 -8.46391930946937 -8.7683811554542
-9.21986671594473 -9.29494472650381 -12.4030612798838 -12.0269835545466 -9.71946789668157 -11.1243753433228 -12.2471650930551 -10.4878162237314 -10.1670405314519 -9.6877656349769 -8.70158775036152 -8.16965719369742 -7.29291897553664 -5.4717751282912 -5.44723404370821 -4.74977375910832 -4.76424490488492 -4.8554206261268 -4.95963927415701 -5.27086481681237 -5.18172735434312 -5.16798696151147 -4.99256119361291 -4.97953974283659 -4.93001015369709 -5.03654505656316 -6.04450805370624 -8.38540895168598 -9.0418884570782 -7.7932093326862 -8.23503956427941 -9.96798111842229 -12.5422559884878 -12.8671260980459 -11.7140243236835 -8.14615462376521 -7.53593756602361 -7.32001737447885 -6.59044969998873 -6.44741168388954 -6.22920718559852 -5.72692823410034 -5.47801734850957 -5.29861936202416 -6.02418171442472 -6.91122253124531 -7.80705998494075 -7.97712879914504 -7.63662569339459 -7.42880465434148 -7.16035512777475 -7.05352423741267 -6.97874513039222 -7.54225088999822 -8.01070521428035 -7.98297419914832 -7.8553829559913 -7.64732533234816 -7.63172395412739 -7.72967437597421 -7.92888579001793 -8.02648184849666 -8.41553948475764
-8.77768241442167 -11.2262137486384 -11.500439277062 -12.1823436296903 -8.91590037712684 -10.9979215035072 -9.74336910247803 -6.41900223952073 -6.55910242520846 -9.78202687777006 -6.15738685314472 -5.87748362467839 -5.05549078721267 -4.91254533254183 -3.5774677166572 -4.40371164908776 -4.80083284011254 -4.94798372342036 -5.13855510491591 -5.16771611800561 -4.94215923089248 -4.83450805223905 -4.51959223013658 -4.56597485909095 -4.55888430888836 -5.12728439844572 -6.0296761072599 -7.49893712997437 -9.54830763890193 -7.45453460399921 -7.863220508282 -8.9363049360422 -10.6684371508085 -11.6821636786828 -10.754399739779 -8.80844472004817 -7.11848772489108 -6.58613469050481 -6.14910017527067 -6.09612998595605 -5.64789504271287 -5.33993715506334 -9999 -9999 -9999 -9999 -7.6660737991333 -7.66666958882259 -7.19037184348473 -6.87370175581712 -6.47652240899893 -6.43730600063617 -6.13418729488666 -6.99448559834407 -8.23492394960844 -8.12501093057486 -7.77402643057016 -7.30364142931425 -7.15150018838736 -7.10719530399029 -7.20219219647921 -7.28210753660936 -7.620924949646
-3.95155890171344 -5.26167091956505 -7.1604784818796 -7.85001457654513 -7.68019566169152 -5.65296917695266 -3.38364381056566 -1.18632761603938 -9999 -1.78837333275722 -6.0278523518489 -6.08086952796349 -5.05970129599938 -3.43995539041666 -2.8373790704287 -4.22543443166293 -4.85890450844398 -4.84483399757972 -4.81243318777818 -4.90524059075576 -4.52968410345224 -4.28191494941711 -4.02193740698007 -3.94388829744779 -4.03418999451857 -4.29231924277085 -6.09407274539654 -7.27338361740112 -7.42432117462158 -9.7289159481342 -8.364883349492 -9.58686612202571 -9.36469173431396 -9.37744962252103 -10.0787314268259 -9.63141940190242 -6.32728923284091 -5.92633885603685 -5.71956010965201 -5.63360947829026 -5.07039719361525 -4.46643057236305 -9999 -9999 -9999 -9999 -9999 -9999 -6.47017152492817 -6.01104255822989 -5.65649705666762 -5.49913758497972 -6.49153775435228 -7.27303512279804 -7.74333077210646 -7.55242013931274 -7.11385400020159 -6.5037630039912 -6.31443066321887 -6.18517408004174 -6.11935606369605 -6.25895522190974 -6.61624273887047
-2.49744272232056 -2.45996802586776 -3.08239579200745 -3.42843389511108 -3.34374216886667 -2.58762243160835 -9999 -9999 -9999 -0.291404246710814 -1.44598634770283 -5.13480081925025 -5.1929129087008 -3.31320228026463 -3.25625448960524 -3.47610135261829 -4.14872433589055 -4.30319672364455 -4.09391456383925 -4.17235119526203 -4.03571878946744 -3.9646100631127 -3.59072011250716 -3.56382386501019 -3.64131878889524 -4.82262972685007 -6.58489531737107 -9.84148025512695 -7.86376373584454 -9.82244865710919 -8.86716420833881 -9.12811246285072 -9.49444613089928 -8.90305361380944 -8.12096456380991 -7.1950496160067 -5.63083580824045 -4.98846736321082 -5.09690669866709 -4.93628023220943 -4.5287575171544 -9999 -9999 -9999 -9999 -9999 -9999 -9999 -4.9338252727802 -4.77864423164955 -4.68511654780461 -4.49536694013155 -4.55105183674739 -5.22042368925535 -6.0586719077367 -5.93198125178997 -5.74538982831515 -5.62469465915973 -5.0475216278663 -4.85286498757509 -4.76176912050981 -4.87665387300345 -5.43528914451599
-3.40220183592576 -2.28659981947679 -2.39063343634972 -2.20155057540307 -2.07990732559791 -9999 -9999 -9999 -9999 -9999 -9999 -2.39052688616973 -6.56304997664231 -6.28482990998488 -4.64063459176284 -5.12848362555871 -4.5910015472999 -4.50187411675086 -3.62673612741324 -4.20725462986873 -3.1554828790518 -3.01973450183868 -2.98282375702491 -3.19015738597283 -3.44135476075686 -4.60653862586388 -5.51563173073989 -4.96934866905212 -5.15593690138597 -6.14928190524761 -6.28285224621113 -6.37365216475267 -6.31481944597684 -5.93795163814838 -5.69900996868427 -5.33551630607018 -5.11479962789095 -4.50268871967609 -4.41366806397071 -3.82201424011817 -9999 -9999 -9999 -9999 -9999 -9999 -9999 -9999 -9999 -3.33526062048399 -5.00927758216858 -9999 -9999 -9999 -9999 -9999 -9999 -4.61785633747394 -4.84535184273353 -4.43412546011118 -3.68359617545055 -3.89823625637935 -4.73252927339994
-9999 0.524281414583899 -3.20920472878676 -2.92875031324533 -2.18857866984147 -1.63087772406065 -1.22916599420401 -9999 -9999 -9999 -9999 -9999 -5.61637487778297 -5.20627155670753 -5.08040321790255 -6.65026268592248 -6.66174668532151 -7.31146225562462 -5.68051738005418 -5.82919821372399 -5.2323670570667 -4.76298673336322 -3.85856835658734 -3.50798029166002 -3.30699122869051 -5.42550096145043 -4.60203561416039 -3.56354733613821 -4.14527689493619 -4.60733842849731 -5.11711780841534 -5.22275106723492 -5.07835485385014 -5.02458005685073 -4.93702701421884 -4.74306566898639 -4.79703041223379 -4.17423972716698 -3.76742051197932 -9999 -9999 -9999 -9999 -9999 -9999 -9999 -9999 -9999 -9999 -9999 -9999 -9999 -9999 -9999 -9999 -9999 -9999 -9999 -9999 -9999 -4.72505320952489 -7.15918852732732 -7.01638471163236
-9999 -9999 -9999 0.213100996011725 -0.0455569725197095 -2.28861174216637 -2.47928568033072 -0.821520252869679 -0.0989461925167304 -9999 -9999 -9999 -9999 0.116052637879665 -2.37806503130839 -4.70653334030738 -6.0261879334083 -7.59412479400635 -6.90459588857797 -6.34802213081947 -5.31775577251728 -6.11316185731154 -5.15928987356333 -4.3997810620528 -3.70031617237971 -5.28065217458285 -4.81251900012677 -4.04188203811646 -3.61328644018907 -4.02599851901715 -4.54695107386662 -4.84369681431697 -4.76208670322712 -4.67844660465534 -4.67339917329642 -4.79056569246145 -4.31448899782621 -3.7485922391598 -3.16967413058648 -9999 -9999 -9999 -9999 -9999 -9999 -9999 -9999 -9999 -9999 -9999 -9999 -9999 -9999 -9999 -9999 -9999 -9999 -9999 -9999 -9999 -9999 -4.05057353239793 -14.4451892559345
-9999 -9999 -9999 1.08800359070301 1.44129904330923 0.156131060077594 -0.40554841951682 -1.32202806381079 -1.60916672303126 0.114010502226078 -9999 -9999 -9999 -9999 -9999 0.932194558473734 -0.517602111284549 -1.70680319345914 -5.30892361127413 -8.00809471423809 -7.92861347932082 -6.04716873168945 -6.33585034883939 -6.511710863847 -5.70048647660476 -4.10179937802828 -5.25117124043978 -6.13769120436448 -5.3259413425739 -4.76205383814298 -4.74867591491112 -4.92245941895705 -4.91458491178659 -4.51864921129667 -4.58506950965294 -4.15422171812791 -3.57482010584611 -2.68816778293023 -9999 -9999 -9999 -9999 -9999 -9999 -9999 -9999 -9999 -9999 -9999 -9999 -9999 -9999 -9999 -9999 -9999 -9999 -9999 -9999 -9999 -9999 -9999 -9999 -9999
-9999 -9999 2.89137551417718 -9999 2.58392122158637 1.51203395311649 1.00953438878059 -0.485268722324131 -3.67904048699599 -1.00953031302645 -9999 -9999 -9999 -9999 -9999 -9999 -9999 0.951153790721527 -1.91666621886767 -5.64507246017456 -7.08370146384606 -8.72803625693688 -8.19514502011813 -5.06378326049218 -5.15037290866558 -4.6756396477039 -5.52725494824923 -5.54924477063693 -5.13096796549284 -5.7988794033344 -6.35479640960693 -7.02278459989108 -6.90064411896926 -5.60673192831186 -5.23359878246601 -3.45673464811765 -2.62259068397375 -1.62512067648081 -9999 -9999 -9999 -9999 -9999 -9999 -9999 -9999 -9999 -9999 -9999 -9999 -9999 -9999 -9999 -9999 -9999 -9999 -9999 -9999 -9999 -9999 -9999 -9999 -9999
-1.18380767221634 -9999 -9999 -9999 -9999 3.47367813036992 2.1568781045767 0.737888911595711 -2.4159315090913 -2.20031341222616 0.189640820026398 -9999 -9999 -9999 -9999 -9999 -9999 -9999 -9999 -9999 -0.346842746680173 -7.62482914557824 -6.50419770754301 -6.49213332396287 -5.14550630862896 -4.46655473342309 -5.16537176645719 -5.34302366696871 -6.56179461112389 -7.12914716280424 -4.35658159622779 -3.47458267211914 -3.69460087556105 -2.925004697763 -2.55686714099004 -2.19822856783867 -2.02322099759029 -1.02611269171421 -9999 -9999 -9999 -9999 -9999 -9999 -9999 -9999 -9999 -9999 -9999 -9999 -9999 -9999 -9999 -9999 -9999 -9999 -9999 -9999 -9999 -9999 -9999 -9999 -9999
0.623979244381189 -9999 -9999 -9999 -9999 -9999 -9999 2.49929554187334 1.44517047130145 1.63130424114374 -0.867364286803282 0.96457209953895 2.57757586240768 1.45278901778735 -9999 -9999 -9999 -9999 -9999 -9999 -9999 -0.430837374467116 -4.58866207416241 -6.48243302565355 -5.81521353354821 -3.66205701461205 -3.30389970999498 -5.07262328954843 -6.43795105127188 -5.57914693538959 -6.90773307360136 -6.61483992063082 -3.76956078639397 -2.55892853553479 -1.69466321743452 -1.14011778400835 -0.852117309776636 -1.69896017931975 -9999 -9999 -9999 -9999 -9999 -9999 -9999 -9999 -9999 -2.57918464220487 -5.87877387266893 -5.65359658461351 -5.03522669352018 -4.41016389773442 -9999 -9999 -9999 -9999 -9999 -9999 -9999 -9999 -9999 -9999 -9999
3.70672463453733 -9999 -9999 -9999 -9999 -9999 -9999 -9999 -9999 2.96969190010658 1.83533727778838 1.88737164437771 1.3481021798574 2.56408440149747 2.84321310428473 -9999 -9999 -9999 -9999 -9999 -9999 1.00947899084825 -3.58063495388398 -4.31481961103586 -4.23233179862683 -4.51982797109164 -4.54908150892991 -2.52174770832062 -2.34487054898189 -3.21547620113079 -3.18014378731067 -2.8710931631235 -2.18321588864693 -2.75264663421191 -1.13463531147975 -1.19854201319126 -0.785468194633722 -0.44630048595942 0.198253539892343 0.94070565700531 -9999 -9999 -9999 -9999 -9999 -0.852100811325587 -4.0462023294889 -5.94471150178176 -6.82461474492 -7.42193856606117 -6.57290803469144 -5.80734245593731 -3.5782044667464 -3.79164704909691 -1.2759908484295 1.2684313586125 -9999 -9999 -9999 -9999 -9999 -9999 -9999
2.53093368273515 -9999 -9999 -9999 -9999 -9999 -9999 -9999 -9999 -9999 -9999 2.23256254826601 1.0995520055294 0.539805341798526 2.29212734217827 1.84834821407612 0.724718738060731 -9999 -9999 -9999 -9999 3.15358376502991 -3.01847308415633 -4.34784188178869 -5.31030262433566 -4.52674333865826 -1.94023171754984 -0.117691284761979 -0.619165363220068 -0.305359964187329 -9999 1.20100281330255 -9999 -9999 -0.195978442063698 -1.15340666129039 -0.377880215644836 0.74616702244832 -0.333169996738434 0.236303922935174 1.33235467053377 0.464904124633624 -0.193308024452283 -2.96906494177305 -3.97344493865967 -6.72700221721943 -6.81782051233145 -8.35333607747005 -8.72281155219445 -7.61873285587017 -6.58451355420626 -5.33660754790673 -6.21565030171321 -5.66043230203482 -5.93807275478656 -5.89872074127197 -6.77542840517484 -7.30182600021362 -8.40293895281278 -7.70743634150578 -8.57505083084106 -9.16981851137601 -10.8031888374915
2.52597360427563 -9999 -9999 -9999 -9999 -9999 -9999 -9999 -9999 -9999 -9999 -9999 2.69469418433996 0.0104573099659039 2.10275150606265 -9999 -9999 -9999 4.28885175631596 -9999 -9999 2.29166156741289 -2.95210526539729 -4.52006299564472 -4.33434011385991 -3.89533563760611 -3.92332381468553 -9999 0.700896807588064 -9999 0.00777174188540532 -9999 -9999 -9999 1.04478429601743 -0.413751925413425 0.400313596312816 0.892812289870702 0.929094686531104 0.791221086795513 -1.14304563288505 -1.47255400224374 -2.75949846781217 -4.56668734550476 -5.65524574426504 -5.94567915109488 -6.33575149682852 -7.54062293126033 -8.16427524273212 -6.33042471225445 -6.07121695004977 -6.72684801541842 -7.68811269906851 -7.46972007017869 -7.66282771183894 -8.31281702335064 -9.83181894742525 -10.51889698322 -9.11498942741981 -10.9995150199303 -9.63580080179068 -11.3293998424823 -15.0890398759108
3.80804527722872 -9999 -9999 -9999 -9999 -9999 -9999 -9999 -9999 -9999 -9999 -9999 -9999 -9999 4.32623344201308 -9999 -9999 -9999 -9999 -9999 -9999 3.24071521942432 1.56603527069092 -0.984816083380093 -3.3491350549918 -0.612680685375101 -0.36760044327149 0.0622998842826256 -9999 -9999 -9999 -9999 -9999 -9999 2.67928432386655 0.441610736342577 -0.246501069802504 0.183214118345999 -0.827200434743785 -1.50719537070164 -3.24491206499246 -4.70216492506174 -4.69790841982915 -4.56867691186758 -4.83527333919819 -4.31577543111948 -5.07708978652954 -6.44981321921715 -6.32042220922617 -5.62381982803345 -5.68764264766987 -6.76481503706712 -8.17186351922842 -9.34039424015925 -10.2349901932936 -10.3158308175894 -11.2208809485802 -10.77273948376 -9.68130030998817 -10.9154374782856 -12.4278524838961 -13.6634544225839 -13.254589007451
4.74612626662621 -9999 -9999 -9999 -9999 -9999 -9999 -9999 -9999 -9999 -9999 -9999 -9999 -9999 3.34157381607936 3.06460252174964 -9999 -9999 -9999 -9999 -9999 -9999 -9999 2.12761284296329 0.267159543358363 -0.723563470519506 1.13347631391998 0.64274730017552 0.984642513669454 -9999 -9999 -9999 -9999 -9999 3.79241500451015 3.15796938309303 0.660784440544935 -0.108650993842345 -1.38635911993109 -2.07093264047916 -3.58920420133151 -4.75941195854774 -5.09486405666058 -5.275128529622 -4.22460015003498 -4.01109022360582 -4.95625063089224 -6.61124596228966 -6.18250685471755 -5.9628192461454 -6.34904351601234 -6.75883957055899 -9.1139330130357 -11.27272605896 -10.3910497518686 -11.2349475713877 -12.4154787797194 -11.0702241750864 -8.68890413871178 -11.6388998765212 -12.2586764555711 -13.7921313505906 -11.2837140009953
-9999 -9999 -9999 -9999 -9999 -9999 -9999 -9999 -9999 -9999 -9999 -9999 -9999 -9999 5.47295414484464 -9999 -9999 -9999 -9999 -9999 -9999 -9999 -9999 3.23337692251572 2.42384873215969 -1.12396475214225 -0.608775771043908 1.1448882818222 -9999 -9999 -9999 -9999 -9999 -9999 -9999 -9999 1.56651314634543 0.288976587068576 -1.05232813832565 -1.96744533914786 -2.81056345426119 -3.80418384992159 -4.80868458747864 -4.82470495884235 -4.57902242587163 -4.72039866447449 -5.6074035351093 -6.53121519088745 -5.90380448561448 -6.16660118103027 -5.8860983481774 -6.21866941452026 -8.6319903593797 -10.7318626550528 -11.8377846937913 -11.5284822904147 -11.9084124198327 -11.0314903992873 -7.43887794934786 -8.28163506434514 -6.94243966616117 -8.73750121776874 -9.13872861862183
-9999 -9999 -9999 -9999 -9999 -9999 -9999 -9999 -9999 -9999 -9999 -9999 -9999 5.29303418673002 6.16587022634653 -9999 -9999 -9999 -9999 -9999 -9999 -9999 -9999 -9999 -9999 3.56629787958585 -9999 -9999 1.91485883639409 3.00692094289339 -9999 -9999 -9999 -9999 -9999 3.98932192875789 2.68921566926516 1.24234984428264 -0.793816778378991 -1.17301797565932 -1.40567397956665 -2.68404984474182 -3.57511182931753 -3.98879269453195 -4.28267280872052 -5.44802025648264 -6.46017881540152 -6.08865521504329 -6.11256537070641 -5.97632708916297 -6.7039365034837 -6.81478023529053 -7.84805132792546 -10.154591853802 -12.0162924253024 -11.7800546792837 -11.9195874287532 -11.059684753418 -7.95630803475013 -6.51296531237089 -6.85039978760939 -4.00675101463611 -5.20600702212407
-9999 -9999 -9999 -9999 -9999 -9999 -9999 6.71459036607009 5.64562043776879 5.58774109987112 4.48925214547377 4.20337121303265 -9999 -9999 -9999 -9999 -9999 -9999 -9999 -9999 -9999 -9999 -9999 5.56276343419002 -9999 3.07232986505215 -1.32989130455714 0.92274943438287 -9999 -9999 -9999 -9999 -9999 -9999 -9999 3.50531832071451 3.46099489468795 0.799695800130184 -0.346560441530668 -2.02661227721434 -3.11368901912983 -3.47582038549276 -1.34188025960555 -3.86492740190946 -5.94799283834604 -5.23626366028419 -6.08525698001568 -5.45152257038997 -6.66237981502826 -6.64241079183725 -5.87285217872033 -7.28465729493361 -9.07279601463905 -5.40087758577787 -7.52664334957416 -8.52595681410569 -9.33199955866887 -6.51279493478628 -2.97230800298544 -1.80672370785704 -2.56977254840044 -4.55600467095008 -4.48124643472525
-9999 4.83137383827796 -9999 -9999 -9999 -9999 -9999 -9999 -9999 6.9919088437007 6.58806283657367 6.27020637805645 -9999 -9999 -9999 -9999 -9999 -9999 -9999 -9999 -9999 -9999 -9999 -9999 -9999 4.01861224724696 1.88985072649442 1.28081852942705 -9999 -9999 -9999 -9999 -9999 -9999 -9999 -9999 -9999 2.92572514827435 0.449882185229888 -1.50368972351918 -3.9419142466325 -4.69957681802603 -2.95675357488485 -0.316364857153251 -4.20069342393142 -6.54957863000723 -5.74524354934692 -5.4518287732051 -5.5450786443857 -7.09840018932636 -9.7423032613901 -3.94287611888005 2.5336895622313 3.07881012788186 0.15390043763014 -3.45468298288492 -3.94357065054087 -3.06233505102304 -1.81024373043329 -1.43391956675511 -2.00646968558431 -3.07925380651767 -3.04476441328342
3.32831681691683 3.90401659562038 4.32642126083374 4.30146349393404 -9999 -9999 -9999 -9999 -9999 -9999 -9999 6.84132297222431 -9999 -9999 -9999 -9999 -9999 -9999 -9999 -9999 -9999 -9999 -9999 -9999 -9999 -9999 -9999 -9999 -9999 -9999 -9999 -9999 5.3931525853964 -9999 -9999 -9999 -9999 -9999 5.56536588302025 3.66074403432699 -0.780808020096559 -5.461918592453 -3.84169534536508 -9999 -9999 1.66944982111454 -5.48338416906503 -5.6690133534945 -3.6031092772117 -6.44036098626944 -1.12443993297907 -9999 2.06527615854373 3.31325120192308 1.06393213856679 0.289467614573928 -1.37207145902973 -1.726751194837 -1.56892130925105 -1.29662056725759 -1.66411037513843 -2.2756948356445 -2.49348190426826
2.80298244953156 3.40129228738638 4.52028327721816 -9999 -9999 -9999 -9999 -9999 -9999 -9999 -9999 -9999 -9999 -9999 -9999 -9999 -9999 -9999 -9999 -9999 -9999 -9999 -9999 -9999 -9999 -9999 -9999 -9999 -9999 -9999 -9999 -9999 -9999 -9999 -9999 -9999 -9999 -9999 -9999 -9999 -9999 1.69216680526733 -9999 -9999 -9999 -9999 -9999 -2.20005608980472 -0.117974805287444 2.51832165167882 -9999 -9999 -9999 -9999 1.70348619508485 0.690828386980754 -0.845222661128411 -1.17276012897491 -1.17717094490161 -1.16085314521423 -1.44542612980765 -2.43198439937371 -2.98649550859745
0.904110424507123 1.84601034109409 4.94628785206721 5.17354368246519 -9999 -9999 -9999 -9999 -9999 -9999 -9999 -9999 -9999 -9999 -9999 -9999 -9999 -9999 -9999 -9999 -9999 -9999 -9999 -9999 -9999 -9999 -9999 -9999 -9999 -9999 -9999 -9999 -9999 -9999 -9999 -9999 -9999 -9999 -9999 -9999 -9999 -9999 -9999 -9999 -9999 -9999 -9999 -9999 -9999 -9999 -9999 -9999 -9999 -9999 0.819846738989537 -0.409465977778802 -0.501860210528741 -1.02010288605323 -0.965404292711845 -0.876775214305291 -1.29511490120338 -1.27785261892355 -1.70434593925109
1.46684035200339 1.9131524516986 4.65702564899738 5.08573236832252 -9999 -9999 -9999 -9999 -9999 -9999 -9999 -9999 -9999 -9999 -9999 -9999 -9999 -9999 -9999 -9999 -9999 -9999 -9999 -9999 -9999 -9999 -9999 -9999 -9999 -9999 5.93729149378263 5.48002224702102 5.74128827681908 6.20706855333768 5.11169107143696 -9999 -9999 -9999 -9999 -9999 -9999 -9999 -9999 -9999 -9999 -9999 -9999 -9999 4.29096858318035 4.90495248941275 -9999 -9999 -9999 -9999 1.19015931853881 -0.0779904837791736 -1.22152027602379 -1.85823877499654 -1.62655643860881 -1.51015525998978 -2.33931398391724 -1.3764168287699 -0.700043183106642
2.90393788080949 3.87564794833844 4.701189829753 5.15031888851753 -9999 -9999 -9999 -9999 -9999 -9999 -9999 -9999 -9999 -9999 -9999 -9999 -9999 -9999 -9999 -9999 -9999 -9999 -9999 -9999 -9999 -9999 -9999 -9999 -9999 -9999 -9999 -9999 -9999 -9999 -9999 -9999 -9999 -9999 -9999 -9999 -9999 -9999 -9999 -9999 -9999 -9999 -9999 4.08791740124042 4.15483137277456 -9999 -9999 -9999 -9999 -9999 0.748654418266737 -0.843114591561831 -2.92264743951651 -2.88414786870663 -2.3463250375711 -1.90856307916916 -0.917557239532471 -0.670855902708494 -0.668202725740579
2.83146298390168 4.22991831486042 -9999 -9999 -9999 -9999 -9999 -9999 -9999 -9999 -9999 -9999 -9999 -9999 -9999 -9999 -9999 -9999 -9999 -9999 -9999 -9999 -9999 -9999 -9999 -9999 -9999 -9999 -9999 -9999 -9999 -9999 -9999 -9999 -9999 -9999 -9999 -9999 -9999 -9999 -9999 -9999 -9999 -9999 -9999 -9999 -9999 -9999 -9999 -9999 -9999 -9999 -9999 3.81011695128221 -4.82131712253277 -4.22832202911377 -3.28193204219525 -2.44446518558722 -1.12573367128005 -1.18092244175764 -1.8080694102324 -1.7637005597353 -1.22634313656734
