rasters/bioclim/bio05.asc
NCOLS 720 
NROWS 300 
XLLCORNER -180 
YLLCORNER -60 
CELLSIZE 0.5 
NODATA_value -9999 
[rows 224 to 251 of 300, columns 567 to 629 of 720]
-9999 -9999 -9999 -9999 -9999 -9999 -9999 -9999 -9999 -9999 -9999 -9999 -9999 -9999 -9999 -9999 -9999 -9999 -9999 -9999 -9999 -9999 37.8928554241474 37.9801527170035 38.0603614220252 37.9759442256047 37.7486654428335 38.3107739962064 38.6450318556565 40.062427520752 40.5166130065918 40.8036833543044 40.7873567434458 40.4566720815805 40.2065740732046 39.8743042579064 39.517942575308 39.3176477872408 39.2723444425143 38.9340377220741 38.6925932077261 38.2237868675819 38.0479880112868 38.0749764075646 38.0380912193885 37.8456696730394 37.721791780912 37.9317101698655 37.7750968933105 37.8315605750451 38.059395129864 37.7947798508864 37.4704381502592 36.8362036484938 36.5411963829627 36.1671456557054 36.0846287653996 35.8725882310134 35.5383570744441 35.5250379122221 35.7786545386681 35.9731430640587 36.5262418893667
-9999 -9999 -9999 -9999 -9999 -9999 -9999 -9999 -9999 -9999 -9999 -9999 -9999 -9999 -9999 -9999 -9999 -9999 -9999 -9999 36.9900345435509 37.466868180495 37.7413773169884 37.977785550631 36.5103903550368 38.4208799508902 38.039441035344 38.700018956111 38.9369803208571 39.5466208824745 39.9996311481182 40.5139817457933 40.3273805471567 40.1420772259052 40.0618966909555 39.7696098914513 39.239188854511 39.0588100139911 38.931576362023 38.801146874061 38.4205075777494 38.1095897967999 37.9020861112154 37.6531025813176 37.604868375338 37.3098388084998 37.2697032048152 37.2630307124211 37.0875907311073 37.3628481351412 37.438355079064 37.3562170175406 37.1836779667781 36.6307123624361 36.191781264085 36.0860657325158 35.8615558330829 35.7807353093074 35.4116149315467 35.2359669025128 35.5220730121319 35.6187306917631 35.9730474031889
-9999 -9999 -9999 -9999 -9999 -9999 -9999 -9999 -9999 -9999 -9999 -9999 -9999 -9999 -9999 -9999 -9999 -9999 -9999 -9999 -9999 36.8214407700759 37.4358793405386 38.001519716703 38.2345789395846 38.904899597168 38.9726207439716 39.1340913038987 39.13013282189 39.7652089045598 39.6119202833909 39.9640426635742 39.7869817293607 39.7174491882324 39.7855394803561 39.3577842712402 39.0296410780687 38.8075323838454 38.6677894592285 38.2792308513935 37.8251753586989 37.609323648306 37.4407289945162 37.3679962158203 37.1585980928861 37.0818666311411 37.0991733257587 37.0476118234488 36.8824052077073 36.6895047701322 36.584778712346 36.4011048537034 36.6252180246206 36.2389053931603 36.0056120065542 35.6580819350023 35.4828473604642 35.2512083787185 35.0505673335149 34.959171295166 35.0033763005183 34.825017782358 35.4883924630972
-9999 -9999 -9999 -9999 -9999 -9999 -9999 -9999 -9999 -9999 -9999 -9999 -9999 -9999 -9999 -9999 -9999 -9999 -9999 -9999 35.4952759375939 36.3776113069974 37.194201542781 38.064519735483 38.4601428692157 38.8415641784668 38.9584356454703 39.0154113769531 39.0048226576585 39.6495610750639 39.4358112628643 39.3859974787785 39.286798623892 39.4182102496807 39.5021814199594 39.1429419884315 38.836053114671 38.596192580003 38.4622086745042 38.041751568134 37.7078963059645 37.4407571645883 37.2211506183331 37.1208070608286 36.9418484614446 36.8570873553936 36.7428838289701 36.6916154714731 36.4958058870756 36.3293407146747 36.0070187495305 36.2261223426232 35.9994424673227 35.8683231060322 35.7807998657227 35.4669039799617 35.1959788982685 34.7235937852126 34.2552481431227 34.6452765831581 34.7612084608812 35.134757408729 35.8251744783842
-9999 -9999 -9999 -9999 -9999 -9999 -9999 -9999 -9999 -9999 -9999 -9999 -9999 -9999 -9999 -9999 -9999 -9999 -9999 -9999 34.592778132512 35.9671266995944 37.4853257399339 38.2422053997333 38.963065807636 38.9608441866361 38.3279254619892 38.7401073162372 38.6229699941782 39.1562194824219 39.1929218585675 38.8150262099046 38.5055060753456 38.8586619450496 38.9325112562913 38.7373352050781 38.463571695181 38.1720933180589 37.923525590163 37.622674208421 37.3303833007812 36.993896484375 36.8609228867751 36.7611606304462 36.5246969369742 36.344797867995 36.1447161160983 36.0177538945125 36.0190288837139 35.8339253939115 35.8217207101675 36.0665429922251 36.1693936861478 36.1974413945125 35.7027438237117 35.452765244704 35.0093615605281 35.5219908494216 35.4844853327825 35.1633004408616 35.1146962092473 35.8177364055927 36.3651293241061
-9999 -9999 -9999 -9999 -9999 -9999 -9999 -9999 -9999 -9999 -9999 -9999 -9999 -9999 -9999 -9999 -9999 -9999 -9999 -9999 33.6021724114051 35.4691364581768 37.5825142493615 38.8967792804425 39.1791144150954 39.039911710299 37.9901938805213 38.2858710655799 38.136842580942 38.8050807072566 38.7300051175631 38.358890240009 38.1601260258601 38.4200809185322 38.5991384066068 38.5675456707294 38.3433459355281 38.0539439274715 37.7621800349309 37.4717589158278 36.9263094388522 36.7872511056753 36.5631056565505 36.3098173875075 36.1498797490047 36.0857667189378 35.8921062762921 35.7181311387282 35.5902569110577 35.5590204092172 35.5246514540452 35.6636930612417 35.721797649677 36.0063819885254 36.0840738736666 35.9911091144268 35.7377627446101 35.5972797687237 35.4922115619366 35.5325399545523 35.46002637423 35.6937511150654 36.3414259690505
-9999 -9999 -9999 -9999 -9999 -9999 -9999 -9999 -9999 -9999 -9999 -9999 -9999 -9999 -9999 -9999 -9999 -9999 -9999 -9999 -9999 35.5456252464881 37.2920984121469 39.0581905658428 39.105902158297 38.7651352515587 38.760693183312 38.7327514061561 38.2020589388334 38.4254100506122 38.2255627558782 38.2300602839543 37.9710825406588 37.9270835289588 37.5815564669096 37.7593175447904 37.661802145151 37.5513003422664 37.4481491675744 37.1339304997371 36.6884680527907 36.6023609454815 36.2926207322341 35.8711104759803 35.9213928809533 35.6835300738995 35.3253649198092 35.222422673152 35.4338161761944 35.1814809945913 34.6783376840445 34.9099749051608 35.1421734736516 35.4177683316744 35.7119346031776 36.0644047076886 35.745654472938 35.689342205341 35.6660129840557 35.7395585867075 35.8548654409555 35.8875075120192 36.2057283841647
-9999 -9999 -9999 -9999 -9999 -9999 -9999 -9999 -9999 -9999 -9999 -9999 -9999 -9999 -9999 -9999 -9999 -9999 -9999 -9999 -9999 36.1087047870343 36.7507215646597 37.778080866887 38.3968458909255 38.2278040372408 38.2946924062876 38.300544151893 38.1663739131047 38.0462094820463 37.9091770465557 37.7690095167894 37.766672867995 37.8470268249512 37.6926295940693 37.4389131986178 37.3160212590144 37.2237724891076 37.1397147545448 36.8842609112079 36.477591587947 36.3216540996845 36.0553806011493 35.6210817190317 35.581738105187 35.2627422626202 34.9711940471943 34.8291270916279 34.9164020831768 35.0024748582106 34.7833909254808 34.6720132094163 34.7115073570838 35.0341770465557 35.3474100553072 35.7155600327712 35.4211948101337 35.5857056837815 35.508107992319 35.5386883662297 35.6258726853591 35.7723221412072 36.1040907639724
-9999 -9999 -9999 -9999 -9999 -9999 -9999 -9999 -9999 -9999 -9999 -9999 -9999 -9999 -9999 -9999 -9999 -9999 -9999 -9999 35.0406758235051 35.1644419156588 35.5330913250263 36.4861573439378 37.3039289621206 37.5032413189228 37.7962065476638 37.7833941533015 37.7968427217924 37.9003213735727 37.5130955622746 37.3466195326585 37.4119614821214 37.539172245906 37.5826712388259 37.4109585101788 37.2782804048978 37.0492512629582 36.7634658813477 36.5349514301007 36.20623926016 35.9398325406588 35.7131981482873 35.4450924213116 35.159969329834 34.8191587007963 34.5663402263935 34.4580726623535 34.567875788762 34.7329004727877 34.5729346642127 33.9870755122258 33.8792645381047 33.8987652705266 34.1911794222318 34.6004418593187 34.474540417011 34.7611659123347 35.1752064044659 35.3741956857535 35.7880445627066 36.037286905142 36.0622329711914
-9999 -9999 -9999 -9999 -9999 -9999 -9999 -9999 -9999 -9999 -9999 -9999 -9999 -9999 -9999 -9999 -9999 -9999 -9999 -9999 33.1758684011606 34.0557538546049 34.5679529630221 35.4761596092811 36.2527181185209 36.7501291128305 37.0038179250864 36.8719693697416 36.6984414320726 37.2231568556565 36.7919120788574 36.7230673569899 36.7196485079252 36.877803509052 36.9530789301946 36.8724420987643 36.7427646930401 36.5317866985614 36.3607870248648 36.0802310063289 35.7800163855919 35.5733721806453 35.3228120070237 35.0779636089618 34.8018355736366 34.6422978914701 34.4537291893592 34.4670559809758 34.490609389085 34.7202770526593 34.6531791687012 33.8005297734187 33.7562404045692 33.9011547382061 33.8287450350248 34.2695958064153 34.4778812115009 34.7466615530161 35.0158873337966 35.2228367145245 35.6046582735502 35.869132408729 35.92999120859
-9999 -9999 -9999 -9999 -9999 -9999 -9999 -9999 -9999 -9999 -9999 -9999 -9999 -9999 -9999 -9999 -9999 -9999 -9999 -9999 -9999 33.3085682208721 33.7774787315956 34.5645027160645 35.5656840984638 36.3476010836088 36.4342686579778 36.3455297029935 36.4392656179575 36.5128895686223 36.4008034926194 36.1770327641414 36.1407004136306 36.1887667729304 36.2220467787523 36.0125160217285 35.8357816842886 35.8849936265212 35.6432398282565 35.3851996201735 35.1192445021409 35.1003799438477 34.9272745572604 34.7316703796387 34.6093186598558 34.4902648925781 34.2436755253718 34.3044773982121 34.2761385991023 34.5929941030649 34.6080557016226 33.7426470243014 33.6108892880953 33.8372089679425 33.8376526465783 34.3142582820012 34.3853733356182 34.3803951556866 34.5256705650916 35.5114168020395 35.5676075862004 35.6139526367188 35.6805237990159
-9999 -9999 -9999 -9999 -9999 -9999 -9999 -9999 -9999 -9999 -9999 -9999 -9999 -9999 -9999 -9999 -9999 -9999 -9999 -9999 -9999 32.667263177725 32.9505019554725 33.6505813598633 34.3775276770959 35.0692951495831 35.4342331519494 35.5144277719351 35.9208479661208 36.024228316087 35.828241788424 35.6048328693096 35.5204819899339 35.6577283419096 35.6729525052584 35.630788069505 35.3753213148851 35.2549403263972 35.0299920302171 34.7939514747033 34.6493820777306 34.6452375558706 34.5625953674316 34.3768768310547 34.1895443842961 34.1267145597018 33.9170276935284 33.9583440927359 33.9896290118878 34.2307815551758 34.2631002572867 33.7031828073355 33.5592531057505 33.4944218855638 33.4749173384446 34.1855908907377 34.3999416644757 34.5984191894531 34.6903947683481 35.2421114994929 35.3156758821928 35.3352631788987 35.3841784550593
-9999 -9999 -9999 -9999 -9999 -9999 -9999 -9999 -9999 -9999 -9999 -9999 -9999 -9999 -9999 -9999 -9999 -9999 -9999 -9999 -9999 -9999 31.6099687723013 32.2046568943904 33.1572027940017 34.060268842257 34.8830055823693 35.1681506817157 35.2514278705303 35.3399088932918 35.4227670522837 35.1395562978891 35.0600439218374 35.2880868178148 35.4525935833271 35.3728534991925 35.0813956627479 34.700444148137 34.4371839670035 34.3428556002103 34.2440963158241 34.3064663226788 34.2142134446364 34.1099028954139 33.8907987154447 33.8553290733924 33.7565944378193 33.7033954033485 33.7054023742676 33.7717185387245 33.703314267672 33.8175882192758 33.906977726863 34.0721787672776 34.2098570603591 34.3841273968036 34.481006035438 34.4894024775578 34.6283372732309 34.8958258995643 34.932240999662 35.0252242455116 35.1307742779072
-9999 -9999 -9999 -9999 -9999 -9999 -9999 -9999 -9999 -9999 -9999 -9999 -9999 -9999 -9999 -9999 -9999 -9999 -9999 -9999 -9999 -9999 30.8607686849741 31.2700121952937 32.1781095358042 33.1918201446533 34.0885332547701 34.4704223045936 34.4800896277794 34.6246073796199 34.8642240671011 34.6476965684157 34.522513462947 34.8079346876878 35.0997566810021 35.1580349848821 34.7018174391526 34.307745713454 33.9058585533729 33.872852912316 33.7359481224647 34.0238594642052 33.8756776956412 33.8212939042311 33.7003330817589 33.5165180793175 33.5108664585994 33.3957911271315 33.3866619696984 33.4310794243446 33.3066073197585 33.6952218275804 33.6109509101281 33.7924367464506 33.7299703451303 34.0153347895696 33.9698248643142 34.004880464994 34.2307158250075 34.5239037733812 34.6351808401255 34.6866088280311 34.7743803171011
-9999 -9999 -9999 -9999 -9999 -9999 -9999 -9999 -9999 -9999 -9999 -9999 -9999 -9999 -9999 -9999 -9999 -9999 -9999 -9999 -9999 -9999 -9999 30.5004612849309 31.2784696725699 32.4551629286546 33.2372282468356 33.4708516047551 33.9884059612568 34.2623135493352 34.3174591064453 34.3101645249587 34.3646991436298 34.4716424208421 34.5276266244742 34.8117916400616 34.496336716872 34.0553200061505 33.8491649627686 33.891366811899 33.8098558279184 33.6365195054274 33.4914886768048 33.5731903956487 33.3629176800068 33.3878094599797 33.2716263991136 33.1888920710637 33.0658463698167 33.2665772071252 33.1741912548359 33.0163531670204 33.2510792658879 33.3434749016395 33.247521180373 33.3620011256291 33.4320888519287 33.4283529428335 33.6383703671969 33.9908230121319 34.2067583524264 34.4386458763709 34.546568943904
-9999 -9999 -9999 -9999 -9999 -9999 -9999 -9999 -9999 -9999 -9999 -9999 -9999 -9999 -9999 -9999 -9999 -9999 -9999 -9999 -9999 -9999 -9999 29.6996018336369 30.4698062309852 31.8886015965388 32.9137533628024 33.1245696728046 33.6423034667969 33.7974078838642 33.9258340688852 33.8516553732065 33.9148701887864 33.9603673494779 33.8907639430119 34.1197007986215 33.8929661970872 33.5614776611328 33.4304112654466 33.4498596191406 33.4334715329684 33.3728171128493 33.1151165595421 33.5570878248948 33.2905695988582 33.2929037534274 33.2043502514179 33.0642120654766 32.8698651240422 32.9389714461106 32.7264788700984 32.7254355503963 32.7910702045147 32.9395072643573 32.8948848430927 32.7577632023738 32.7076936868521 32.6765840970553 32.9650792341966 33.2396831512451 33.5774726867676 33.9117904076209 34.0995151813214
-9999 -9999 -9999 -9999 -9999 -9999 -9999 -9999 -9999 -9999 -9999 -9999 -9999 -9999 -9999 -9999 -9999 -9999 -9999 -9999 -9999 -9999 -9999 28.9136468447172 29.7574326441838 31.2363322331355 32.6940300281231 33.1706559107854 33.1433478135329 33.4036152179425 33.6604730165922 33.486561701848 33.6168573819674 33.6861820220947 33.5037212371826 33.2630949753981 33.1338169391339 33.0181509164663 32.8989636347844 32.9756695674016 33.0941976400522 33.5272595332219 33.6298668201153 33.4145790980412 33.0847963186411 32.8415709275466 32.6437782874474 32.5360880631667 32.5702620286208 32.3831685873178 32.0889682769775 31.9732491419866 32.1231222886306 32.5076626997728 32.4323548537034 32.1363697052002 31.8202805152306 31.7274086291973 31.9846666776217 32.3555849515475 32.7663895533635 33.3379014822153 33.8819175133338
-9999 -9999 -9999 -9999 -9999 -9999 -9999 -9999 -9999 -9999 -9999 -9999 -9999 -9999 -9999 -9999 -9999 -9999 -9999 -9999 -9999 -9999 -9999 28.6569720048171 29.3013521341177 30.8776927361122 32.0674975468562 32.4874418698824 32.5196606562688 32.7043886918288 32.9412323878362 32.9057945838341 33.0526721660907 33.0235148209792 32.7662944793701 32.477325292734 32.3917315556453 32.5686905200665 32.4799056419959 32.53943164532 32.7528800964355 32.9507089761587 33.0240625234751 32.8430772928091 32.5141817239615 32.2189449897179 31.9212022928091 31.6640225923978 31.6853059621958 31.4892350710355 30.7809950021597 30.6860578977145 30.9482421875 31.6179592426007 31.6195169595572 31.2957125443679 31.111704312838 31.0940826122577 31.0295388148381 31.375786121075 31.8284099285419 32.5492098881648 33.1581177344689
-9999 -9999 -9999 -9999 -9999 -9999 -9999 -9999 -9999 -9999 -9999 -9999 -9999 -9999 -9999 -9999 -9999 -9999 -9999 -9999 -9999 -9999 -9999 -9999 29.2611921750582 30.5393929114709 31.769102536715 32.117101082435 31.9981621962327 32.0416302314171 32.4310433314397 32.6165662912222 32.4862400935246 32.1280144911546 31.9423474531907 31.8017663222093 31.7616285177378 32.0576248168945 32.1024460425744 32.176149221567 32.3679915208083 32.4583889887883 32.3028141902043 32.0812320709229 31.7479585500864 31.3710566300612 30.9960567767803 30.7125068077674 30.3249811025766 29.6639104989859 28.8053904313308 28.9914521437425 29.7716052715595 30.3960038698637 30.7081712576059 30.5852672870343 30.4433599618765 30.2464326711801 30.1731692094069 30.2401943206787 30.5492437802828 31.2115072103647 31.7364670680119
-9999 -9999 -9999 -9999 -9999 -9999 -9999 -9999 -9999 -9999 -9999 -9999 -9999 -9999 -9999 -9999 -9999 -9999 -9999 -9999 -9999 -9999 -9999 -9999 28.6804291651799 30.2432177617 31.4708018669715 31.5684636922983 31.4482091756967 31.6063072498028 31.9657444587121 32.0294237870436 31.8344105940599 31.4411425957313 31.1461862417368 31.0000980083759 31.0783720750075 31.2791501558744 31.2070403465858 31.3536124596229 31.92096387423 31.8549355726976 31.6045090601994 31.3154713557317 30.9732793661264 30.6868676405687 30.2769451141357 29.6572029407208 29.0939490978534 28.1686085921067 27.208984375 -9999 -9999 -9999 -9999 -9999 -9999 29.5330574329083 29.389858686007 29.1059548304631 29.270822084867 29.8571442824144 30.3532801408034
-9999 -9999 -9999 -9999 -9999 -9999 -9999 -9999 -9999 -9999 -9999 -9999 -9999 -9999 -9999 -9999 -9999 -9999 -9999 -9999 -9999 -9999 -9999 -9999 27.6355451437143 28.7949468172514 30.3038337414081 30.6258787008432 30.5710010528564 31.0415078676664 31.5424612485445 31.1794128417969 30.9208504603459 30.5117230048546 30.1952659900372 30.027611218966 30.0294933319092 29.9639134040246 30.0075431236854 30.4415953709529 31.214905665471 31.1133936368502 30.7420340317946 30.451757137592 30.446743451632 30.2789796682505 29.7663863255427 29.1463435246394 -9999 -9999 -9999 -9999 -9999 -9999 -9999 -9999 -9999 -9999 -9999 32.0045154278095 30.5652000720684 30.2623515495887 29.533905176016
-9999 -9999 -9999 -9999 -9999 -9999 -9999 -9999 -9999 -9999 -9999 -9999 -9999 -9999 -9999 -9999 -9999 -9999 -9999 -9999 -9999 -9999 -9999 -9999 28.2287867619441 28.1017934359037 29.4290196345403 29.6354905641996 29.8416454608624 30.217373921321 30.4496013934796 30.2427344689002 29.8655458597037 29.3806681999793 28.9769963484544 28.6618328094482 28.4124346513015 28.5685979402982 28.7661008101243 29.2797169318566 29.9432433201716 30.0281907595121 29.8253944103534 -9999 -9999 -9999 -9999 -9999 -9999 -9999 -9999 -9999 -9999 -9999 -9999 -9999 -9999 -9999 -9999 -9999 -9999 29.4460188058706 28.5069836836595
-9999 -9999 -9999 -9999 -9999 -9999 -9999 -9999 -9999 -9999 -9999 -9999 -9999 -9999 -9999 -9999 -9999 -9999 -9999 -9999 -9999 -9999 -9999 -9999 28.4707535963792 28.3261450254 29.0285467001108 29.0670051574707 28.8638330606314 29.0004948836107 28.9561196840726 28.8383093613845 28.5947743929349 28.4969884432279 27.8403324714074 27.2983156350943 26.9603792337271 26.8969560769888 27.1990850888766 28.0316894237812 28.5261890704815 -9999 -9999 -9999 -9999 -9999 -9999 -9999 -9999 -9999 -9999 -9999 -9999 -9999 -9999 -9999 -9999 -9999 -9999 -9999 -9999 -9999 27.2489660703219
-9999 -9999 -9999 -9999 -9999 -9999 -9999 -9999 -9999 -9999 -9999 -9999 -9999 -9999 -9999 -9999 -9999 -9999 -9999 -9999 -9999 -9999 -9999 26.3429795778715 27.5174874525804 27.7900783832257 27.9487708165095 27.9207100501427 27.7639082395113 27.579426251925 27.4290904998779 27.3623090890738 27.3062141125019 27.5353389153114 26.9649005303016 26.4151762448824 25.6409714038555 25.662638590886 26.0669203538161 26.6447866879977 27.341196500338 -9999 -9999 -9999 -9999 -9999 -9999 -9999 -9999 -9999 -9999 -9999 -9999 -9999 -9999 -9999 -9999 -9999 -9999 -9999 -9999 -9999 -9999
-9999 -9999 -9999 -9999 -9999 -9999 -9999 -9999 -9999 -9999 -9999 -9999 -9999 -9999 -9999 -9999 -9999 -9999 -9999 -9999 -9999 -9999 -9999 24.1361876267653 25.4860672583947 25.9621470524715 26.216449884268 26.3412075042725 26.1477467463567 26.1303212092473 26.3568630218506 26.5332081134503 -9999 -9999 -9999 -9999 -9999 -9999 -9999 -9999 -9999 -9999 -9999 -9999 -9999 -9999 -9999 -9999 -9999 -9999 -9999 -9999 -9999 -9999 -9999 -9999 -9999 -9999 -9999 -9999 -9999 -9999 -9999
-9999 -9999 -9999 -9999 -9999 -9999 -9999 -9999 -9999 -9999 -9999 -9999 -9999 -9999 -9999 -9999 -9999 -9999 -9999 -9999 -9999 -9999 -9999 -9999 -9999 24.8980693817139 24.5828654949482 24.5230988722581 24.3080240396353 24.8154568305382 -9999 -9999 -9999 -9999 -9999 -9999 -9999 -9999 -9999 -9999 -9999 -9999 -9999 -9999 -9999 -9999 -9999 -9999 -9999 -9999 -9999 -9999 -9999 -9999 -9999 -9999 -9999 -9999 -9999 -9999 -9999 -9999 -9999
-9999 -9999 -9999 -9999 -9999 -9999 -9999 -9999 -9999 -9999 -9999 -9999 -9999 -9999 -9999 -9999 -9999 -9999 -9999 -9999 -9999 -9999 -9999 -9999 -9999 -9999 -9999 -9999 -9999 -9999 -9999 -9999 -9999 -9999 -9999 -9999 -9999 -9999 -9999 -9999 -9999 -9999 -9999 -9999 -9999 -9999 -9999 -9999 -9999 -9999 -9999 -9999 -9999 -9999 -9999 -9999 -9999 -9999 -9999 -9999 -9999 -9999 -9999
-9999 -9999 -9999 -9999 -9999 -9999 -9999 -9999 -9999 -9999 -9999 -9999 -9999 -9999 -9999 -9999 -9999 -9999 -9999 -9999 -9999 -9999 -9999 -9999 -9999 -9999 -9999 -9999 -9999 -9999 -9999 -9999 -9999 -9999 -9999 -9999 -9999 -9999 -9999 -9999 -9999 -9999 -9999 -9999 -9999 -9999 -9999 -9999 -9999 -9999 -9999 -9999 -9999 -9999 -9999 -9999 -9999 -9999 -9999 -9999 -9999 -9999 -9999
