rasters/bioclim/bio04.asc
NCOLS 720 
NROWS 300 
XLLCORNER -180 
YLLCORNER -60 
CELLSIZE 0.5 
NODATA_value -9999 
[rows 224 to 251 of 300, columns 567 to 629 of 720]
-9999 -9999 -9999 -9999 -9999 -9999 -9999 -9999 -9999 -9999 -9999 -9999 -9999 -9999 -9999 -9999 -9999 -9999 -9999 -9999 -9999 -9999 457.026376577524 455.247697096605 446.117586576022 449.902698223407 478.869532658504 502.081291785607 518.95909001277 525.259019118089 531.486051119291 531.708874042218 532.251307560847 534.533581073468 533.511122483474 533.380164513221 535.368847186749 531.602391169621 532.15282029372 542.503875732422 552.882453331581 554.139723557692 555.207193227915 551.329287015475 550.088259183443 547.873159555288 545.979541485126 545.410916841947 543.61729313777 543.946284367488 543.636721097506 536.967576246995 531.787942739633 527.397622915415 519.383699857272 511.029066819411 507.247575026292 512.251126802885 517.813816950871 521.416588416466 521.913534311148 520.359806941106 522.480722280649
-9999 -9999 -9999 -9999 -9999 -9999 -9999 -9999 -9999 -9999 -9999 -9999 -9999 -9999 -9999 -9999 -9999 -9999 -9999 -9999 443.706411508413 445.857452392578 439.893399752103 448.489868164062 414.332430326022 477.34609750601 503.539346548227 523.103996863732 537.981781005859 546.300567626953 551.497727614183 549.996067927434 549.380763127254 548.86716402494 549.50344144381 547.800006573017 548.425175593449 546.683866060697 546.645700307993 554.492600661058 560.811765230619 561.658510648287 561.431243896484 562.621849646935 559.224257249099 558.362553523137 556.90097280649 556.526092529297 556.057248629057 553.663576566256 551.03083214393 544.646615835337 537.96633206881 534.714116023137 525.669835017278 516.847003643329 517.050638052133 519.66799222506 527.326486440805 532.134138840895 534.457658034105 533.945483867939 536.434887225811
-9999 -9999 -9999 -9999 -9999 -9999 -9999 -9999 -9999 -9999 -9999 -9999 -9999 -9999 -9999 -9999 -9999 -9999 -9999 -9999 -9999 435.145557110126 449.150353064904 466.748650184044 486.887979360727 501.984853891226 520.30964073768 537.27106651893 549.187079796424 556.739243727464 564.008979210487 563.420297475962 565.584005502554 564.140024038462 562.125525841346 562.30135169396 560.050558236929 559.194298377404 558.353571965144 568.140387901893 571.518885685847 571.963623046875 571.428872915415 569.281477708083 567.722775972807 566.000171367939 562.956611046424 563.036170372596 565.357342059796 562.425846980168 559.421755277193 556.029245229868 546.305565467248 542.9525780311 533.329040527344 529.959613506611 532.449178842398 535.778148944561 542.494340163011 543.818328857422 547.897749680739 550.960050142728 549.276505690355
-9999 -9999 -9999 -9999 -9999 -9999 -9999 -9999 -9999 -9999 -9999 -9999 -9999 -9999 -9999 -9999 -9999 -9999 -9999 -9999 419.452418400691 440.536900446965 465.313840425932 486.975940410907 507.985513540415 524.482558030349 539.903137207031 553.344966008113 561.316171499399 565.767568734976 572.943070631761 575.972175011268 576.635833740234 573.125401423528 570.646794245793 570.878319373498 568.807096041166 567.612584040715 567.978581355168 575.278109036959 579.90969144381 577.888521634615 576.280017559345 574.157012939453 572.505094088041 573.022111159105 571.303504356971 569.797961895282 569.335263765775 567.824026254507 566.730823223407 558.755643404447 551.312699538011 550.914400540865 541.213921180138 539.802410419171 542.969975398137 549.063305194561 553.521230844351 556.096092810998 557.608311579778 557.171966552734 551.895174466647
-9999 -9999 -9999 -9999 -9999 -9999 -9999 -9999 -9999 -9999 -9999 -9999 -9999 -9999 -9999 -9999 -9999 -9999 -9999 -9999 415.706362210787 443.584540733924 471.156881479117 507.459038367638 528.761991060697 542.236126239483 561.106832650992 567.674889197716 577.057330791767 579.117990347055 581.776670015775 588.311579777644 588.472069373498 585.43504685622 584.071305495042 580.373945969802 579.041919414814 577.631380521334 578.689173771785 582.845264141376 588.668642484225 588.584418663612 584.500234750601 581.400322547326 578.222092848558 576.730651855469 576.6049217811 574.106337327224 572.371321458083 570.55318744366 568.506403996394 560.07656625601 551.699380727915 549.938887376052 548.091177133413 548.328397310697 550.782193697416 552.925959660457 555.889855018029 557.034358097957 562.086324838492 557.274357722356 557.437448354868
-9999 -9999 -9999 -9999 -9999 -9999 -9999 -9999 -9999 -9999 -9999 -9999 -9999 -9999 -9999 -9999 -9999 -9999 -9999 -9999 408.40864445613 442.17482816256 481.26896080604 524.676290658804 543.668518066406 559.418156550481 578.174436129057 580.563014103816 590.006911057692 588.822286752554 592.240593543419 596.810948298528 598.74658203125 594.885434664213 589.819197434645 587.352891188401 584.992107684796 583.496985802284 583.498380220853 587.904533973107 592.98673424354 591.697953444261 588.121830866887 585.142068716196 582.645155686599 579.618903526893 577.854893611028 578.420877309946 578.717526949369 576.831611046424 571.89980844351 564.206162672776 559.644352839543 553.26082435021 549.699282132662 550.777353140024 550.102628267728 552.500354473407 552.980133056641 555.915161132812 559.878490741436 560.837672306941 560.939270019531
-9999 -9999 -9999 -9999 -9999 -9999 -9999 -9999 -9999 -9999 -9999 -9999 -9999 -9999 -9999 -9999 -9999 -9999 -9999 -9999 -9999 465.71349628155 483.608417217548 526.184866098257 548.898183969351 568.972374549279 579.617239145132 585.591364933894 592.713416466346 595.838641826923 598.428642859826 600.418914794922 602.111321082482 600.938889723558 600.368309607873 596.497962364784 591.765392596905 588.694720928486 585.710439828726 589.446392352764 591.75981257512 588.762211726262 587.86189856896 588.23152747521 582.661297137921 580.945166954627 581.045006385216 578.898752065805 575.938821645883 574.48780470628 574.290816086989 569.056959885817 563.383737417368 558.835991492638 556.340857872596 552.865555983323 553.077732966496 551.521341177133 552.578937237079 554.798788217398 558.780019906851 563.000922569862 565.458322378305
-9999 -9999 -9999 -9999 -9999 -9999 -9999 -9999 -9999 -9999 -9999 -9999 -9999 -9999 -9999 -9999 -9999 -9999 -9999 -9999 -9999 527.679149921124 484.499943659856 511.359776423528 544.025301419772 571.127436711238 583.181511512169 588.790853647085 597.251361553486 598.998025747446 602.026078444261 605.367786114032 603.006145770733 602.751403808594 600.327026367188 597.032050499549 592.512315016526 588.67143366887 584.553290733924 582.750800499549 581.899881216196 580.655451847957 583.138653094952 585.026393010066 579.864821213942 577.884087195763 580.143183781551 579.188016451322 574.413858266977 565.364201472356 562.747906024639 563.998753474309 562.396275446965 559.87119938777 557.255925105168 551.882845365084 553.387202336238 551.602985088642 553.093681922326 559.292543851412 560.031602125901 563.78664456881 567.454552283654
-9999 -9999 -9999 -9999 -9999 -9999 -9999 -9999 -9999 -9999 -9999 -9999 -9999 -9999 -9999 -9999 -9999 -9999 -9999 -9999 505.72306236854 487.59323824369 468.207963209886 499.878295898438 534.216686542218 566.636674147386 584.860062819261 592.126795842097 597.204397348257 596.594923753005 602.119267390324 606.938910851112 604.389702430138 602.810889610877 598.475949800932 593.284888634315 588.973827655499 586.172853910006 579.612337552584 577.947260929988 576.692408635066 578.399953988882 580.785773644081 580.971813495343 577.726367657001 575.16796875 574.370934119591 574.497732309195 570.670959472656 559.672821044922 554.886667104868 558.746138352614 562.651031494141 562.96932044396 560.070542555589 556.886298546424 558.481734055739 557.153435340294 556.228743333083 558.488889254057 560.121401273287 560.180049015926 566.795727069561
-9999 -9999 -9999 -9999 -9999 -9999 -9999 -9999 -9999 -9999 -9999 -9999 -9999 -9999 -9999 -9999 -9999 -9999 -9999 -9999 430.645829420823 445.275085449219 452.645594670222 486.666825514573 525.598273644081 559.913135235126 578.201399583083 586.778109036959 596.584752009465 592.531146709736 595.928196833684 599.771338829627 599.980633075421 598.168388953576 593.599609375 590.65782048152 585.840975247897 577.029599703275 577.34169123723 573.620786226713 571.973271296574 574.00869516226 572.82275390625 572.797173133263 570.491941011869 566.331378643329 565.655853271484 563.824075552133 558.31548837515 546.742689866286 541.229177621695 550.863947941707 554.058089036208 553.233952448918 553.210322453426 551.522118201623 550.572453425481 553.235663780799 554.639681302584 558.923076923077 557.744929387019 561.938730093149 567.468996488131
-9999 -9999 -9999 -9999 -9999 -9999 -9999 -9999 -9999 -9999 -9999 -9999 -9999 -9999 -9999 -9999 -9999 -9999 -9999 -9999 -9999 431.029055081881 436.202991192157 465.830798809345 510.761310283954 551.489645150992 572.099705622746 578.387815035307 584.806171123798 587.222651554988 592.263725867638 594.495042067308 596.033599853516 595.831754244291 593.500063382662 590.948026216947 585.91221501277 574.238987849309 569.043388953576 567.662637563852 565.955446683443 565.827664888822 565.651223989633 562.76649592473 561.757645827073 558.85158597506 557.003979022686 553.555999755859 549.514829195463 536.488497220553 531.2183204064 538.798267071064 542.488426795373 540.782005896935 544.669435941256 543.565591665415 546.519535945012 549.636925330529 553.891547569862 549.950549785907 552.38530085637 557.12884756235 564.75237098107
-9999 -9999 -9999 -9999 -9999 -9999 -9999 -9999 -9999 -9999 -9999 -9999 -9999 -9999 -9999 -9999 -9999 -9999 -9999 -9999 -9999 425.737635685847 409.683657132662 439.37559391902 488.09705059345 529.496995192308 554.21279672476 567.191657433143 571.39979670598 576.703956017127 584.124347393329 587.265016995943 591.240239070012 588.425548846905 585.820481520433 581.536940354567 580.892425537109 570.228877140926 564.087975135216 560.552034818209 560.072737473708 557.189770038311 556.805203951322 554.824674166166 551.585186298077 548.347374549279 542.941352257362 537.190284142127 532.772432767428 525.711294320913 522.455061692458 526.860222449669 528.850776085487 535.050440861629 535.298159085787 533.554894080529 537.090346116286 536.952857384315 542.522564227764 540.636784480168 548.474848820613 555.001091590294 558.331857534555
-9999 -9999 -9999 -9999 -9999 -9999 -9999 -9999 -9999 -9999 -9999 -9999 -9999 -9999 -9999 -9999 -9999 -9999 -9999 -9999 -9999 -9999 390.462475116436 411.560906043419 458.76899601863 497.262467604417 523.78465623122 544.047396146334 558.240915151743 566.337822547326 572.408806434044 579.210613544171 584.002326378456 584.101649357722 579.924241286058 575.698075514573 570.809906005859 562.049044095553 551.701845609225 548.099177433894 545.716235821064 541.1802344689 544.839728722206 542.746936504657 538.106137789213 534.076387845553 525.086195725661 517.076772836538 513.85791015625 514.617091252254 514.543032132662 513.140606219952 512.194488525391 513.389768160307 516.18498816857 517.629795954778 520.202615591196 523.326413668119 527.114591158353 533.078045184796 537.560126671424 545.232562725361 552.386622502254
-9999 -9999 -9999 -9999 -9999 -9999 -9999 -9999 -9999 -9999 -9999 -9999 -9999 -9999 -9999 -9999 -9999 -9999 -9999 -9999 -9999 -9999 353.213986910307 382.992095947266 431.074692946214 472.417391263522 502.997307410607 528.174499511719 547.025059626653 556.976905235877 563.678044245793 569.673954890324 573.201380803035 575.327716533954 574.777076134315 574.638146033654 563.829934927133 553.013014573317 544.444683368389 538.682945838341 533.145904541016 529.581179105318 528.753436748798 525.304595947266 521.052560659555 514.778747558594 510.634096585787 505.330965482272 500.728201059195 498.663461538462 498.653813288762 496.153968224159 494.483133169321 497.143822303185 500.746821476863 502.307103083684 505.803138146034 507.864058274489 513.62342951848 520.727855975811 525.940676175631 534.875068077674 543.052570049579
-9999 -9999 -9999 -9999 -9999 -9999 -9999 -9999 -9999 -9999 -9999 -9999 -9999 -9999 -9999 -9999 -9999 -9999 -9999 -9999 -9999 -9999 -9999 357.129972017728 405.226757342999 445.838188758263 486.799966665415 520.648099459135 535.119077242338 545.474989670974 554.107302152193 558.270974966196 561.404092641977 563.57907808744 563.508148193359 561.324606088492 552.460953932542 542.207212007963 534.34956242488 522.92182804988 519.427079420823 515.181523249699 512.35933978741 507.259591909555 502.442310039814 497.512415959285 493.30509361854 491.723853478065 486.418417123648 481.810854398287 478.593181903546 474.825361985427 476.844759427584 476.914165790264 480.881727952224 483.598891038161 488.795593261719 495.693688025841 499.154935396635 504.642035851112 514.515322171725 524.223036545974 533.996915377103
-9999 -9999 -9999 -9999 -9999 -9999 -9999 -9999 -9999 -9999 -9999 -9999 -9999 -9999 -9999 -9999 -9999 -9999 -9999 -9999 -9999 -9999 -9999 332.258197490986 379.963756854718 428.443572998047 466.311124361478 498.097189096304 518.662193885216 533.611919696514 543.327606201172 548.741100604718 550.508174015926 554.066021259014 550.240551288311 546.841602032001 537.568896953876 530.326657808744 523.819702148438 515.236468975361 507.798682579627 501.510953463041 498.447251539964 488.452446570763 486.373814509465 478.228264441857 475.622690054087 470.374467116136 463.727928748498 459.308532714844 455.222503662109 453.939089261568 455.393888033353 458.915914682242 462.770998441256 464.77576153095 469.497802734375 477.086418738732 481.464810884916 492.02839073768 504.53420316256 517.636249248798 527.810349684495
-9999 -9999 -9999 -9999 -9999 -9999 -9999 -9999 -9999 -9999 -9999 -9999 -9999 -9999 -9999 -9999 -9999 -9999 -9999 -9999 -9999 -9999 -9999 320.537177452674 365.82526573768 415.114955021785 459.973618727464 483.888075608474 503.422748272236 516.078176645132 527.355182354267 534.394782433143 539.115227332482 537.071237417368 531.984614445613 525.844379131611 521.907095102163 514.618499755859 509.43461726262 501.645852895883 493.566833496094 481.789252647987 474.298123873197 469.179013765775 465.333122840294 462.457399808443 455.742898794321 453.511406531701 448.870326115535 439.710989145132 430.850067138672 430.310391939603 430.546414888822 438.580280010517 439.100290151743 444.168001615084 449.110806978666 455.47912128155 462.833338810847 472.38811316857 487.35245689979 504.128237210787 518.023883526142
-9999 -9999 -9999 -9999 -9999 -9999 -9999 -9999 -9999 -9999 -9999 -9999 -9999 -9999 -9999 -9999 -9999 -9999 -9999 -9999 -9999 -9999 -9999 332.317403940054 359.145392784706 399.690896841196 449.705465463492 477.185974121094 489.490830641526 502.072528545673 511.641855093149 521.289269080529 524.324577918419 521.166266808143 516.151907113882 506.817272479718 502.925579364483 493.272207406851 489.021282489483 481.705709604117 474.182945838341 462.774348332332 459.307192288912 452.594571627103 446.810532789964 441.279526930589 436.416330190805 429.521237886869 424.276275634766 417.949385422927 403.218017578125 399.512000450721 403.383549616887 412.855090801532 415.710263765775 417.286994347206 423.756420428936 431.298560509315 439.456282395583 449.601886455829 464.730341984675 484.993032602163 502.226447472206
-9999 -9999 -9999 -9999 -9999 -9999 -9999 -9999 -9999 -9999 -9999 -9999 -9999 -9999 -9999 -9999 -9999 -9999 -9999 -9999 -9999 -9999 -9999 -9999 345.949704683744 401.534160907452 452.125772329477 474.439962533804 482.996889554537 494.158951979417 500.750218318059 505.836524376502 505.78673846905 498.300520676833 496.406867394081 489.237015944261 482.881838285006 473.244804969201 469.026641845703 463.503507173978 454.756648137019 447.779094989483 439.710634671725 434.067892221304 425.017608642578 415.349045973558 407.673029972957 402.513606144832 390.415867732121 378.363821176382 363.080390343299 366.313133826623 382.722452016977 393.718212421124 402.140221228966 406.098365196815 406.430586594802 405.410285362831 409.301133375901 413.597618689904 426.922950157752 450.730762188251 471.19233586238
-9999 -9999 -9999 -9999 -9999 -9999 -9999 -9999 -9999 -9999 -9999 -9999 -9999 -9999 -9999 -9999 -9999 -9999 -9999 -9999 -9999 -9999 -9999 -9999 333.769099308894 404.180025540865 458.207561786358 467.646118164062 476.257173978365 480.359130859375 486.572429950421 487.690957876352 483.978036733774 476.128018892728 467.767376239483 460.986159104567 457.107234074519 454.369314340445 447.170720027043 442.09473830003 432.989762526292 428.715670072115 422.807006835938 413.710125262921 402.186532827524 392.709383451022 383.48575768104 371.367887056791 360.878079927885 341.780947171725 318.403594970703 -9999 -9999 -9999 -9999 -9999 -9999 378.33690232497 383.174506554237 383.674255371094 392.258878267728 414.683769812951 435.169137807993
-9999 -9999 -9999 -9999 -9999 -9999 -9999 -9999 -9999 -9999 -9999 -9999 -9999 -9999 -9999 -9999 -9999 -9999 -9999 -9999 -9999 -9999 -9999 -9999 324.700268085186 399.285874586839 442.106865516076 460.614138089693 463.284034142127 463.156242957482 468.640620304988 465.905118502103 457.220961350661 446.114490215595 436.733877328726 432.994220440204 432.555948110727 423.655609130859 419.474207951472 417.638805682843 416.317911001352 409.407698411208 401.988971416767 398.496387188251 418.686828613281 421.162973257212 401.670743502103 381.944016676683 -9999 -9999 -9999 -9999 -9999 -9999 -9999 -9999 -9999 -9999 -9999 508.352290226863 509.717064490685 489.896787203275 420.542567326472
-9999 -9999 -9999 -9999 -9999 -9999 -9999 -9999 -9999 -9999 -9999 -9999 -9999 -9999 -9999 -9999 -9999 -9999 -9999 -9999 -9999 -9999 -9999 -9999 341.171518179087 392.780641995943 425.122621976412 442.164196307843 447.862619253305 444.048147348257 442.81388268104 436.287517841046 422.418478158804 408.719397911659 401.962090125451 395.809298001803 391.808154766376 386.184422419621 385.858917236328 384.39406644381 388.989302415114 389.164790226863 383.835862379808 -9999 -9999 -9999 -9999 -9999 -9999 -9999 -9999 -9999 -9999 -9999 -9999 -9999 -9999 -9999 -9999 -9999 -9999 447.154609093299 383.194378192608
-9999 -9999 -9999 -9999 -9999 -9999 -9999 -9999 -9999 -9999 -9999 -9999 -9999 -9999 -9999 -9999 -9999 -9999 -9999 -9999 -9999 -9999 -9999 -9999 352.924767127404 382.992309570312 404.421053372897 421.794060340294 425.968426044171 420.515573354868 412.425527719351 400.168999305138 385.178412804237 368.5037888747 360.457200270433 352.711888239934 347.312598595252 346.154212364784 353.593212421124 353.677215576172 359.457967904898 -9999 -9999 -9999 -9999 -9999 -9999 -9999 -9999 -9999 -9999 -9999 -9999 -9999 -9999 -9999 -9999 -9999 -9999 -9999 -9999 -9999 326.775794396034
-9999 -9999 -9999 -9999 -9999 -9999 -9999 -9999 -9999 -9999 -9999 -9999 -9999 -9999 -9999 -9999 -9999 -9999 -9999 -9999 -9999 -9999 -9999 304.104236309345 346.693997896635 364.54336313101 376.912257267879 391.288571871244 392.440741905799 382.602454552284 373.447537935697 365.630136343149 357.050950270433 339.749809852013 332.073861929087 317.758981557993 304.113729623648 313.451385498047 322.997654841496 328.404979999249 333.777209942157 -9999 -9999 -9999 -9999 -9999 -9999 -9999 -9999 -9999 -9999 -9999 -9999 -9999 -9999 -9999 -9999 -9999 -9999 -9999 -9999 -9999 -9999
-9999 -9999 -9999 -9999 -9999 -9999 -9999 -9999 -9999 -9999 -9999 -9999 -9999 -9999 -9999 -9999 -9999 -9999 -9999 -9999 -9999 -9999 -9999 272.906350942758 301.403010441707 325.69784780649 339.559420072115 344.839162973257 344.639474722055 339.874514066256 329.561298076923 329.740903414213 -9999 -9999 -9999 -9999 -9999 -9999 -9999 -9999 -9999 -9999 -9999 -9999 -9999 -9999 -9999 -9999 -9999 -9999 -9999 -9999 -9999 -9999 -9999 -9999 -9999 -9999 -9999 -9999 -9999 -9999 -9999
-9999 -9999 -9999 -9999 -9999 -9999 -9999 -9999 -9999 -9999 -9999 -9999 -9999 -9999 -9999 -9999 -9999 -9999 -9999 -9999 -9999 -9999 -9999 -9999 -9999 302.085740309495 317.451509915865 308.018815260667 310.815558800331 343.769294151893 -9999 -9999 -9999 -9999 -9999 -9999 -9999 -9999 -9999 -9999 -9999 -9999 -9999 -9999 -9999 -9999 -9999 -9999 -9999 -9999 -9999 -9999 -9999 -9999 -9999 -9999 -9999 -9999 -9999 -9999 -9999 -9999 -9999
-9999 -9999 -9999 -9999 -9999 -9999 -9999 -9999 -9999 -9999 -9999 -9999 -9999 -9999 -9999 -9999 -9999 -9999 -9999 -9999 -9999 -9999 -9999 -9999 -9999 -9999 -9999 -9999 -9999 -9999 -9999 -9999 -9999 -9999 -9999 -9999 -9999 -9999 -9999 -9999 -9999 -9999 -9999 -9999 -9999 -9999 -9999 -9999 -9999 -9999 -9999 -9999 -9999 -9999 -9999 -9999 -9999 -9999 -9999 -9999 -9999 -9999 -9999
-9999 -9999 -9999 -9999 -9999 -9999 -9999 -9999 -9999 -9999 -9999 -9999 -9999 -9999 -9999 -9999 -9999 -9999 -9999 -9999 -9999 -9999 -9999 -9999 -9999 -9999 -9999 -9999 -9999 -9999 -9999 -9999 -9999 -9999 -9999 -9999 -9999 -9999 -9999 -9999 -9999 -9999 -9999 -9999 -9999 -9999 -9999 -9999 -9999 -9999 -9999 -9999 -9999 -9999 -9999 -9999 -9999 -9999 -9999 -9999 -9999 -9999 -9999
