rasters/bioclim/bio01.asc
NCOLS 720 
NROWS 300 
XLLCORNER -180 
YLLCORNER -60 
CELLSIZE 0.5 
NODATA_value -9999 
[rows 224 to 251 of 300, columns 630 to 692 of 720]
22.8662954477163 23.0531652890719 23.4324185298039 23.5604588435246 23.7584524888259 23.8971889202411 24.0988523043119 24.2482076791617 23.9586033454308 23.67838037931 23.5898870321421 23.7069699214055 23.7627083705022 23.7358178358812 23.5633992415208 23.4093297811655 23.240381534283 23.1496012761043 23.0151521242582 22.8185979402982 22.7202949523926 22.3342999678392 22.0934383685772 21.8374413710374 21.5596379500169 21.0991291633019 21.7181642972506 21.521536900447 20.9015473585862 -9999 -9999 -9999 -9999 -9999 -9999 -9999 -9999 -9999 -9999 -9999 -9999 -9999 -9999 -9999 -9999 -9999 -9999 -9999 -9999 -9999 -9999 -9999 -9999 -9999 -9999 -9999 -9999 -9999 -9999 -9999 -9999 -9999 -9999
22.0864122830904 22.4296343876765 23.0613387181209 23.2165370354286 23.4319120553824 23.3946587489201 23.7220661456768 24.1256954486553 23.9185952406663 23.7940563788781 23.7108992063082 23.7286535409781 23.7658719282884 23.817423747136 23.5654929234431 23.0965379568247 23.0097754551814 22.8707197629488 22.7240015176626 22.4998908409706 22.4444216214694 22.0531919919528 21.856239759005 21.627727655264 21.4329049037053 21.0036474374624 21.4380839421199 21.4390191298265 20.9189193432148 21.2613415351281 21.2350387573242 21.902900989239 -9999 -9999 -9999 -9999 -9999 -9999 -9999 -9999 -9999 -9999 -9999 -9999 -9999 -9999 -9999 -9999 -9999 -9999 -9999 -9999 -9999 -9999 -9999 -9999 -9999 -9999 -9999 -9999 -9999 -9999 -9999
21.3620857825646 22.1984971853403 22.7616762014536 23.0114013965313 23.1663200671856 23.1226656987117 23.4925980201134 23.6796537546011 23.7928521082951 23.9195225055401 23.8475026350755 23.5866394042969 23.6862694666936 23.6476060427152 23.3448297060453 23.2728677896353 23.0206445547251 22.896319609422 22.5726121755747 22.2684786869929 21.9888656322773 21.4393014174241 21.0811967116136 20.9116166921762 21.0239357581505 21.0953399951641 21.5705727797288 21.416790155264 20.8893858102652 20.6845164665809 21.479542365441 21.859485919659 -9999 -9999 -9999 -9999 -9999 -9999 -9999 -9999 -9999 -9999 -9999 -9999 -9999 -9999 -9999 -9999 -9999 -9999 -9999 -9999 -9999 -9999 -9999 -9999 -9999 -9999 -9999 -9999 -9999 -9999 -9999
21.244334587684 22.0116537534274 22.4118322225717 22.7869670574482 23.1920176285964 23.0408128591684 23.1505464407114 23.5192656883827 23.4404166294978 23.5713643294114 23.5590096987211 23.5460667243371 23.4774463360126 23.29122704726 23.1401981940636 22.9812038128193 22.888057415302 22.6563553443322 22.2704526461088 21.9640199221097 21.75454051678 21.1745144770696 20.8240344707782 20.6533115093525 20.4242028456468 20.7017297011155 21.3336891761193 21.154017668504 20.5218626169058 20.4795626126803 20.7367933713473 21.184314434345 21.9497511937068 -9999 -9999 -9999 -9999 -9999 -9999 -9999 -9999 -9999 -9999 -9999 -9999 -9999 -9999 -9999 -9999 -9999 -9999 -9999 -9999 -9999 -9999 -9999 -9999 -9999 -9999 -9999 -9999 -9999 -9999
21.7054246755747 21.9703263502855 22.3417214613694 22.7380800980788 22.9600937183087 23.1130947699914 23.093818957989 23.3358579782339 23.365672478309 23.300538283128 23.2456995157095 23.2646433023306 23.2341169210581 22.9937050159161 22.8276458153358 22.6167278289795 22.6324326441838 22.2535189115084 22.0877057589017 21.7418167407696 21.5146876115065 20.777826162485 20.0598897200364 19.5653657179612 19.6738859323355 20.1890490605281 19.4495407984807 19.4596699934739 20.1674189934364 20.5233048659105 20.8856086730957 20.0472912421593 20.7283210754395 21.2310565068172 -9999 -9999 -9999 -9999 -9999 -9999 -9999 -9999 -9999 -9999 -9999 -9999 -9999 -9999 -9999 -9999 -9999 -9999 -9999 -9999 -9999 -9999 -9999 -9999 -9999 -9999 -9999 -9999 -9999
21.752840922429 21.987917973445 22.2973880767822 22.4767890343299 22.7664373837985 22.8978484227107 22.9622735243577 23.0251730405367 23.0174440237192 23.0134748312143 22.9142560225267 22.9488223149226 22.9372259286734 22.8803596496582 22.6355739006629 22.547762797429 22.5428268726055 22.0232734680176 21.6869016794058 21.2694442455585 21.1800895104041 20.6260656210092 19.8324400094839 19.1734318366418 19.0896192697378 18.3738281543438 18.848230948815 19.121850673969 19.7050170898438 20.3684375469501 20.4862038539006 18.9880256652832 18.732417179988 20.4733043083778 21.2410290057843 -9999 21.2400109217717 -9999 -9999 -9999 -9999 -9999 -9999 -9999 -9999 -9999 -9999 -9999 -9999 -9999 -9999 -9999 -9999 -9999 -9999 -9999 -9999 -9999 -9999 -9999 -9999 -9999 -9999
21.7928876143235 21.8887546245868 22.1465181203989 22.4196153787466 22.7064253000113 22.7622159811167 22.8274795825665 22.8578519087571 22.6849800990178 22.7524377382719 22.7520765157846 22.6748676300049 22.6467678363507 22.4409354283259 22.5245823493371 22.5585875877967 22.3726953359751 21.8089518913856 21.2655503199651 20.7598342895508 20.6536096426157 20.0692222301777 19.8281613863431 19.2284915630634 18.7536920400766 18.163394341102 18.3188711313101 18.6034488677979 19.6185026902419 19.9478125939002 19.3763168041523 19.0978343670185 19.2838230133057 19.7083333822397 20.612386410053 20.9993221576397 20.509491113516 -9999 -9999 -9999 -9999 -9999 -9999 -9999 -9999 -9999 -9999 -9999 -9999 -9999 -9999 -9999 -9999 -9999 -9999 -9999 -9999 -9999 -9999 -9999 -9999 -9999 -9999
21.6129982288067 21.6476801358736 22.151152243981 22.2867503532997 22.5590135134183 22.6313011462872 22.6650688464825 22.7009864220252 22.4543006603534 22.4592766394982 22.4924533550556 22.3275737762451 22.1884891803448 22.2436140500582 22.3768144754263 22.2829561967116 22.0245701716496 21.5552944770226 21.165043757512 20.9589098416842 20.3479827000545 19.9427990546593 19.6495826427753 19.0387571774996 18.6686578897329 18.7005299788255 18.0788782559908 18.256681735699 19.727224790133 19.8861235105074 19.0917965815617 19.2225087972788 19.2136528308575 19.458223929772 19.7358505542462 20.5470975729135 -9999 -9999 -9999 -9999 -9999 -9999 -9999 -9999 -9999 -9999 -9999 -9999 -9999 -9999 -9999 -9999 -9999 -9999 -9999 -9999 -9999 -9999 -9999 -9999 -9999 -9999 -9999
21.3442712930533 21.5916624802809 22.215536410992 22.2707629570594 22.3398371476393 22.4845145298884 22.3690826709454 22.4219162280743 22.3001026740441 22.1802382835975 22.100149007944 21.9043359022874 21.9454738910382 22.1451275165264 21.9933700561523 21.4655327430138 21.8555892064021 21.4879382206843 21.0708120786227 20.8622779846191 20.334838280311 20.2071368877704 19.8909395658053 19.3101472121019 18.8107044513409 18.8590463491587 18.8873189779428 18.6738226963924 19.2953191903921 19.0465005727915 18.8731219951923 18.4609826894907 18.0600518446702 18.565738091102 18.8851401989277 19.5959113194392 -9999 -9999 -9999 -9999 -9999 -9999 -9999 -9999 -9999 -9999 -9999 -9999 -9999 -9999 -9999 -9999 -9999 -9999 -9999 -9999 -9999 -9999 -9999 -9999 -9999 -9999 -9999
21.1568622589111 21.4362065241887 22.0399673168476 22.0614555065448 22.1688944009634 22.2534784170297 22.1129294175368 22.1358915475699 22.0530922229473 21.8259771787203 21.7282394996056 21.6064544090858 21.5915015294002 21.7637354043814 21.574564566979 21.1364376361553 21.3813070150522 21.070880156297 21.0786619919997 20.7223845261794 20.4772058633658 20.2774113875169 20.0350089439979 19.4397729726938 19.3839714343731 19.210269341102 19.1249471811148 19.0494258587177 19.2321972480187 18.9761896867018 18.7594203948975 18.4309639563927 17.6773907588078 17.6457487253042 18.4540927593525 18.5484154040997 -9999 -9999 -9999 -9999 -9999 -9999 -9999 -9999 -9999 -9999 -9999 -9999 -9999 -9999 -9999 -9999 -9999 -9999 -9999 -9999 -9999 -9999 -9999 -9999 -9999 -9999 -9999
20.8306986001822 20.7305962489201 21.9242172241211 22.0187831291786 22.0326565962571 22.0166199023907 21.8726678994986 21.6361843989446 21.7017015310434 21.7560386657715 21.7018015934871 21.3997418330266 21.468377333421 21.4515696305495 21.1397558358999 20.9486710475041 21.1680896465595 20.7932781806359 20.9434132209191 20.6231453235333 20.3725647559533 20.2192005744347 20.2044259584867 19.9878893632155 19.7731425945575 19.6170605879564 19.6276016235352 19.5227769704965 19.4283714294434 19.254020690918 19.2021349393404 18.8144167386569 18.5444195087139 17.5051849071796 18.0686161334698 18.7444905501146 -9999 -9999 -9999 -9999 -9999 -9999 -9999 -9999 -9999 -9999 -9999 -9999 -9999 -9999 -9999 -9999 -9999 -9999 -9999 -9999 -9999 -9999 -9999 -9999 -9999 -9999 -9999
20.6761162097637 20.5660469348614 21.7287760514479 21.8568501105675 21.8238223149226 21.7738597576435 21.5923056969276 21.3261737823486 21.3792783297025 21.3705535301795 21.3613477853628 21.1448927659255 21.1049321981577 21.1493520003099 21.083378131573 20.9645324120155 20.8608953035795 20.8335109123817 20.877143566425 20.5776860163762 20.4059571486253 20.3064096890963 20.1381466205303 20.0354483677791 19.8358675149771 19.8130456484281 19.625707919781 19.6401346646822 19.5783954033485 19.2770649836614 19.1631846794715 18.7547610356258 18.3730443807749 17.1514845628005 18.0012493133545 19.2805737715501 19.1552075606126 -9999 -9999 -9999 -9999 -9999 -9999 -9999 -9999 -9999 -9999 -9999 -9999 -9999 -9999 -9999 -9999 -9999 -9999 -9999 -9999 -9999 -9999 -9999 -9999 -9999 -9999
20.3588407956637 20.2872268970196 21.4418612260085 21.4932344876803 21.6568066523625 21.4827971825233 21.3086632948655 21.2019086984488 21.132698059082 21.0107137239896 21.0210318932166 20.973942389855 20.7897004347581 20.8338389763465 20.7590194115272 20.5759503291203 20.7659935584435 20.7254607860859 20.6794669811542 20.4467347952036 20.3410082596999 20.2441645402175 20.1783363635723 20.1511443211482 19.9770563565768 19.9261697622446 19.8043959690974 19.740178328294 19.7324537130503 19.5129459087665 19.3236075181227 18.4417363680326 17.4998767559345 16.4392982629629 16.0234402876634 17.7802834144005 17.7206843449519 -9999 -9999 -9999 -9999 -9999 -9999 -9999 -9999 -9999 -9999 -9999 -9999 -9999 -9999 -9999 -9999 -9999 -9999 -9999 -9999 -9999 -9999 -9999 -9999 -9999 -9999
20.1590059720553 20.134043766902 20.9258660536546 21.1820700718806 21.3534437326285 21.207699408898 21.004951770489 20.8918703519381 20.8090503399189 20.6939543210543 20.7165110661433 20.6160768362192 20.4005072667049 20.3728033212515 20.376888862023 20.5426785395696 20.4537374056303 20.329095693735 20.30099267226 20.2070764394907 19.9702975933368 20.0629348754883 20.1314530005822 20.0471726931058 19.9683868701641 19.850561435406 19.6375361222487 19.6404643425575 19.517553622906 19.2977309593788 19.1487356332632 18.2900116260235 17.1285539773794 14.8136621621939 15.7375817665687 18.0391930800218 18.4527604029729 -9999 -9999 -9999 -9999 -9999 -9999 -9999 -9999 -9999 -9999 -9999 -9999 -9999 -9999 -9999 -9999 -9999 -9999 -9999 -9999 -9999 -9999 -9999 -9999 -9999 -9999
19.9191112518311 19.9957837324876 20.3241694523738 20.612375992995 20.8724550100473 20.8310963557317 20.7031389383169 20.7079507387601 20.6022190680871 20.5689945220947 20.3482839144193 20.1494080470159 19.6822119492751 19.4318658388578 19.8821350977971 20.1675413571871 20.0357381380521 19.8590183258057 19.9005339695857 19.8357017223652 19.7688990372878 19.8308930030236 19.8778007213886 19.8281244131235 19.7957059420072 19.7436698033259 19.7144798865685 19.7355503669152 19.3673098637508 19.2046453035795 18.6464390387902 17.6042587573712 16.5244849278377 14.4302685810969 14.5816047375019 18.1750439863939 18.7191772460938 -9999 -9999 -9999 -9999 -9999 -9999 -9999 -9999 -9999 -9999 -9999 -9999 -9999 -9999 -9999 -9999 -9999 -9999 -9999 -9999 -9999 -9999 -9999 -9999 -9999 -9999
19.3323433215802 19.4473940042349 19.8209482339712 19.9931554060716 20.1362535036527 19.8564395904541 19.9641664945162 20.1636714935303 19.781061906081 20.0151921785795 20.0982249333308 19.8481182685265 19.4962646777813 19.1883946932279 19.6202438061054 19.8027182358962 19.5617853311392 19.4621432377742 19.6017056978666 19.5847627199613 19.5129787738507 19.4482707977295 19.5331125992995 19.5466314462515 19.5200155698336 19.540037888747 19.6142934652475 19.5614117842454 19.1522378187913 18.8278786585881 17.7985137059138 17.2731472895696 15.3415319002592 12.9034024018508 14.8381330783551 17.677758877094 18.39963722229 -9999 -9999 -9999 -9999 -9999 -9999 -9999 -9999 -9999 -9999 -9999 -9999 -9999 -9999 -9999 -9999 -9999 -9999 -9999 -9999 -9999 -9999 -9999 -9999 -9999 -9999
18.8138178311861 18.9594879150391 19.3721787379338 19.4448541494516 19.6026077270508 19.3427228194017 19.2623640207144 18.0758154942439 17.336710856511 19.7294685657208 19.8749668414776 19.6696472167969 19.4583437992976 19.340383382944 19.3934380457951 19.3817072648268 19.2626432272104 19.2411276010367 19.4504991678091 19.3721102201022 19.3112276517428 19.1233928386982 19.0988600804256 19.1878248361441 19.2490700941819 19.2839562342717 19.0149015279917 19.1646527510423 18.8705771519588 18.4160421811617 15.9723763832679 16.2391925224891 14.2774137350229 12.5651345619789 13.7203938410832 15.9032760033241 -9999 -9999 -9999 -9999 -9999 -9999 -9999 -9999 -9999 -9999 -9999 -9999 -9999 -9999 -9999 -9999 -9999 -9999 -9999 -9999 -9999 -9999 -9999 -9999 -9999 -9999 -9999
18.2857366708609 18.4572271200327 18.8737986637996 18.9703515859751 19.1591754326454 19.2069084460919 18.5959732349102 15.9994765795194 18.2259354224572 19.5887382213886 19.5123524299035 19.3871547992413 19.2347168555626 18.9520156566913 18.7904281616211 18.8459587097168 18.993161714994 19.0080428490272 19.0812102097731 19.0037872607891 18.8610386481652 18.6210936032809 18.5425303532527 18.8055058992826 19.0578708648682 18.857503597553 18.5853157043457 18.458923633282 17.9189436985896 17.8531439854549 17.3225738818829 16.5195499566885 13.8303227791419 13.7020852749164 15.1057437750009 16.6153644415048 -9999 -9999 -9999 -9999 -9999 -9999 -9999 -9999 -9999 -9999 -9999 -9999 -9999 -9999 -9999 -9999 -9999 -9999 -9999 -9999 -9999 -9999 -9999 -9999 -9999 -9999 -9999
17.6696966611422 17.933280651386 18.1296680157001 18.231984945444 18.2682583148663 18.7734235616831 18.6632485022912 16.3196433874277 18.399447954618 18.9751605987549 18.8715337606577 18.7721534142127 18.5603785881629 18.3059021876409 18.4295463562012 18.391213783851 18.7476717141958 18.7956410921537 18.6974529853234 18.6303194486178 18.386559853187 18.1643362778884 18.1332685030424 18.3442263970008 18.5784828479473 18.4641471275916 18.3013701805702 17.4409480461707 15.8293604483971 16.2137574415941 17.000404211191 16.4557508321909 13.8992780538706 11.903107716487 13.9125167406522 16.9521182133601 -9999 -9999 -9999 -9999 -9999 -9999 -9999 -9999 -9999 -9999 -9999 -9999 -9999 -9999 -9999 -9999 -9999 -9999 -9999 -9999 -9999 -9999 -9999 -9999 -9999 -9999 -9999
17.0292946742131 17.3996677398682 17.650514455942 17.6330440227802 17.6441192626953 18.1136231055626 17.4845956655649 15.5701247728788 17.6656875610352 18.1603000347431 18.1516568110539 18.2463370103102 17.6810537484976 17.8051159198468 18.1776299109826 18.2138503148006 18.4115528693566 18.4378016545222 18.432667365441 18.3760204315186 17.9203394376315 17.6824395106389 17.3799420870267 17.9386708186223 18.024158184345 18.1309104332557 17.7823781233567 16.7410626778236 15.5614576339722 15.21707373399 15.3738088607788 15.2179922690758 14.1148816622221 13.9224518262423 16.0957064261803 17.1517724257249 -9999 -9999 -9999 -9999 -9999 -9999 -9999 -9999 -9999 -9999 -9999 -9999 -9999 -9999 -9999 -9999 -9999 -9999 -9999 -9999 -9999 -9999 -9999 -9999 -9999 -9999 -9999
16.4787654876709 16.755455824045 17.0282994783842 17.0642993633564 17.2562473003681 17.0866369100717 16.4859633078942 15.4369967533992 16.4849029687735 16.0757996485784 16.0681273387029 16.9515945728009 17.2769881028395 17.7787639911358 18.2113142747145 18.2783013857328 18.2712769141564 18.1648629995493 17.9411255763127 18.0215584681584 17.6303951556866 17.0116443634033 16.4063598926251 17.0266374441294 17.4756248180683 17.5195280221792 17.080201955942 16.4047038004949 15.6565329478337 15.4422464370728 15.9654052440937 16.4558116472684 15.2436077411358 15.7067578389094 16.6408085456261 -9999 -9999 -9999 -9999 -9999 -9999 -9999 -9999 -9999 -9999 -9999 -9999 -9999 -9999 -9999 -9999 -9999 -9999 -9999 -9999 -9999 -9999 -9999 -9999 -9999 -9999 -9999 -9999
15.9106165812566 16.0384800250714 16.2558770546546 16.4651355009813 17.1212190481333 17.4372119903564 15.6818001820491 15.0292132450984 15.269951233497 15.6450181374183 16.5471401948195 17.2061302478497 17.6458813593938 17.7934065598708 17.8471227792593 17.9269175896278 17.9296144338755 17.8124881157508 17.6651574648344 17.5759906768799 17.1819386115441 16.6287522682777 16.620799944951 16.8754974511954 16.959652533898 16.9508947225717 16.2804598441491 15.4352640738854 14.3911995520959 13.6932208721454 14.3738117951613 15.7527687366192 16.6289810033945 17.0961372668927 -9999 -9999 -9999 -9999 -9999 -9999 -9999 -9999 -9999 -9999 -9999 -9999 -9999 -9999 -9999 -9999 -9999 -9999 -9999 -9999 -9999 -9999 -9999 -9999 -9999 -9999 -9999 -9999 -9999
15.7075432997483 15.733967927786 15.8824703509991 16.0136460524339 16.7448640236488 -9999 16.1749213292049 14.4572769311758 15.0848842767569 15.9541986905611 16.7579270876371 17.1558182056134 17.2412289839524 17.3311584179218 17.4201443011944 17.4467861468975 17.3488390995906 17.3928366440993 17.4222685006949 17.43385887146 17.3112420302171 17.2960068629338 17.1594272026649 16.911838898292 16.8182893166175 16.723563340994 15.8661678754366 14.4722323050866 12.8690098248995 12.6114610525278 13.0325516920823 15.5458334409274 16.3520669203538 -9999 -9999 -9999 -9999 -9999 -9999 -9999 -9999 -9999 -9999 -9999 -9999 -9999 -9999 -9999 -9999 -9999 -9999 -9999 -9999 -9999 -9999 -9999 -9999 -9999 -9999 -9999 -9999 -9999 -9999
15.6948649333074 15.5716557135949 15.7271060943604 16.3362966684195 -9999 16.8316185290997 16.1249848145705 14.3901365720309 15.2583736272959 16.3547223898081 16.7643035741953 17.0181752718412 16.9370525800265 16.843833556542 16.9149230810312 16.9047017464271 16.9577966103187 17.1206672375019 17.0248968417828 17.0136775236863 17.0335001578698 16.879358951862 16.2498829181378 16.2785151554988 16.3031208331768 16.0691562799307 15.0647152387179 14.4722676643958 12.4925366181594 11.5453732563899 12.9960743097159 16.3027662130503 17.0735526451698 -9999 -9999 -9999 -9999 -9999 -9999 -9999 -9999 -9999 -9999 -9999 -9999 -9999 -9999 -9999 -9999 -9999 -9999 -9999 -9999 -9999 -9999 -9999 -9999 -9999 -9999 -9999 -9999 -9999 -9999
-9999 15.3228046710675 15.9982351889977 -9999 -9999 16.0680822225717 16.2898273468018 14.759861432589 15.0915131935707 16.2286713673518 16.3869680257944 16.6100859275231 16.5579980703501 16.5734236056988 16.6478000787588 16.8603184773372 16.9245926783635 16.758709027217 16.734706731943 16.8599236561702 16.7004637351403 16.5698081530057 16.2775716048021 15.8665965153621 15.6258994615995 15.4786910277147 14.3871908187866 13.8151296468881 12.7363913609431 11.863382266118 13.6419534683228 15.715440089886 -9999 -9999 -9999 -9999 -9999 -9999 -9999 -9999 -9999 -9999 -9999 -9999 -9999 -9999 -9999 -9999 -9999 -9999 -9999 -9999 -9999 -9999 -9999 -9999 -9999 -9999 -9999 -9999 -9999 -9999 -9999
-9999 15.4530722544743 -9999 -9999 -9999 15.938277391287 -9999 15.3537436998807 14.8495305868296 15.7193685678335 15.7824100347666 16.0277383510883 16.1256090310904 16.1466285265409 16.3914865347055 16.491829431974 16.61978831658 16.7460419581487 16.6497750649085 16.5612498796903 16.3904787943913 16.2373097493098 16.2906234447773 15.8482811267559 15.1964447314923 14.4653933598445 14.0083331328172 13.2019003354586 12.5800735767071 12.4623504785391 14.1089192170363 15.9888540414663 -9999 -9999 -9999 -9999 -9999 -9999 -9999 -9999 -9999 -9999 -9999 -9999 -9999 -9999 -9999 -9999 -9999 -9999 -9999 -9999 -9999 -9999 -9999 -9999 -9999 -9999 -9999 -9999 -9999 -9999 -9999
-9999 -9999 -9999 -9999 -9999 -9999 -9999 14.6436319351196 15.3550679867084 15.1931025431706 15.2600943492009 15.4170009906475 15.6204737883348 15.6785143338717 15.9935503739577 16.0609182211069 16.2173946087177 16.3478080309354 16.2880912927481 16.2059629146869 16.1294834430401 15.9285405232356 15.9165683893057 15.4744338989258 14.6406555909377 13.9707013643705 12.6189479094285 11.3393013293927 11.9238223295945 11.7540537027212 14.2928948769203 -9999 -9999 -9999 -9999 -9999 -9999 -9999 -9999 -9999 -9999 -9999 -9999 -9999 -9999 -9999 -9999 -9999 -9999 -9999 -9999 -9999 -9999 -9999 -9999 -9999 -9999 -9999 -9999 -9999 -9999 -9999 -9999
-9999 -9999 -9999 15.1192432550284 14.9264895365788 15.0464239120483 -9999 -9999 -9999 14.7992744445801 14.880698130681 14.9817788784321 15.0359312204214 15.1494453136738 15.3448782700759 15.5060352912316 15.6118621092576 15.8011171634381 15.7806565211369 15.8109353872446 15.7275578425481 15.4938136614286 15.4847564697266 14.9765030053946 13.6747313279372 12.4671568503747 9.88239750495324 7.83999564097478 10.2213840484619 11.5364757684561 -9999 -9999 -9999 -9999 -9999 -9999 -9999 -9999 -9999 -9999 -9999 -9999 -9999 -9999 -9999 -9999 -9999 -9999 -9999 -9999 -9999 -9999 -9999 -9999 -9999 -9999 -9999 -9999 -9999 -9999 -9999 -9999 -9999
