rasters/bioclim/bio09.asc
NCOLS 720 
NROWS 300 
XLLCORNER -180 
YLLCORNER -60 
CELLSIZE 0.5 
NODATA_value -9999 
[rows 112 to 139 of 300, columns 126 to 188 of 720]
22.1717344430777 25.1005728061383 24.0829799358661 21.2840386170607 21.5316753387451 20.9347149041983 19.7275954760038 19.4241846524752 20.1417562778179 21.180117900555 20.0101949985211 18.7009965456449 15.6945065718431 15.2122039428124 9.34254948450969 6.15212659537792 6.82794978297674 8.22414463299971 7.72087918795072 9.10289098666265 10.1089273599478 12.2791318893433 9.05546621175913 7.8768951526055 6.05831301212311 6.81827318668365 6.16563357756688 4.42725120140956 4.04398434895736 3.72089671171629 4.02804279327393 4.25784056003277 4.9698168864617 5.03663948866037 5.63637716953571 5.84019424365117 6.13199356886057 6.40335829441364 6.5066456427941 6.512275659121 16.0535555252662 20.7590297919053 25.155147919288 25.7775040406447 26.3945162846492 26.1600850912241 25.3928077404316 25.7655765826886 26.0390243530273 24.2620667677659 25.6346903580886 26.2659241602971 26.0415700765756 26.3079417302058 26.298427435068 23.3123981769268 23.3473801246056 23.6461288745587 23.2014394906851 23.7549180250901 23.9333057403564 23.4816224024846 21.2272174541767
22.3896293640137 23.0612573623657 25.3674520345835 20.656560751108 21.5464579508855 20.5389147538405 21.6377495252169 21.8449514829195 20.952897805434 21.6913234270536 21.9885151936458 20.2972974777222 16.7416656200702 17.2886471381554 13.9950743821951 11.3201436629662 9.7936929831138 9.21713934494899 9.19592582262479 10.0855795786931 12.1685551129855 13.8613582757803 9.46432968286368 7.69885307091933 9.87983494538527 9.48950464908893 8.50974665238307 5.67372437623831 4.86919872577374 4.52925650890057 4.8731117615333 5.42619837247408 5.63802922688998 5.66005899355962 6.42908822573148 6.42205216334416 6.43625167699961 6.33865943321815 14.2760794346149 18.5588429891146 25.0910740265479 25.4873695373535 27.5265150803786 27.4227603032039 26.7018105433537 25.7040710449219 25.0774923471304 25.0182163531964 25.1102842184213 25.0240656045767 26.098482131958 26.2862311143142 26.8441289755014 26.2071718069223 24.6633318387545 23.5048063718356 23.3153916872465 23.5135498046875 23.3452088282659 23.2453275827261 23.2655019026536 23.2379457033597 23.0091246091403
21.7470368605394 20.8176998725304 25.1714082131019 24.1559718938974 23.5306815367479 22.6600828170776 22.8821748586801 23.1512781289908 23.5080131384043 22.7876386642456 22.6468673119178 22.3694865153386 19.3047557243934 16.8112795903133 17.2011125637935 17.178202849168 15.5656098219065 13.4750152367812 11.7244728161738 12.058223100809 11.9620633125305 13.6521333547739 8.85419174341055 8.69115128883949 11.1911942775433 10.8947733548971 10.9684449342581 10.4566678634057 8.63051458505484 7.49480784856356 6.84278423969562 6.20761625583355 6.25562062630287 6.74799768741314 7.50100044103769 6.78424255664532 6.72754214360164 14.5909419793349 18.2888351587149 21.0871753325829 26.6423822549673 26.2735424041748 28.0301971435547 27.562031525832 27.7419006641095 26.3168248396653 25.8178931016188 25.7206139197716 26.2476279918964 25.5274515885573 26.516029211191 26.4311494093675 26.9680296090933 25.2926578521729 24.9387070582463 23.9601946610671 23.820923438439 24.2298256800725 23.5382862091064 24.5280647277832 24.76078077463 24.4967831831712 23.5210583026593
18.060007242056 18.0982872889592 23.5031898205097 25.7456600482647 22.7721878932073 22.890095784114 22.6143652108999 23.0376903093778 23.253726372352 23.020374078017 21.7161662761982 21.4099020591149 19.7277644230769 16.911019215217 16.6619348159203 17.2183682368352 16.9934559602004 16.5148354310256 14.3570145460275 14.1367379335257 13.619055894705 12.9561866613535 12.9517653905428 11.5700885332548 10.5402132914617 13.2892827987671 13.1388627932622 12.174396111415 11.4715799551744 8.47100422932551 7.79496310307429 7.60685363182655 7.22557750115028 7.1527963418227 7.32880860108596 8.99103685525747 16.7113129909222 18.7161445984474 22.7143717545729 22.903177848229 26.0129850827731 30.0681165548471 29.2258303715633 28.3279922191913 27.4361955202543 26.8247288923997 26.8484318072979 26.3939464275654 26.3750691047082 26.3536761357234 26.5266902630146 26.6655528728779 26.3223662743202 25.4562173990103 24.9975310105544 24.8313117394081 24.4453129401574 23.4950818281907 23.7232743776762 25.3240803938646 26.1374634962816 25.0675155933087 22.7914937826303
-9999 16.8799185386071 13.9657334547776 23.2135986915001 26.3008689880371 21.9029938624455 22.2230087426993 22.2667535635141 21.9033145904541 20.666759784405 19.3990617898794 17.8912099691538 16.3439423854534 16.551740866441 15.737274646759 14.7784223556519 16.259790457212 16.8848845041715 18.2262912530165 18.2803214513339 18.5795869460473 16.9918326597947 14.3444992212149 13.6521530884963 11.7590029423053 13.1563283846929 12.2762112250695 12.8677134880653 12.8943130053007 11.9812096815843 8.2180511034452 7.62959872759305 8.00953406554002 8.36328491797814 8.22767642828134 13.3938577358539 20.0992627877455 20.2466482382554 21.2770981788635 21.8142584654001 29.185500731835 30.0663108825684 29.7506526066707 28.4063440469595 27.9325291560246 27.4043254852295 26.7418713202843 26.361305970412 26.3254585266113 26.3259259737455 26.0777577620286 26.2523485330435 25.5297701908992 24.6330763009878 23.6567871387188 24.526315835806 24.0829438429612 22.5222785656269 23.763479086069 23.9853054926946 24.5373227046086 23.7222528457642 23.0455424969013
-9999 17.6971309368427 12.6886575405414 16.4924286328829 -9999 -9999 -9999 23.0479046014639 22.2562216978807 20.0151983407828 19.0452632904053 15.9828679745014 16.1647675587581 14.7523108262282 14.7958685434782 15.9394726386437 15.5862187972436 16.3154591046847 17.2060708266038 19.0353632706862 17.2866244682899 15.2603898781996 14.6866109187786 12.6967025536757 12.922240624061 12.345908678495 12.7599586340097 12.5120623661922 11.3616983340337 9.71193731748141 8.5117785013639 8.24838462242713 8.44270680500911 7.72445766742413 10.1342280828036 13.2207956314087 18.3037728896508 19.8168137256916 23.3251832081721 26.6514885242169 29.3466677298913 30.2414426069993 29.9319708897517 28.9886376307561 28.2450445615328 27.2727119739239 26.4378731067364 25.6481783940242 26.0802816244272 26.4008106818566 26.4073172349196 26.5057958456186 25.2613421220046 22.3742807828463 22.8251000917875 24.9527496924767 25.6163864135742 25.4332231374887 25.0594089214618 24.277314552894 24.0973907617422 23.2905549269456 21.1154640637911
-9999 -9999 15.3954818432148 11.9309758406419 20.8216548332801 -9999 -9999 -9999 21.6741176751944 21.8524921857394 18.6057851497944 18.3920714304997 16.7854201243474 17.162604038532 16.9732836209811 19.8894667992225 16.0830624653743 15.8503567622258 15.7914487398588 16.9755610686082 14.2693778184744 12.6471111591046 13.3072324165931 13.4509055064275 10.7370842420138 11.3460577451266 10.1519441971412 11.3648117872385 10.3410837100102 8.89641508689293 9.22330214427068 10.687064574315 10.3517849628742 9.8460504091703 12.1443833938012 13.6953226969792 16.7776003617507 20.4741658064035 22.9533059780414 29.3156740482037 30.7558724330022 30.3881803659292 28.6381717828604 27.0780154008132 27.3334272091205 25.416781938993 24.4082535230196 24.6363876782931 25.2267131071824 26.9599483196552 26.8246621351976 25.1216860551101 25.8508066030649 22.938787313608 22.6221401508038 23.6970407045805 23.6428177173321 23.1379234607403 21.5019545188317 23.9077837283795 23.6798215279212 22.3715909811167 20.9897116147555
-9999 -9999 17.7266328518207 14.5109080534715 18.0600832425631 -9999 -9999 -9999 21.4438851429866 20.4860000610352 18.8621705862192 18.0311068021334 18.2234467726487 18.2421971834623 18.6913761725793 17.6556854981642 16.4995203018188 13.7242136735183 14.2628023441021 13.8302708405715 13.5664609028743 14.8260246423575 15.9077934118418 15.1332102555495 14.7309953249418 11.8478865256676 11.4476855718173 10.5873863146855 9.10969433417687 9.26266175050002 9.83741723574125 9.28402629265418 11.204347206996 13.8435115080613 15.9103897168086 18.4861063590417 19.9130365298345 22.5395684609046 23.5393731043889 27.9243309314434 29.1268507884099 29.0816150078407 27.3481338941134 25.9528438861553 23.7724226438082 22.8976237223699 21.7825271899884 20.6194558510414 21.3669991860023 23.1217930133526 21.439121393057 20.62521142226 25.3318129319411 25.8238363999587 24.3687798426701 -9999 -9999 -9999 -9999 -9999 -9999 -9999 21.9723834257859
-9999 -9999 -9999 17.7988799902109 19.2255378136268 22.0510726341834 -9999 -9999 -9999 21.4961522909311 21.364187680758 20.6615576377282 20.6679401397705 19.0906228285569 18.5965271729689 17.81136402717 14.903240277217 10.8590908784133 11.8047987864568 13.7036811388456 14.2782806983361 15.3933587441078 16.8996187356802 15.1135311126709 16.0245122909546 14.8779735565186 13.9983607805692 11.9530175649203 11.3800414892343 10.8988746129549 11.1603620969332 10.7876834135789 10.1142518703754 14.9514258458064 18.3357945222121 21.0169974840604 22.4048918210543 23.0010523429284 24.9785929459792 25.1865171285776 27.6940169701209 26.4946655860314 25.0555543899536 24.7526918557974 23.8835934859056 24.2671775817871 -9999 -9999 19.0599499482375 -9999 19.5118948129507 19.6249586252066 21.5959592965933 23.0916454608624 22.9939878903903 22.9566228573139 -9999 -9999 -9999 -9999 -9999 -9999 -9999
-9999 -9999 -9999 -9999 19.7524397923396 17.8659108968881 20.378024321336 23.486444913424 -9999 23.392581646259 23.4721214587872 21.4048971029428 21.3265960399921 20.0720379169171 19.2838909442608 16.8681794680082 15.9017782944899 12.38224366995 11.0807300714346 12.0581217545729 15.7443204292884 18.2210333163922 17.8074111938477 16.2283471914438 16.5180240777823 15.1077865453867 15.7506171740018 15.0888222914476 11.4957357186538 10.8066930770874 12.241908293504 14.0173963400034 17.9437168561495 16.3904126240657 18.8280423971323 21.6877836080698 22.2616599889902 23.7414204524114 23.7257791665884 23.798682652987 24.1341762542725 24.0803410456731 23.7812465521005 23.446659381573 -9999 -9999 -9999 -9999 -9999 -9999 -9999 -9999 -9999 -9999 -9999 -9999 -9999 -9999 -9999 -9999 -9999 -9999 -9999
-9999 -9999 -9999 -9999 -9999 20.705544251662 18.1087936988244 22.5756410452036 -9999 -9999 24.19263282189 22.755726154034 20.877692589393 20.0102706322303 18.422209079449 16.1338256689218 14.8769119702853 12.1523430897639 12.8069544572097 9.98275059920091 12.5749670175406 14.7798062838041 15.8912640351516 14.6663445692796 14.1538702157828 12.7566392605121 12.6547184724074 13.5727288906391 12.2717736317561 11.2445947206937 11.5713427983798 14.5431854541485 19.0069943207961 17.4696499017569 17.5583317830012 16.1888470282921 17.9360072796161 22.3919021166288 23.5125423578116 23.8172674912673 24.2351214335515 24.201974942134 23.4829111099243 -9999 -9999 -9999 -9999 -9999 -9999 -9999 -9999 -9999 -9999 -9999 -9999 -9999 -9999 -9999 -9999 -9999 -9999 -9999 -9999
-9999 -9999 -9999 18.6119987047636 -9999 -9999 18.7111324897179 20.4031885587252 -9999 -9999 -9999 22.4257809565617 21.1449932685265 20.2049557612492 19.1800748384916 17.3186619831966 13.177266561068 12.9751809927133 10.5067047706017 10.8990061833308 12.2404404420119 14.1646041870117 16.2930489320021 15.4484530228835 13.918320949261 13.9127784142127 12.9487214455238 13.2269267302293 12.5816835990319 11.1884910876934 13.7846761116615 13.8470125198364 18.0677331044124 23.7849320631761 23.5793639696561 17.5061863385714 17.0473772195669 19.5361383144672 23.7470088371864 24.0507188210121 -9999 -9999 -9999 -9999 -9999 -9999 -9999 -9999 -9999 -9999 -9999 -9999 -9999 -9999 -9999 -9999 -9999 -9999 -9999 -9999 -9999 -9999 -9999
-9999 -9999 -9999 -9999 18.5097721540011 19.4368687409621 19.8430376786452 19.7416256391085 21.6340434734638 -9999 -9999 -9999 -9999 23.214716397799 21.4915699592003 20.2227546985333 18.5646425393912 15.4230037102332 11.0717754364014 10.4073835152846 12.8906282278208 14.7163539299598 15.3227589680598 15.3929375134982 14.9938261325543 13.8225469589233 13.9787073868972 15.4901505983793 14.5343285340529 13.0728819920466 14.1939587226281 14.3375252943773 21.0152502059937 23.7455004178561 23.7230171056894 24.7651700973511 24.2223333945641 20.3532298161433 17.7277045616737 -9999 -9999 -9999 -9999 -9999 -9999 -9999 -9999 -9999 -9999 -9999 -9999 -9999 -9999 -9999 -9999 -9999 -9999 -9999 -9999 -9999 -9999 -9999 -9999
-9999 -9999 -9999 -9999 -9999 18.644168486962 18.9373320066012 19.7101962749775 18.6607764317439 20.5940824655386 -9999 -9999 -9999 24.4681858649621 23.0664175473727 22.2746269519512 20.6502290872427 19.0598386617807 13.3072677025428 11.3866828771738 12.6027111640343 15.3056072821984 15.4912243623 15.9037960492648 15.1986241707435 15.5200347900391 15.7304738851694 17.0391627825223 16.2118583092323 17.2127483808077 17.1163770235502 17.8914752373329 17.5281088168804 18.3012669636653 22.1964182486901 24.0516220973088 23.4353059621958 22.5242069684542 18.8098493722769 -9999 -9999 -9999 -9999 -9999 -9999 -9999 -9999 -9999 -9999 -9999 -9999 -9999 -9999 -9999 -9999 -9999 -9999 -9999 -9999 -9999 -9999 -9999 -9999
-9999 -9999 -9999 -9999 -9999 -9999 -9999 -9999 19.1490024419931 16.5450063118568 21.1210636725793 -9999 -9999 -9999 -9999 22.3618774414062 22.4025826087365 21.3817932422345 18.255810370812 12.1882338890663 12.4026129795955 13.7883116648747 14.4877532812265 15.3162687008197 16.1525307435256 17.5270933738122 16.4323442165668 17.1176493718074 17.6619741733258 17.3988807384784 16.2385782095102 14.6505124752338 15.1354860892663 15.3209729561439 18.2606012637799 18.9008389252883 20.4392807300274 22.646275300246 22.7637083347027 -9999 -9999 -9999 -9999 -9999 -9999 -9999 -9999 -9999 -9999 -9999 -9999 -9999 -9999 -9999 -9999 -9999 -9999 -9999 -9999 -9999 -9999 -9999 -9999
-9999 -9999 -9999 -9999 -9999 -9999 -9999 -9999 -9999 19.3928435398982 18.974646788377 -9999 -9999 -9999 -9999 21.1677859379695 20.9079385904165 21.4215375460111 18.7434422419621 15.5599010174091 12.0654619657076 11.2494014593271 14.1980863717886 14.6067085999709 15.857884480403 16.7094655403724 18.8621876056378 18.5099286299485 19.0753823060256 16.9957923155565 14.9951675121601 14.2593361047598 13.9624843597412 14.5530920762282 15.8551025390625 15.9003482965323 19.133813564594 21.6583188863901 22.9119506249061 -9999 -9999 -9999 -9999 -9999 -9999 -9999 -9999 -9999 -9999 -9999 -9999 -9999 -9999 -9999 -9999 -9999 -9999 -9999 -9999 -9999 -9999 -9999 -9999
-9999 -9999 -9999 -9999 -9999 -9999 -9999 -9999 -9999 -9999 21.1925070835994 20.1968518770658 -9999 -9999 -9999 22.0496424161471 20.5784379518949 22.0828009385329 21.1394824981689 17.360808299138 12.7133539639986 11.8555718935453 13.0735432551457 14.8238664040199 14.4715188099788 15.6692290672889 18.00852394104 19.4291531489446 19.6010233072134 16.987167431758 15.5722666520339 15.0214244402372 15.9657351420476 14.663459117596 15.5190655634953 15.175445996798 15.5566900693453 21.5678088114812 21.9868078231812 22.9838148263785 -9999 -9999 -9999 -9999 -9999 -9999 -9999 -9999 -9999 -9999 -9999 -9999 -9999 -9999 -9999 -9999 -9999 -9999 -9999 -9999 -9999 -9999 -9999
-9999 -9999 -9999 -9999 -9999 -9999 -9999 -9999 -9999 -9999 20.7208913656381 18.8937518780048 -9999 -9999 -9999 -9999 -9999 21.8247894873986 22.2532328092135 20.6851011422964 17.1066744144146 12.0780705672044 13.17840891618 14.8842256986178 15.2902091099666 16.9401253920335 19.2079838972825 19.0468306908241 19.29837843088 18.400705410884 15.9170174965492 13.6686239242554 12.1049514917227 15.0304184693557 14.5539754720835 17.9599519142738 19.8630451789269 19.6051270411565 21.5999210797823 -9999 -9999 -9999 -9999 -9999 -9999 -9999 -9999 -9999 -9999 -9999 -9999 -9999 -9999 -9999 -9999 -9999 -9999 -9999 -9999 -9999 -9999 -9999 -9999
-9999 -9999 -9999 -9999 -9999 -9999 -9999 -9999 -9999 -9999 19.2096545879657 19.6167551187369 18.0956655649038 -9999 -9999 -9999 -9999 -9999 23.0568574758676 23.0654274867131 21.5957764845628 17.9397321847769 12.6648099605854 13.0001821517944 15.3855904799241 16.1607896364652 16.7644051038302 16.9157266616821 16.283588042626 17.30722119258 16.233341217041 15.0403605974638 13.2708468803993 15.5371726843027 14.3315873512855 15.2387086428129 15.6828704247108 17.9707607122568 20.5130979831402 -9999 -9999 -9999 -9999 -9999 -9999 -9999 -9999 -9999 -9999 -9999 -9999 -9999 -9999 -9999 -9999 -9999 -9999 -9999 -9999 -9999 -9999 -9999 -9999
-9999 -9999 -9999 -9999 -9999 -9999 -9999 -9999 -9999 -9999 -9999 20.3961319556603 19.2192855248084 19.463936145489 -9999 -9999 -9999 -9999 -9999 23.8510417938232 23.1685193868784 17.7081150641808 13.4880960904635 11.7169851889977 14.0336500314566 15.852098098168 14.2241598275992 14.6442226263193 14.8195066452026 15.8375169313871 14.8461658771221 13.6991854447585 13.2792544731727 14.4481986119197 13.2242670059204 16.1920851193942 17.1891672427838 17.092149074261 19.8779144287109 -9999 -9999 -9999 -9999 -9999 -9999 -9999 -9999 -9999 -9999 -9999 -9999 -9999 -9999 -9999 -9999 -9999 -9999 -9999 -9999 -9999 -9999 -9999 -9999
-9999 -9999 -9999 -9999 -9999 -9999 -9999 -9999 -9999 -9999 -9999 -9999 -9999 19.765431037316 18.8791879507212 -9999 -9999 -9999 -9999 -9999 22.9548329573411 20.2678297483004 17.3009080153245 13.7704800825853 13.5616771257841 16.1258927858793 15.3819006406344 15.4995084175697 13.2066207298866 14.2188725104699 14.0130894734309 13.2786437548124 12.9178656798143 13.8366038249089 11.8343506592971 14.8968345201932 17.2833763269278 17.6047908342802 18.9470486274132 -9999 -9999 -9999 -9999 -9999 -9999 -9999 -9999 -9999 -9999 -9999 -9999 -9999 -9999 -9999 -9999 -9999 -9999 -9999 -9999 -9999 -9999 -9999 -9999
-9999 -9999 -9999 -9999 -9999 -9999 -9999 -9999 -9999 -9999 -9999 -9999 -9999 -9999 20.6894851097694 -9999 -9999 -9999 -9999 -9999 -9999 20.8686158106877 19.2129779228797 16.7074158741878 15.581488095797 15.8827763337355 14.4825082192054 12.5705481309157 12.4238171210656 13.8125546528743 13.8312183526846 13.610685641949 14.4707502218393 13.9474323712862 13.393500328064 16.1345364497258 17.7807535758385 17.3771500954261 20.2669846461369 -9999 -9999 -9999 -9999 -9999 -9999 -9999 -9999 -9999 -9999 -9999 -9999 -9999 -9999 -9999 -9999 -9999 -9999 -9999 -9999 -9999 -9999 -9999 -9999
-9999 -9999 -9999 -9999 -9999 -9999 -9999 -9999 -9999 -9999 -9999 -9999 -9999 -9999 -9999 -9999 -9999 -9999 -9999 -9999 -9999 -9999 20.6996060884916 19.3412314194899 17.0569105148315 16.2850970488328 14.3714316441463 12.4635510077843 13.5209524448101 13.8826513290405 13.8151779174805 14.2906698813805 14.044103549077 15.843470793504 16.3746734032264 18.5390737240131 20.425475193904 19.9699825873742 -9999 -9999 -9999 -9999 -9999 -9999 -9999 -9999 -9999 -9999 -9999 -9999 -9999 -9999 -9999 -9999 -9999 -9999 -9999 -9999 -9999 -9999 -9999 -9999 -9999
-9999 -9999 -9999 -9999 -9999 -9999 -9999 -9999 -9999 -9999 -9999 -9999 -9999 -9999 -9999 -9999 -9999 -9999 -9999 -9999 -9999 -9999 -9999 20.8651027679443 18.9807959336501 16.3477494166448 14.8908719282884 14.2987111164973 13.9588277523334 14.4784599450918 13.5858139624962 13.3711124566885 13.6084115688617 16.2985342465914 17.357007760268 18.5240090443538 19.6363149789663 19.8705794994648 -9999 -9999 -9999 -9999 -9999 -9999 -9999 -9999 -9999 -9999 -9999 -9999 -9999 -9999 -9999 -9999 -9999 -9999 -9999 -9999 -9999 -9999 -9999 -9999 -9999
-9999 -9999 -9999 -9999 -9999 -9999 -9999 -9999 -9999 -9999 -9999 -9999 -9999 -9999 -9999 -9999 -9999 -9999 -9999 -9999 -9999 -9999 -9999 21.0774641770583 20.2249317169189 18.1562026097224 16.8005737157968 14.8311652403611 15.2302213815542 15.181065265949 13.3449980662419 13.5296713755681 13.3516762073223 15.075139265794 18.6345536158635 18.8007161067082 19.0999939258282 19.654440513024 19.885229404156 -9999 -9999 -9999 -9999 -9999 -9999 -9999 -9999 -9999 -9999 -9999 -9999 -9999 -9999 -9999 -9999 -9999 -9999 -9999 -9999 -9999 -9999 -9999 -9999
-9999 -9999 -9999 -9999 -9999 -9999 -9999 -9999 -9999 -9999 -9999 -9999 -9999 -9999 -9999 -9999 -9999 -9999 -9999 -9999 -9999 -9999 -9999 -9999 17.9723531282865 19.633028617272 18.7259376232441 15.7251210579505 14.9867665217473 15.1720397655781 15.1944308647743 13.576925937946 13.8680594517634 14.4022394327017 17.9662307592539 18.2551866678091 18.3614176236666 19.0285590245174 19.649617268489 -9999 -9999 -9999 -9999 -9999 -9999 -9999 -9999 -9999 -9999 -9999 -9999 -9999 -9999 -9999 -9999 23.5786019838773 23.1442778660701 22.287449323214 22.7004365187425 23.0353995103102 -9999 -9999 -9999
-9999 -9999 -9999 -9999 -9999 -9999 -9999 -9999 -9999 -9999 -9999 -9999 -9999 -9999 -9999 -9999 -9999 -9999 -9999 -9999 -9999 -9999 -9999 21.163274031419 15.411550448491 15.947565812331 18.6167554855347 17.3143828465388 15.4758621362539 15.2336494005643 15.9786383555486 16.4409754092877 15.1625735209538 13.4215641755324 13.4518775939941 13.5313478616568 14.8120558078472 17.6910084944505 19.749654183021 21.1265577169565 -9999 -9999 -9999 -9999 -9999 -9999 -9999 -9999 -9999 -9999 -9999 -9999 -9999 24.1131536043607 23.7490064180814 23.4852607433613 23.4871735206017 22.4263889606182 22.7684145707351 23.227019236638 -9999 -9999 -9999
-9999 -9999 -9999 -9999 -9999 -9999 -9999 -9999 -9999 -9999 -9999 -9999 -9999 -9999 -9999 -9999 -9999 -9999 -9999 -9999 -9999 -9999 -9999 20.1624701573299 15.7009877424974 16.2985379145696 16.0526156792274 16.086668748122 15.4541254777175 15.7681750517625 16.9542173238901 15.9656226818378 14.6995835671058 13.2196253263033 12.3630041709313 12.8512110343346 11.9850866611187 13.1506483371441 17.3319204037006 19.6334970914401 -9999 -9999 -9999 -9999 -9999 -9999 -9999 -9999 -9999 -9999 -9999 -9999 -9999 24.5630459418664 23.1686681600717 22.7810286008395 23.1481795677772 23.1949998415433 23.3879759861873 -9999 -9999 -9999 -9999
