rasters/bioclim/bio09.asc
NCOLS 720 
NROWS 300 
XLLCORNER -180 
YLLCORNER -60 
CELLSIZE 0.5 
NODATA_value -9999 
[rows 224 to 251 of 300, columns 630 to 692 of 720]
22.5436410170335 21.6874666947585 22.3452541644757 22.3194732666016 21.8380476144644 21.1861494504488 22.3421504680927 21.8412298055796 21.7435384897085 21.1537229097806 21.3335362947904 22.4091780735896 23.7095134441669 24.4414107982929 21.7497548323411 23.1835060119629 23.6328127934383 23.198218859159 22.9905730027419 21.5220947265625 19.6241658284114 21.0424070358276 20.8287076216478 18.6146120658288 17.7058387903067 16.6795724722055 17.6714958777794 17.6664708944467 17.1412273553702 -9999 -9999 -9999 -9999 -9999 -9999 -9999 -9999 -9999 -9999 -9999 -9999 -9999 -9999 -9999 -9999 -9999 -9999 -9999 -9999 -9999 -9999 -9999 -9999 -9999 -9999 -9999 -9999 -9999 -9999 -9999 -9999 -9999 -9999
21.7821989059448 22.3003103549664 21.8455895643968 21.349219248845 21.5576799832858 20.3573150634766 20.6753808535062 21.2530124370868 21.8211521735558 21.9942132509672 21.6051406860352 21.7926917442909 21.5736999511719 21.480188369751 20.4661518977239 21.135944219736 20.9624050580538 21.9138828424307 21.2110781302819 19.9024531291081 20.1336922278771 20.7119705493634 20.5299887290368 18.3066730499268 17.6757210951585 16.9286052997296 17.2355188223032 17.3887494894174 16.9436763616709 17.8601498237023 18.2295362032377 19.0261868696946 -9999 -9999 -9999 -9999 -9999 -9999 -9999 -9999 -9999 -9999 -9999 -9999 -9999 -9999 -9999 -9999 -9999 -9999 -9999 -9999 -9999 -9999 -9999 -9999 -9999 -9999 -9999 -9999 -9999 -9999 -9999
21.4822169083815 21.7017151759221 21.5048511945284 21.3386834951547 20.6116674863375 20.5924572577843 20.7498496128963 21.7234824253963 21.8304569537823 22.6250961010273 22.9735704568716 22.8631530174842 22.7917195833646 21.7651886573205 21.1841393250685 20.8144773336557 19.1084885230431 17.8606451474703 17.6037343832163 17.5674314498901 17.9260749083299 19.2263864370493 19.0757212272057 18.332508967473 17.2049902402438 17.2252036608182 17.3518682626578 17.1771764021653 17.1252497893113 17.4222427514883 18.3349879338191 18.6188564300537 -9999 -9999 -9999 -9999 -9999 -9999 -9999 -9999 -9999 -9999 -9999 -9999 -9999 -9999 -9999 -9999 -9999 -9999 -9999 -9999 -9999 -9999 -9999 -9999 -9999 -9999 -9999 -9999 -9999 -9999 -9999
19.8521808477548 20.3575653663048 21.5593687204214 18.9194489992582 19.1006144010104 19.7464144780086 21.401992724492 20.3846152378963 22.5839853286743 22.7343766872699 22.3992555324848 23.8363316609309 23.1814779134897 22.3246682974008 19.6552177575918 20.5419931411743 20.1910308691171 19.7026742054866 19.0546830984262 17.8906095211322 17.2076467367319 17.3427758583656 17.4878435134888 17.3666074459369 17.8055293743427 17.6530362642728 17.6816901427049 17.5964692922739 17.2716721021212 17.3856405845055 17.8087863922119 17.8967981338501 18.9578778193547 -9999 -9999 -9999 -9999 -9999 -9999 -9999 -9999 -9999 -9999 -9999 -9999 -9999 -9999 -9999 -9999 -9999 -9999 -9999 -9999 -9999 -9999 -9999 -9999 -9999 -9999 -9999 -9999 -9999 -9999
18.3100950534527 19.649705520043 19.8816388203548 20.1057566129244 18.7476210960975 19.750145472013 21.9486936422495 23.9474856303288 23.0956999705388 22.8918473903949 22.7087004001324 23.3629319117619 23.2365350723267 22.8547526139479 20.7942763842069 20.6678476333618 20.1685926730816 19.2373063014104 19.1097861803495 18.8106606556819 17.0983054087712 16.4048145734347 16.6107492446899 16.5262754146869 18.0447388428908 18.2517432432908 17.9727674630972 16.2872136922983 17.7065732662494 17.6432748941275 17.5194719754733 18.0163114987887 18.8511334932767 18.9579698122465 -9999 -9999 -9999 -9999 -9999 -9999 -9999 -9999 -9999 -9999 -9999 -9999 -9999 -9999 -9999 -9999 -9999 -9999 -9999 -9999 -9999 -9999 -9999 -9999 -9999 -9999 -9999 -9999 -9999
18.9074317491972 19.4031719061045 20.4840161983783 20.0614395141602 20.4013538360596 21.1624186589168 21.3164639839759 22.1751386202299 22.9427302433894 22.9418496351976 22.8710919160109 23.8085528887235 23.1555109024048 22.1744970174936 21.155747120197 20.4964947333703 21.0039019217858 20.7342945979192 19.8233091647808 19.2407803168664 17.9467740425697 16.9218086829552 15.6791026775654 14.876815869258 15.0988578062791 15.7559560629038 15.8140197900625 16.1784104567308 15.939432144165 16.3638467055101 16.6680595691387 17.028051009545 16.8713215314425 18.0269805468046 18.4832600813646 -9999 19.9299574631911 -9999 -9999 -9999 -9999 -9999 -9999 -9999 -9999 -9999 -9999 -9999 -9999 -9999 -9999 -9999 -9999 -9999 -9999 -9999 -9999 -9999 -9999 -9999 -9999 -9999 -9999
18.5887628702017 18.6751900452834 18.9130943004902 18.2349995099581 20.4114514130812 20.4530417368962 21.287521142226 22.9122753143311 23.541602574862 24.450766490056 23.3689837088952 23.5426460412832 23.2482771506676 22.782185114347 21.8316248380221 21.0186178500836 20.8210600339449 20.0759624334482 20.3726007754986 19.5736181552594 18.0842495698195 17.0770785991962 14.9359631171593 14.7820434570312 14.3750734329224 13.9854918993436 14.6942121799176 15.5530063922589 15.6131966664241 15.6559881797204 16.1053843865028 16.5603334720318 16.9731616240281 17.4114430500911 17.5242498837985 19.0649760319636 19.5073573772724 -9999 -9999 -9999 -9999 -9999 -9999 -9999 -9999 -9999 -9999 -9999 -9999 -9999 -9999 -9999 -9999 -9999 -9999 -9999 -9999 -9999 -9999 -9999 -9999 -9999 -9999
17.2558717727661 17.9290288044856 18.588692518381 19.0077912257268 19.5939950942993 20.8442654242882 21.240300325247 22.5507526397705 24.5690834338848 24.7387341719407 24.6391149667593 24.2622819313636 23.1182292791513 22.8827042212853 20.4273881912231 20.3176654668955 20.8770478321956 20.5643188770001 19.111835039579 18.9133280240572 17.0173656757061 16.5051451462966 15.5520501503578 14.8429495004507 14.4641900429359 14.2878898473886 14.9668594507071 15.5065333293034 16.1844881497897 16.2427127544697 15.8274442232572 16.5089123799251 16.1663266695463 17.2218120281513 18.2516503700843 18.4554874713604 -9999 -9999 -9999 -9999 -9999 -9999 -9999 -9999 -9999 -9999 -9999 -9999 -9999 -9999 -9999 -9999 -9999 -9999 -9999 -9999 -9999 -9999 -9999 -9999 -9999 -9999 -9999
18.6824993720421 19.7840948104858 18.9291268128615 18.5438632965088 20.5575251946082 22.9245086083045 23.6179709801307 23.7580707256611 24.5310658674974 25.0582527747521 24.2556620377761 23.6385834033673 23.6651452871469 23.1099940079909 22.4253700696505 21.5242382929875 19.5457373399001 20.3087226427518 18.3574788753803 18.3109648044293 17.4890111776499 16.512701694782 15.1705251840445 15.8698464173537 15.0235680800218 14.9023407422579 14.6748316838191 14.5941165777353 15.5495148438674 15.3944479868962 15.1577664155226 14.6876593369704 14.7959220592792 15.4006038078895 17.3291817445021 17.0559824430026 -9999 -9999 -9999 -9999 -9999 -9999 -9999 -9999 -9999 -9999 -9999 -9999 -9999 -9999 -9999 -9999 -9999 -9999 -9999 -9999 -9999 -9999 -9999 -9999 -9999 -9999 -9999
19.1890369562002 22.0636747800387 20.8359190867497 21.3019834665152 23.2900705337524 23.6639118928176 24.5591753446139 23.7901794727032 23.7811850034274 24.0348651592548 23.9484764979436 23.6377500387338 23.6217460632324 22.7252542789166 23.5572961660532 22.821141242981 20.610089302063 19.4584093827468 18.8552549068744 18.6812314987183 17.8042448483981 17.9784100605891 17.3065373347356 16.4886718163124 16.3279660298274 16.3529287484976 14.3775496116051 13.9187006583581 15.1171336540809 14.9463254488431 14.2072861744807 14.3410005569458 14.2288389205933 14.2132531679594 15.9240483504075 16.1686910482553 -9999 -9999 -9999 -9999 -9999 -9999 -9999 -9999 -9999 -9999 -9999 -9999 -9999 -9999 -9999 -9999 -9999 -9999 -9999 -9999 -9999 -9999 -9999 -9999 -9999 -9999 -9999
21.5063265286959 22.5949238263644 22.1258417276236 22.1973202778743 21.3135101611798 22.4185167459341 22.991005384005 24.672607421875 24.4374173971323 22.4921522140503 22.5908554517306 23.526613675631 23.2562723893386 22.6634196501512 20.9600415596595 21.0964469909668 21.7519383063683 21.0031993572529 19.1643115557157 18.8519157262949 19.0830581371601 19.4668484467726 18.9168815612793 17.5883841881385 16.9881450946514 16.8666937167828 16.1820713189932 15.9721479415894 15.1484937667847 14.4580051715557 14.5367542413565 14.1725741166335 15.0502636249249 14.9154930114746 15.6465986691988 15.4183314396785 -9999 -9999 -9999 -9999 -9999 -9999 -9999 -9999 -9999 -9999 -9999 -9999 -9999 -9999 -9999 -9999 -9999 -9999 -9999 -9999 -9999 -9999 -9999 -9999 -9999 -9999 -9999
22.121188897353 22.9109323941744 21.9904564343966 22.1439692423894 22.5376409383921 22.0992254844079 21.9236806722788 23.5461485936091 23.1257069661067 23.3033742904663 21.5923428902259 21.4575375777024 21.685757783743 21.8400200330294 20.3287562590379 20.7725706834059 21.4707061327421 20.6342800580538 20.5093961128822 19.7428878637461 19.8616920617911 20.6140587146466 19.4435993341299 18.7396451509916 17.5133124865018 17.8594980973464 17.2202506432166 17.6466833261343 16.2038923410269 14.4789181489211 14.5365472206703 14.0766288317167 14.1991281509399 14.3983771250798 15.5554004082313 16.470902296213 16.9174552330604 -9999 -9999 -9999 -9999 -9999 -9999 -9999 -9999 -9999 -9999 -9999 -9999 -9999 -9999 -9999 -9999 -9999 -9999 -9999 -9999 -9999 -9999 -9999 -9999 -9999 -9999
21.6312860342172 22.314444908729 22.2092223534217 22.286470413208 22.6301047251775 22.9019083609948 21.6645702948937 22.8855332594651 21.5013927312998 21.3680663475624 20.4937156530527 20.0599377705501 20.2192369607779 19.9307114527776 21.4461772625263 21.5198348118709 21.7009691091684 21.6560564774733 21.6154340597299 20.022337106558 20.3851994734544 19.8136609150813 20.0360279083252 20.0356173148522 19.8094390722421 17.998081280635 17.3869414696327 17.8879888241108 17.3327795909001 16.9052125490629 15.3398671517005 13.9254282437838 13.7092861762414 15.0100340476403 15.1576038507315 15.8249468436608 15.6965560913086 -9999 -9999 -9999 -9999 -9999 -9999 -9999 -9999 -9999 -9999 -9999 -9999 -9999 -9999 -9999 -9999 -9999 -9999 -9999 -9999 -9999 -9999 -9999 -9999 -9999 -9999
21.9022674560547 21.9001963688777 22.1904541162344 22.6440755403959 22.572326366718 22.5902909498948 22.199422616225 22.4318897540753 22.6568812590379 20.6751904120812 20.5521010618943 19.5083419359647 20.3805946936974 20.8443156755888 20.8723087310791 21.1989421110887 21.3746820596548 21.2403276883639 21.2219239748441 21.4169781024639 20.7853444906381 21.0364967492911 21.0680544192974 21.2944071843074 20.3788576126099 20.2645951784574 18.9886079201332 18.7402964371901 17.0918781573956 16.8661742577186 17.5352964401245 16.6063288908738 15.94453393496 14.950844177833 14.692953476539 16.284511419443 16.338454246521 -9999 -9999 -9999 -9999 -9999 -9999 -9999 -9999 -9999 -9999 -9999 -9999 -9999 -9999 -9999 -9999 -9999 -9999 -9999 -9999 -9999 -9999 -9999 -9999 -9999 -9999
20.4677848815918 20.6243482002845 21.7386426192064 22.2289550487812 22.5419486852793 22.4138292165903 22.3141822081346 22.2324278171246 21.8489898534921 21.5542236474844 20.8780256418081 20.624994131235 20.2638783821693 21.6101595071646 20.1445666826688 20.11198755411 20.4245369984553 20.4942940932054 20.5500966585599 21.2189444028414 20.7312456277701 20.7092492030217 21.2027530670166 21.1257676344651 21.0601323201106 20.7390929735624 20.4872546562782 19.5167467410748 18.7884824459369 17.0341077217689 16.9867842747615 16.8047656279344 15.7599786611704 14.0366750863882 13.4448076394888 16.3453917870155 16.9015975365272 -9999 -9999 -9999 -9999 -9999 -9999 -9999 -9999 -9999 -9999 -9999 -9999 -9999 -9999 -9999 -9999 -9999 -9999 -9999 -9999 -9999 -9999 -9999 -9999 -9999 -9999
19.0527731822087 20.7557730307946 21.055705510653 21.4233680138221 21.6184673309326 21.6092343697181 21.7861408086923 22.0484378521259 22.1918042989878 22.0368462342482 20.799417422368 20.5378919014564 21.4960379233727 21.5555430192214 20.4558942501362 20.2879588053777 20.3401649181659 20.9394702911377 20.4721552041861 20.7260504502517 20.6505016913781 20.3209043649527 20.8515517895038 21.0390149630033 21.0275446818425 21.1050142141489 20.0833072662354 19.6262412438026 17.4302407778226 16.5628180870643 15.3296746474046 15.8964266410241 13.859196296105 12.9227000750028 12.4402021261362 15.7042620732234 16.3830916331365 -9999 -9999 -9999 -9999 -9999 -9999 -9999 -9999 -9999 -9999 -9999 -9999 -9999 -9999 -9999 -9999 -9999 -9999 -9999 -9999 -9999 -9999 -9999 -9999 -9999 -9999
19.6389399308425 20.3154302010169 21.0656904807458 22.7278453386747 20.8052312410795 21.3821293023916 21.7841508571918 21.8655405044556 21.7073855766883 21.5481193249042 21.2028485811674 21.3970025869516 20.7595646197979 21.4186397699209 21.4348963223971 21.4275149565477 21.3286586908194 21.5566106942984 21.3201229388897 20.2444251133845 20.175442475539 19.970485833975 20.3627436711238 20.3954391479492 20.7687253218431 20.8132205376258 20.1211407001202 19.208124600924 17.147139109098 15.9422990358793 14.9872688146738 13.5080592815693 13.2380960171039 12.9752214138324 12.2449951171875 14.5147902415349 -9999 -9999 -9999 -9999 -9999 -9999 -9999 -9999 -9999 -9999 -9999 -9999 -9999 -9999 -9999 -9999 -9999 -9999 -9999 -9999 -9999 -9999 -9999 -9999 -9999 -9999 -9999
20.0380105238694 21.5720771642832 22.7118489192082 20.6409804270818 20.6138094388522 20.817574427678 20.8107162622305 19.5117074526273 20.2626711038443 20.7647465192355 20.4785906718327 20.1120697901799 20.8715744018555 21.0131767713107 20.8526658278245 20.9416974141048 21.0785514391386 21.0876561678373 21.4243450164795 20.7064724702101 20.5783197696392 20.233830011808 19.817028265733 20.6963894183819 21.4964537253747 21.1578684586745 19.5036681982187 18.1897306442261 16.545412503756 15.6904895489032 14.5319219735953 13.8274644704965 13.7061196107131 13.2276173371535 13.6956454790556 14.956240433913 -9999 -9999 -9999 -9999 -9999 -9999 -9999 -9999 -9999 -9999 -9999 -9999 -9999 -9999 -9999 -9999 -9999 -9999 -9999 -9999 -9999 -9999 -9999 -9999 -9999 -9999 -9999
20.3188209533691 21.3329294644869 21.7012047400841 21.8094702500563 20.6107469705435 20.5172984783466 19.5726468012883 18.8410062789917 19.1170331514799 19.4094843497643 19.7937594927274 20.0216873609103 20.5762608601497 20.3619970908532 20.4448358829205 20.4493502836961 20.777207668011 20.8525846187885 20.8099814194899 20.9790344238281 20.8097138771644 20.1626762977013 19.7729724737314 20.2553320664626 20.8868543918316 20.7527608137864 20.2643802349384 17.8006076812744 15.9090995788574 14.9991662685688 15.7806838842539 15.3241321857159 13.9537275754488 11.811043886038 13.1241762454693 15.5869470009437 -9999 -9999 -9999 -9999 -9999 -9999 -9999 -9999 -9999 -9999 -9999 -9999 -9999 -9999 -9999 -9999 -9999 -9999 -9999 -9999 -9999 -9999 -9999 -9999 -9999 -9999 -9999
20.2890705695519 20.8695207742544 21.442386333759 20.933648622953 20.3377887285673 20.9591860404381 19.9438943862915 18.8595211322491 18.7928557762733 18.9392684056209 19.3922257790199 19.5966891508836 20.6959717090313 20.4986997751089 20.1508144231943 20.1864407612727 20.4489693274865 20.4956993689904 21.0356319134052 21.0574913024902 20.5888614654541 20.3875196897067 19.6890693077674 19.8302694467398 19.910044156588 20.0947308173546 19.5998899753277 17.6599969863892 16.2077895678007 15.2721868661734 15.4305130151602 15.7590860953698 13.8932867783767 13.658687371474 15.3063798317542 16.6340679021982 -9999 -9999 -9999 -9999 -9999 -9999 -9999 -9999 -9999 -9999 -9999 -9999 -9999 -9999 -9999 -9999 -9999 -9999 -9999 -9999 -9999 -9999 -9999 -9999 -9999 -9999 -9999
19.628604888916 20.2271125500019 20.7559629587027 20.3645373124343 20.3083993471586 20.2331485748291 19.5614731128399 18.6080595163199 18.379195360037 18.690159210792 18.9219045639038 19.5752782821655 20.1783376840445 20.3398770552415 20.1017619646513 20.1972571886503 19.9501682428213 19.8781969363873 20.3516521453857 19.8677337353046 20.1302843827468 19.7486312572773 19.4584921323336 19.2808473293598 19.3522066703209 19.3659933530367 18.6130331479586 17.710109930772 16.9479783131526 15.7918809744028 16.2127375235924 15.3247425372784 15.4748220443726 15.4624930161696 15.935822560237 -9999 -9999 -9999 -9999 -9999 -9999 -9999 -9999 -9999 -9999 -9999 -9999 -9999 -9999 -9999 -9999 -9999 -9999 -9999 -9999 -9999 -9999 -9999 -9999 -9999 -9999 -9999 -9999
19.0238273327167 19.6912620250995 20.0467674548809 20.1068581801194 20.6382176325871 21.0818606156569 19.1199422983023 18.3141034933237 17.9759899286123 17.9174140049861 18.8248168505155 18.4216350408701 18.6659464469323 20.6955391810491 20.4284820556641 20.557423224816 20.6682739257812 20.613128221952 20.161907342764 19.7121821183425 19.6528786879319 19.6662857349102 19.6233301896315 19.3809747695923 19.1520849374624 18.7718334931594 18.2083817261916 16.7193228648259 15.5891561508179 14.8312595073993 15.1550642160269 15.4931372862596 16.8884123288668 17.3602613302378 -9999 -9999 -9999 -9999 -9999 -9999 -9999 -9999 -9999 -9999 -9999 -9999 -9999 -9999 -9999 -9999 -9999 -9999 -9999 -9999 -9999 -9999 -9999 -9999 -9999 -9999 -9999 -9999 -9999
18.7737381274884 19.2916152660663 19.5349011054406 19.7339041783259 20.2108820401705 -9999 19.9373362614558 18.1727284651536 18.1432056427002 18.3949811641987 19.1732062559861 19.593516936669 19.4594538028424 20.1674676308265 20.8088952578031 20.7412150456355 20.9026025625376 20.4239836472731 20.2604502164401 19.9666056999793 19.5591005178598 19.9048071641188 19.9287270766038 19.9064895923321 19.2887671544002 18.8859540499174 17.8513793945312 15.2171922830435 14.0151810279259 13.6521865404569 13.3603228789109 15.2941314990704 16.5164802991427 -9999 -9999 -9999 -9999 -9999 -9999 -9999 -9999 -9999 -9999 -9999 -9999 -9999 -9999 -9999 -9999 -9999 -9999 -9999 -9999 -9999 -9999 -9999 -9999 -9999 -9999 -9999 -9999 -9999 -9999
18.9879091702975 18.968480183528 19.124809558575 19.8023382333609 -9999 20.5740286020132 20.0497110806979 18.5227033174955 19.1903422429011 19.2561017549955 19.0715057666485 19.3841505050659 19.346073444073 19.2834062576294 20.5627604264479 20.5343765845666 20.7711147895226 20.8088585780217 20.184169622568 20.1751192533053 19.8812897021954 20.0190450228178 19.6191501617432 19.5310664543739 19.2716526618371 19.0215973487267 16.9543023476234 15.50564964001 14.4145264992347 12.6801041089571 12.6061612642728 15.0535122064444 16.5487472094022 -9999 -9999 -9999 -9999 -9999 -9999 -9999 -9999 -9999 -9999 -9999 -9999 -9999 -9999 -9999 -9999 -9999 -9999 -9999 -9999 -9999 -9999 -9999 -9999 -9999 -9999 -9999 -9999 -9999 -9999
-9999 18.5657686086801 19.113483282236 -9999 -9999 19.753002166748 20.1797831608699 18.8984587742732 18.8219121786264 19.8143044985258 19.4673881530762 19.0019931793213 18.8965903795682 19.3107639459463 20.045654296875 20.4811237041767 20.8887833815355 20.9667961414044 20.4027052659255 20.0968931638278 19.7961882077731 19.7713948763334 19.7132114997277 19.2154479393592 18.9270202930157 18.7693971487192 17.3683626468365 15.4032194431011 14.5938433133639 13.4079606716449 12.5594920378465 14.5237483244676 -9999 -9999 -9999 -9999 -9999 -9999 -9999 -9999 -9999 -9999 -9999 -9999 -9999 -9999 -9999 -9999 -9999 -9999 -9999 -9999 -9999 -9999 -9999 -9999 -9999 -9999 -9999 -9999 -9999 -9999 -9999
-9999 18.9090284200815 -9999 -9999 -9999 19.993096278264 -9999 19.2551896021916 18.6036699735201 19.3531626187838 19.47765819843 19.2899343050443 19.4401629521297 19.6637322352483 19.922663468581 20.1422597444974 20.4538292518029 20.7353856013371 20.4924477797288 20.3554643484262 19.8710592710055 19.870965224046 19.4341011047363 19.6000647911659 18.6299583728497 17.7614800379826 17.2899659963755 16.7382281376765 15.4803485136766 14.5382936184223 13.6884261644804 14.5094558275663 -9999 -9999 -9999 -9999 -9999 -9999 -9999 -9999 -9999 -9999 -9999 -9999 -9999 -9999 -9999 -9999 -9999 -9999 -9999 -9999 -9999 -9999 -9999 -9999 -9999 -9999 -9999 -9999 -9999 -9999 -9999
-9999 -9999 -9999 -9999 -9999 -9999 -9999 18.017878312331 18.6819083874042 18.7819061279297 18.8977490938627 18.9996992257925 19.5381691272442 19.3810185652513 19.5100398430457 19.7324010408842 19.9066603733943 20.1518849592942 20.0165484501765 20.0939438159649 19.768975184514 19.5180439582238 20.1269600207989 19.1696954873892 18.4630327958327 17.3929444826566 16.1524703686054 14.7688864928025 14.9319911369911 13.9666592524602 13.1755525882428 -9999 -9999 -9999 -9999 -9999 -9999 -9999 -9999 -9999 -9999 -9999 -9999 -9999 -9999 -9999 -9999 -9999 -9999 -9999 -9999 -9999 -9999 -9999 -9999 -9999 -9999 -9999 -9999 -9999 -9999 -9999 -9999
-9999 -9999 -9999 18.2257756453294 18.2160031245305 18.4026709336501 -9999 -9999 -9999 17.9866759960468 18.3710240584153 18.6259400294377 18.8275519150954 18.8921037820669 19.1853715456449 19.2419470273531 19.4050577603854 19.6894509242131 19.5226271702693 19.6536900446965 19.4297334230863 19.341951076801 19.4697198134202 19.0164078932542 17.5030051744901 15.9455850307758 13.1600690254798 10.394603729248 12.9096729572003 12.3538985619178 -9999 -9999 -9999 -9999 -9999 -9999 -9999 -9999 -9999 -9999 -9999 -9999 -9999 -9999 -9999 -9999 -9999 -9999 -9999 -9999 -9999 -9999 -9999 -9999 -9999 -9999 -9999 -9999 -9999 -9999 -9999 -9999 -9999
