rasters/bioclim/bio08.asc
NCOLS 720 
NROWS 300 
XLLCORNER -180 
YLLCORNER -60 
CELLSIZE 0.5 
NODATA_value -9999 
[rows 28 to 55 of 300, columns 63 to 125 of 720]
-9999 -9999 -9999 -9999 -9999 -9999 -9999 -9999 -9999 -9999 -9999 -9999 -9999 -9999 -9999 -9999 -9999 -9999 -9999 -9999 -9999 -9999 -9999 -9999 -9999 -9999 -9999 -9999 -9999 -9999 -9999 -9999 -9999 -9999 -9999 -9999 -9999 -9999 -9999 -9999 -9999 -9999 -9999 -9999 -9999 -9999 -9999 -9999 -9999 -9999 -9999 -9999 -9999 -9999 -9999 -9999 -9999 -9999 -9999 -2.8302094328862 -2.42946449323342 -9999 -9999
-9999 -9999 -9999 -9999 -9999 -9999 -9999 -9999 -9999 -9999 -9999 -9999 -9999 -9999 -9999 -9999 -9999 -9999 -9999 -9999 -9999 -9999 -9999 -9999 -9999 -9999 -9999 -9999 -9999 -9999 -9999 -9999 -9999 -9999 -9999 -9999 -9999 -9999 -9999 -9999 -9999 -9999 -9999 -9999 -9999 -9999 -9999 -9999 -9999 -9999 -9999 -9999 -9999 -9999 -9999 -9999 -9999 -9999 -9999 -9999 -9999 -9999 -1.56951703016575
-9999 -9999 -9999 -9999 -9999 -9999 -9999 -9999 -9999 -9999 -9999 -9999 -9999 -9999 -9999 -9999 -9999 -9999 -9999 -9999 -9999 -9999 -9999 -9999 -9999 -9999 -9999 -9999 -9999 -9999 -9999 -9999 -9999 -9999 -9999 -9999 -9999 -9999 -9999 -9999 -9999 -9999 -9999 -9999 -9999 -9999 -9999 -9999 -9999 -9999 -9999 -9999 -9999 -9999 -9999 -9999 -9999 -9999 -9999 -9999 -9999 -9999 -9999
-9999 -9999 -9999 -9999 -9999 -9999 -9999 -9999 -9999 -9999 -9999 -9999 -9999 -9999 -9999 -9999 -9999 -9999 -9999 -9999 -9999 -9999 -9999 -9999 -9999 -9999 -9999 -9999 -9999 -9999 -9999 -9999 -9999 -9999 -9999 -9999 -9999 -9999 -9999 -9999 -9999 -9999 -9999 -9999 -9999 -9999 -9999 -9999 -0.264314050857837 -0.20336925983429 0.586187023382921 0.757587180687831 0.627620628246894 1.4079585992373 1.33542221498031 1.3808501798373 1.49453255075675 -9999 -9999 -9999 1.24799704551697 1.74093745763485 -9999
-9999 -9999 -9999 -9999 -9999 -9999 -9999 -9999 -9999 -9999 -9999 -9999 -9999 -9999 -9999 -9999 -9999 -9999 -9999 -9999 -9999 -9999 -9999 -9999 -9999 -9999 -9999 -9999 -9999 -9999 -9999 -9999 -9999 -9999 -9999 -9999 -9999 -9999 -9999 -9999 -9999 -9999 -9999 -9999 -9999 -9999 -9999 -9999 -9999 0.342828571796417 1.06450490309642 1.88227981787461 1.69272554149994 1.56121340967142 1.37725523572702 1.15920022760446 1.26832069313297 1.15926443613493 2.10464608669281 2.13245557821714 2.21708547152006 1.41317368012208 1.45389926204315
-9999 -9999 -9999 -9999 -9999 -9999 -9999 -9999 -9999 -9999 -9999 -9999 -9999 -9999 -9999 -9999 -9999 -9999 -9999 -9999 -9999 -9999 -9999 -9999 -9999 -9999 -9999 -9999 -9999 -9999 -9999 -9999 -9999 -9999 -9999 -9999 -9999 -9999 -9999 -9999 -9999 -9999 -9999 -9999 -9999 -9999 -9999 -9999 0.283013875667865 0.798036584487328 1.509452856504 2.37490473802273 2.11792046748675 1.90033058936779 1.73209536534089 1.61397193028377 1.71590344263957 1.95598282263829 2.41241030509655 2.66584510986622 2.63129254487845 2.14695798433744 2.19414243331322
-9999 -9999 -9999 -9999 -9999 -9999 -9999 -9999 -9999 -9999 -9999 -9999 -9999 -9999 -9999 -9999 -9999 -9999 -9999 -9999 -9999 -9999 -9999 -9999 -9999 -9999 -9999 -9999 -9999 -9999 -9999 -9999 -9999 -9999 -9999 -9999 -9999 -9999 -9999 -9999 -9999 -9999 -9999 -9999 -9999 -9999 -9999 0.033766508102417 0.248403640893789 2.37380520197061 2.07971661824446 2.13155536468212 1.97226832921688 1.76105978167974 1.97422961317576 1.97760993700761 2.03988495698342 2.44647359848022 2.94967302909264 2.80091091302725 -9999 -9999 2.49405888410715
-9999 -9999 -9999 -9999 -9999 -9999 -9999 -9999 -9999 -9999 -9999 -9999 -9999 -9999 -9999 -9999 -9999 -9999 -9999 -9999 -9999 -9999 -9999 -9999 -9999 -9999 -9999 -9999 -9999 -9999 -9999 -9999 -9999 -9999 -9999 -9999 -9999 -9999 -9999 -9999 -9999 -9999 -9999 -9999 -9999 -9999 0.342987243945782 0.0935851427224966 1.6748920587393 2.46375963321099 2.6913332755749 2.37489012571482 2.30806483672215 2.19833625738437 2.38742363911409 2.34870576400023 2.6678617642476 2.58384764194489 -9999 -9999 -9999 2.88720559156858 2.65774549887731
-9999 -9999 -9999 -9999 -9999 -9999 -9999 -9999 -9999 -9999 -9999 -9999 -9999 -9999 -9999 -9999 -9999 -9999 -9999 -9999 -9999 -9999 -9999 -9999 -9999 -9999 -9999 -9999 -9999 -9999 -9999 -9999 -9999 -9999 -9999 -9999 -9999 -9999 -9999 -9999 -9999 -9999 -9999 -9999 -9999 -9999 -9999 -9999 2.21257622425373 2.85076183539171 2.32423530175136 2.14443516731262 1.75933117591418 2.38935141380017 1.75225803485283 1.38408890137306 -9999 -9999 -9999 2.8480595441965 2.87879142394433 3.08976984024048 3.1062108369974
-9999 -9999 -9999 -9999 -9999 -9999 -9999 -9999 -9999 -9999 -9999 -9999 -9999 -9999 -9999 -9999 -9999 -9999 -9999 -9999 -9999 -9999 -9999 -9999 -9999 -9999 -9999 -9999 -9999 -9999 -9999 -9999 -9999 -9999 -9999 -9999 -9999 -9999 -9999 -9999 -9999 -9999 -9999 -9999 -9999 -9999 -9999 -9999 -9999 -9999 3.24479051736685 2.86596307387719 3.12682144458477 -9999 -9999 -9999 -9999 -9999 -9999 -9999 -9999 -9999 -9999
-9999 -9999 -9999 -9999 -9999 -9999 -9999 -9999 -9999 -9999 -9999 -9999 -9999 -9999 -9999 -9999 -9999 -9999 -9999 -9999 -9999 -9999 -9999 -9999 -9999 -9999 -9999 -9999 -9999 -9999 -9999 -9999 -9999 -9999 -9999 -9999 -9999 -9999 -9999 -9999 -9999 -9999 -9999 -9999 -9999 -9999 -9999 -9999 -9999 -9999 -9999 -9999 -9999 -9999 -9999 -9999 -9999 -9999 -9999 -9999 -9999 3.92266603616568 4.00678689663227
10.3536257743835 10.1714618389423 -9999 -9999 -9999 -9999 -9999 -9999 -9999 -9999 -9999 -9999 -9999 -9999 -9999 -9999 -9999 -9999 -9999 -9999 -9999 -9999 -9999 -9999 -9999 -9999 -9999 -9999 -9999 -9999 -9999 -9999 -9999 -9999 -9999 -9999 -9999 -9999 -9999 -9999 -9999 5.76289996160911 5.70281144861992 -9999 -9999 -9999 -9999 -9999 -9999 -9999 -9999 -9999 -9999 -9999 -9999 -9999 -9999 -9999 -9999 -9999 -9999 -9999 -9999
10.0881341787485 9.86822062272292 9.44097291506254 9.27015528312096 8.80486829464252 8.12856879601112 7.53456827310415 7.55310990260198 8.1616017635052 8.22174842541034 7.95242892778837 7.86016310178317 7.45342137263371 7.13924176876362 -9999 -9999 -9999 -9999 -9999 -9999 -9999 -9999 -9999 -9999 -9999 -9999 -9999 -9999 -9999 -9999 -9999 -9999 -9999 8.07422542572021 8.07749231045063 7.9907400057866 7.91858882170457 6.34846885387714 6.52150088090163 6.08041359828069 4.87068504553575 4.12954726585975 4.76256533769461 6.35512318977943 -9999 -9999 5.33905089445985 4.44452891441492 -9999 -9999 -9999 5.71863988729624 5.54884287027212 5.38637623420128 -9999 -9999 -9999 -9999 -9999 -9999 -9999 -9999 -9999
9.22017130484948 7.96452258183406 6.53480973610511 5.92035267903255 5.6937894821167 5.08859318953294 2.72882136931786 4.1296708217034 3.1737772501432 1.50544480177072 2.30216871775114 0.766970542760996 0.17545406634991 2.37029337424498 2.29961842757005 2.91184482207665 3.33161253195543 4.67777218268468 6.21641908471401 7.6803820500007 -9999 -9999 -9999 -9999 -9999 10.1524937336261 8.69754666548509 7.63030638603064 8.21719336509705 8.45427975287804 8.09174220378582 7.43959034406222 7.93344695751484 7.83331272235283 8.31945239580595 8.22652981831477 8.11683482390184 5.26251198695256 5.23391056060791 4.44242979929997 4.83644518485436 3.88077361767109 4.12256503105164 5.93446171742219 5.81774467229843 5.90549223239605 6.25047005139864 6.2563324708205 6.33578982720008 6.40514381115253 6.20313156568087 5.86082964677077 5.23793668013353 4.37182413614713 4.44513203547551 5.25159806471605 5.48207825880784 5.36528778076172 5.2489965741451 -9999 -9999 -9999 -9999
7.76953330406776 5.43789361073421 4.23395773080679 4.18878692847032 4.42267553622906 2.91119254552401 3.97571279452397 4.63718971839318 3.77342888025137 3.80864823781527 4.06731409292955 3.7954245530642 3.70627617835999 3.26167472509237 3.92115102364467 3.73547137012848 3.74795545752232 5.19231341435359 5.05252806269206 6.7761764893165 8.21447818095868 9.5174193749061 10.3109217056861 10.7664920733525 9.76712587705025 8.95896602593935 8.12565852128542 8.23946983997638 8.44698904110835 8.39651054602403 8.19975708081172 8.08934050339919 7.93441979701702 8.1834219785837 8.10081591972938 8.04673227897057 8.23112473121056 7.89544486999512 7.54367883388813 7.84407817400419 7.51511647151067 7.51980689855722 7.01134703709529 6.87282850192143 6.45516512944148 6.39634379973778 6.74969790532039 6.3715175481943 5.96699001238896 5.97143683066735 5.99957475295434 6.41034210645236 6.34033034398006 6.27099220569317 6.31242796090933 6.25209111433763 6.24010199766893 5.89763190196111 5.36558044873751 5.45082114293025 5.51811379652757 4.57841550386869 3.54256167778602
4.81863997532771 5.79595793210543 5.83192025698148 5.63025584587684 5.50487133172842 6.12440476050744 5.95308219469511 5.69776069200956 5.83961534500122 5.79604981495784 5.96867425625141 5.93897368357732 5.98719039330116 5.98515803997333 5.95701687152569 5.78047169171847 6.14541006088257 7.2153803385221 7.33569152538593 7.1062216758728 6.80460790487436 6.15811760608967 6.22862080427316 6.98449123822726 7.7788642002986 8.89841182415302 8.35824315364544 8.62866881260505 8.37372429554279 9.09479688681089 9.49463495841393 8.65797393138592 9.35035261741051 8.9160974575923 8.6955834535452 8.79902054713323 8.37155682307023 8.36763795522543 8.75763772084163 8.17156007198187 8.47904562950134 8.55430129858164 8.15725612640381 8.01759320039016 7.8085734294011 7.34806574307955 7.16840230501615 6.68848984058087 6.22802321727459 6.43931031227112 6.49108468569242 6.59999080804678 6.84367620027982 6.76232150884775 6.81590491074782 6.75966442548312 6.84888865397527 6.06345587510329 4.90198161051824 4.16168018487784 4.19737896552453 5.39833079851591 -9999
7.40544179769663 8.091744019435 7.65884568141057 8.22412377137404 8.82460634525006 8.53042378792396 8.27179076121404 7.89502888459426 8.05940356621375 7.04616671342116 7.30983660771297 7.68997562848605 7.1752278988178 6.41533935987032 5.94958591461182 6.592398753533 7.05213077251728 7.91888574453501 8.2066906782297 8.17790361551138 7.61197908108051 7.49249883798453 6.35876798629761 6.37624091368455 6.48101300459642 8.84235360072209 9.18234689419086 9.59345440681164 9.59104043703813 9.20739474663368 10.1144568553338 10.3533832109891 10.2780604729286 10.5698909025926 10.4959047757662 10.3965070431049 10.1223269609305 9.46690436509939 9.61552438369164 10.1090686871455 9.6380567917457 9.50033455628615 9.29553545438326 8.75858075802143 8.59817369167621 8.04592143572294 7.42294150132399 7.07215063388531 6.87214730336116 6.85025651638324 6.88878151086661 6.98559524462773 6.90439108701853 6.15445173703707 5.06920253313505 5.11760935416588 4.99927469400259 5.35083341598511 4.59025632418119 4.41547671648172 4.43807206704066 3.93833248431866 -9999
8.27361165560209 9.06105914482704 9.31110198681171 9.65223095967219 9.88307450367854 10.132917037377 10.0798471890963 9.92616304984459 10.100376019111 9.54948696723351 8.99520191779503 8.39829521912795 8.27258443832397 8.3495060480558 7.7632553760822 7.54672505305364 7.73080334296593 7.34219389695388 7.47580253160917 7.5800601885869 7.98447311841525 9.15972489577073 9.25747060775757 8.73072778261625 7.15737878359281 9.4773294375493 10.2917461120165 8.23640899474804 10.0536760917077 9.33034762969384 10.6673011229588 11.0910174296452 11.6347684860229 11.2553820243249 11.1413956422072 11.0329199570876 11.113032414363 10.6843277124258 10.7954233609713 10.7578607705923 10.5343626462496 10.8905250842755 10.506139095013 9.54222620450533 9.39099429203914 8.6180806526771 8.27572943614079 8.1539543225215 7.40913690511997 7.29593981229342 7.42058247786302 7.87817221421462 7.44903872563289 5.92909453465388 6.26026637737568 6.2826838860145 6.2253354879526 5.89938768973717 5.46340942382812 5.19289550414452 5.17503683383648 4.22236020748432 -9999
9.91401034135085 10.9317395870502 11.5188694000244 11.7898320418138 11.8660297393799 11.8946555944589 11.7969931088961 11.4870252609253 11.3699645262498 10.9608797660241 10.3317428001991 9.65120256864108 9.20265128062322 8.44770669937134 7.79781194833609 6.97909806324885 6.64194319798396 7.1368136039147 6.89420978839581 7.00133668459379 8.32250507061298 9.7731598340548 10.1610774260301 9.63339079343356 8.66902743853056 8.65957476542546 10.9286816670344 10.9250438396747 9.75411165677584 9.9451582798591 11.5870781495021 12.1598617113554 12.366000688993 11.9373133732722 11.8791146645179 12.0349112290602 12.0093772594745 12.0257608707135 11.8676178271954 11.9218535790077 11.9954765759982 11.7634080740122 11.2958799508902 10.9209472216093 10.3695584810697 9.6345721758329 8.73578720826369 7.84148583045373 7.01817376797016 6.94964856367845 7.39317849966196 7.41538029450637 8.71155753502479 7.38261582301213 8.00743898061606 9.55293421561901 11.1561530003181 7.6130773470952 7.92142224311829 6.88970776704642 4.6972894851978 5.26817184228164 -9999
11.1214969341572 11.6361856460571 12.6001143088708 12.6231412153978 12.5762133965125 12.6276842264029 12.3636936774621 11.9696094072782 11.8237604728112 11.6027152721698 11.1403524692242 10.2930033757136 9.64531850814819 9.16913061875563 8.54041972527137 6.95535102257362 6.39008059868446 5.94546141991249 6.72215274664072 7.51903834709754 9.05829697388869 10.1473510081951 10.2390461334815 10.0627572719867 9.65568505800687 9.01768611027644 10.0218525299659 10.8535847297082 11.760638823876 12.1711216706496 11.9935056246244 12.2682065230149 12.2436185249915 11.9588638452383 11.9122792757474 12.2275719275841 12.2518816727858 12.5202243511493 12.1882832050323 13.1436953177819 12.9418315153856 12.5480807377742 12.1021146774292 11.8924231896034 11.0096816283006 8.85036574877225 8.70964068632859 8.83441576590905 6.8046476657574 6.95546164879432 7.46276418979351 7.28114069425143 8.09865324313824 9.7567097223722 10.9535062679878 10.9435904943026 12.9652128769801 12.4311748101161 8.80627157137944 7.69978693815378 7.69460109563974 4.92995716975285 -9999
11.8095465440017 11.4349060792189 11.1417060265174 11.1661598499005 11.8736549524161 11.1774477591881 11.4364344523503 11.6632173978365 11.9123616585365 11.2654722653902 10.5209056414091 9.51190258906438 9.08494927332952 8.90794416574331 8.70947533387404 7.41550137446477 6.86881457842313 6.64954247841468 7.15352051074688 7.61262941360474 9.5037474999061 8.93599891662598 9.29058280357948 10.2985201248756 10.2957441623394 10.43804198045 11.2582899240347 11.4791822433472 11.0944093557505 11.1630338522104 11.4476256737342 11.02630175077 10.6233064211332 10.9024582642775 11.1681709289551 11.1702150931725 11.955600811885 12.4251540990976 11.5332724864666 12.1589234058674 12.0255091006939 13.2490980441754 12.270170211792 11.5365738501916 9.54685262533335 9.36642401035015 9.6129826765794 7.37075365506686 7.43496034695552 7.59374697391803 7.65397618367122 7.31352204542894 7.06791389905489 11.5531294345856 13.0749077430138 12.2130111914415 13.0235914817223 10.6187489216144 10.6842601482685 9.18359013704153 7.56169542899499 4.47833776473999 -9999
12.05818433028 11.9789234308096 11.797384262085 11.1377712396475 10.7046344463642 10.8052514149592 10.4260547344501 9.98795942159799 10.3050146102905 9.92337681696965 9.64249192751371 10.0538955835196 9.95506117894099 9.207671385545 8.91355367807242 8.05696032597468 7.25743062679584 7.60614681243896 8.09438312970675 8.30626905881442 8.49739566216102 8.5514828975384 8.60566707757803 8.69900171573346 9.13507215793316 9.6594532086299 10.4923419218797 10.2381041600154 9.63309038602389 9.00430921407846 8.86936704929058 8.19330956385686 8.47006962849544 9.04112236316388 9.38337127978985 8.48385205635658 8.95814198714036 10.1427666590764 10.6094033901508 11.4271248303927 11.3317970862755 11.6546670473539 12.5461629537436 10.7273673277635 10.2710856474363 10.4151285611666 7.85252360197214 6.43542374097384 8.1335810147799 7.28783405744112 6.98001447090736 7.34683066148024 7.85701568310077 8.20112162369948 8.97179966706496 7.66576965038593 8.19276241155771 7.18532951061542 6.2145927135761 6.23048221147977 6.11459024135883 5.80647120108971 -9999
12.7790893407968 13.2566884847788 13.4682700083806 12.4274565623357 11.3749893628634 11.1462238751925 10.3622715289776 9.64356180337759 8.98693187420185 8.14356697522677 8.1859690959637 7.41789872829731 7.48816578204815 8.19785110767071 9.24405083289513 9.59643070514386 7.62023973464966 7.29018974304199 6.98331132301917 7.854065821721 8.03655895820031 7.3827764070951 8.02716577970065 7.78138248737042 7.73203648053683 7.16689795714158 7.20849099526039 7.39199080834022 7.19030475616455 6.68548246530386 7.07665414076585 6.97832012176514 6.45789216114925 6.96386550023006 7.29038366904626 6.66819069935725 6.63059880183293 7.40945177811843 7.26554305736835 7.23071542152992 7.44606032738319 8.024894457597 9.15701682750995 11.1466295535748 9.94536465864915 9.98325045292194 10.3653099170098 10.2401958979093 8.7010498046875 8.0599751839271 7.13898493693425 7.25172127210177 7.51331930894118 7.80895332189707 7.80849111997164 7.42360555208646 5.95037687741793 5.05607403241671 5.20527527882503 4.72481815631573 5.03638850725614 5.79899461452778 -9999
11.5320130861723 11.4777763073261 12.1480477406428 12.8486378009503 12.7936785771297 12.7480063071618 -9999 -9999 -9999 -9999 8.71984503819392 8.80107329441951 7.83048978218666 8.98249963613657 8.97618961334229 8.9987729879526 9.69766807556152 8.5823939029987 9.37016626504751 9.04152936201829 8.57379165062538 8.16452283125657 8.16721487045288 8.30426087746253 8.78201778118427 8.8512377005357 9.22668893520649 8.42711705427903 8.6580560023968 7.92541364523081 7.82414766458365 8.29715490341187 7.48376021018395 7.8113049360422 7.76999136117789 7.23018077703623 6.95101591256949 8.12732898272001 7.82547341860258 7.88217320808998 7.70681040103619 8.23177000192496 8.72101266567524 10.1911452366756 8.35207962989807 8.97195902237525 9.20300038044269 9.69714936843285 11.1721036892671 10.9710947733659 7.08698430428138 7.53488137171819 7.82219263223501 8.15597684566791 8.05072916471041 5.95302948584923 5.40465563994188 4.84867464579069 4.57185906630296 3.7838631776663 4.28747089092548 5.03590288529029 -9999
8.97444361906785 7.06043291091919 6.63292543704693 7.48160380583543 9.2428098825308 11.8256079600408 -9999 -9999 -9999 -9999 10.4468046335074 10.6249149762667 10.1891671694242 9.80985722175011 9.07861768282377 9.20747852325439 9.23583360818716 9.82962556985708 10.4223695901724 11.1888338969304 11.3378255550678 11.5898516728328 10.957660821768 10.7679602549626 11.2959359242366 11.6926099337064 10.9925723442665 10.9371819129357 10.9447758747981 11.0062035780687 10.9887105501615 9.16732413952167 9.12468730486356 8.722991503202 8.43663938228901 8.49315654314481 8.49276300577017 8.14144633366511 8.00449129251333 7.55863659198468 8.46027950140146 8.53337911459116 8.08397832283607 8.73578651134784 10.2133312958937 8.78874889703897 9.97285864903377 10.5915493965149 11.0043661594391 9.86275592217079 9.61999011039734 7.78438344368568 7.43845382103553 7.28061437606812 7.40401367040781 7.48474014722384 6.84518740727351 4.69006377000075 4.22776478987474 4.16320114869338 5.38951675708477 5.81943313892071 -9999
9.2302910731389 9.35268193024855 8.7717987207266 7.73662545130803 7.84133133521447 9.43013161879319 -9999 -9999 -9999 -9999 9.93873112018292 10.563303067134 10.8549520785992 10.6938673166128 10.1655745139489 9.74048944619986 9.98106919802152 10.1960080953745 11.1432164265559 11.273262317364 11.7121641452496 11.6203176058256 11.9082923302284 11.6969044758723 11.7491292953491 11.2573950107281 10.9065890678993 10.8148778768686 11.4509192980253 9.99852121793307 9.7515450991117 9.50712908231295 9.33408399728628 8.7101688018212 8.26933967150175 8.61426558861366 8.4626046694242 8.09460988411537 8.60234337586623 8.26283964743981 7.67360580884493 7.08795628180871 7.55755666586069 9.09360639865582 9.86463077251728 10.229660987854 10.2124615999369 9.53234947644747 10.143302495663 11.1934824906863 9.78317836614755 7.60337426112248 7.92708099805392 5.14835735467764 5.83614059594961 7.67692877696111 7.06793898802537 7.00534127308772 7.68899167501009 5.38727274307838 6.19377674506261 4.89036156580998 -9999
8.61387428870568 8.64720711341271 9.67272487053504 10.0801170789278 10.0710920187143 10.6682178057157 -9999 -9999 -9999 -9999 9.54605649067805 10.5262104914739 13.2731514710646 13.4855802242572 13.9829929791964 13.2575503129226 10.8877454170814 10.2766122084398 10.5919460149912 10.0263247856727 9.76733743227445 11.4993582505446 11.983738385714 11.8445655382597 12.3335634378287 12.8980237520658 12.3710743097159 11.8813398067768 10.687372647799 9.98335082714374 10.4231226260845 10.4520601125864 9.69118998600886 9.59407366239108 9.97508470828717 8.96788002894475 8.8593728358929 8.00907476131733 8.17892133272611 7.76781823084905 7.44026096050556 6.95975197278536 6.49927513415997 7.54093896425687 7.14339894514817 8.28888445634108 8.61992256457989 10.8961844811073 9.32283036525433 10.1247453689575 7.67610792013315 7.64303647554838 6.86051830878625 6.01095980864305 5.99870568055373 6.18506912084726 4.91436708890475 5.29093166498038 5.72725363878103 5.79527423932002 6.53545968807661 6.34007868399987 -9999
-9999 -9999 -9999 -9999 -9999 -9999 10.7241706114549 -9999 -9999 -9999 -9999 -9999 -9999 -9999 -9999 -9999 -9999 -9999 -9999 -9999 10.43262892503 10.3754471265353 10.095969420213 11.088168657743 12.3063304607685 12.4815426606398 12.0441717001108 12.1100446260892 10.5587676121638 10.2531942220835 9.86261177062988 10.9773411383996 10.331537099985 10.4501943588257 10.6847534913283 10.3118410110474 9.57538795471191 9.22412630227896 7.29128591830914 8.08431643706102 7.32320330693172 7.56318466479962 7.75453153023353 7.07804357088529 7.21712622275719 7.88367084356455 8.91487121582031 9.66020796849177 10.0077238816481 6.29060748907236 9.03782358536353 10.0266416623042 7.61750918168288 6.48382729750413 7.1855385853694 6.4639975474431 4.97778243284959 4.03303161034217 4.75253013464121 4.05632908527668 5.68623381394606 6.57031987263606 7.39085445037255
