rasters/bioclim/bio06.asc
NCOLS 720 
NROWS 300 
XLLCORNER -180 
YLLCORNER -60 
CELLSIZE 0.5 
NODATA_value -9999 
[rows 112 to 139 of 300, columns 126 to 188 of 720]
-3.04099634977487 0.344746355827038 -0.175000467552589 0.111211192865784 0.681858933315827 0.0144890565783359 -0.954236532633121 -2.36361004756047 -2.0005875825882 -0.907294438722042 -1.76035160284776 -3.9069567827078 -6.20153141021729 -6.90224174352793 -9.82447763589712 -13.1079528515156 -12.5755754617544 -12.0385471490713 -11.6224128282987 -10.2039769979624 -8.61567776019757 -8.41163107065054 -9.78348445892334 -9.84215274223915 -7.56860340558566 -6.93077780650212 -7.41761244260348 -7.19408893585205 -6.77771678337684 -6.64907987301166 -6.36070691622221 -6.18590131172767 -5.51665990169232 -5.48339476952186 -4.89576589144193 -4.42717025830196 -3.82834588564359 -3.47708319700681 -3.32625742142017 -3.08561826669253 -3.00768257104433 -3.03926938313704 -3.07397257364713 -2.87305264289563 -2.5165657722033 -2.22355332282873 -1.85655075197036 -1.5922619465452 -1.679756858207 -1.96920473300494 -2.22915173952396 -2.12839882878157 -2.09582714392589 -2.12519785074087 -2.55416995745439 -2.2724922987131 -1.65589898366195 -1.43096655607224 -1.35491475119041 -1.19128069396202 -0.976769489451097 -1.16805103707772 -1.77118239952968
-1.21711468008848 0.274055020167277 2.05426014157442 1.18406423467856 1.06821140761559 0.461946622683452 0.478510239949593 -0.0108139997778031 -1.39246526245887 -0.325499382156592 0.373594859471688 -1.3119949904772 -4.75715088844299 -5.07107006586515 -8.02182124211238 -10.0114352886493 -11.2889350744394 -11.7055381628183 -10.981238585252 -8.38372149834266 -8.21019605489878 -6.43255384151752 -10.4598831763634 -9.05443180524386 -6.71541511095487 -6.48273776127742 -6.82973542580238 -6.37463034116305 -5.88220610985389 -5.90191210233248 -5.43787064919105 -4.83823706553533 -4.69704354726351 -4.48862721369817 -3.62010225882897 -3.25289760186122 -3.11222069080059 -3.23612635869246 -2.73937781040485 -2.00515611813619 -1.92474641478979 -2.56363983796193 -2.53940248947877 -2.06849525066522 -1.82019814161154 -1.56925643407381 -1.22146068628018 -1.19068739505915 -1.27642278487866 -1.49038762771166 -1.69479266009652 -1.5423729173266 -1.1486597107007 -1.54248522451291 -1.65834104785552 -1.52800367801235 -1.18090824324351 -0.626305753221879 -0.827045873237344 -0.745731792197778 -0.616336397826672 -0.607349255337165 -1.31787717858186
0.201009562382331 -1.33494248928932 1.14042597206739 2.05843018797728 3.01676962925838 2.27487555833963 1.75285493181302 1.38753810754189 0.824544183909893 0.67800983077345 1.04694866489332 0.746079495105033 -2.85022658568162 -5.62329244613647 -5.63348183265099 -6.3653177848229 -7.73276978272658 -8.46850288831271 -8.25578568531917 -6.71484840833224 -7.34639662962693 -5.0493674828456 -9.26651397118202 -7.5866965513963 -5.86789094484769 -4.88334226608276 -5.41341673410856 -4.80398876850422 -4.43134131798377 -4.44281435012817 -4.41989893179673 -4.191387121494 -4.04572037550119 -3.33365757648761 -2.47169022376721 -2.31657385367614 -2.40703651996759 -2.53382209172616 -2.69194277433249 -1.33157909604219 -1.05624716342069 -1.64200150880676 -1.9190683387793 -1.56067448080732 -1.24853599300751 -0.819388078955504 -0.30744989330952 -0.596577274586217 -0.948550558004242 -0.85581374540925 -0.799777563088215 -0.599953939135258 -0.407170079541034 -0.62132884733952 -0.98555321855775 -1.04854824436972 -0.285433791864377 -0.324747086896633 -0.154725653620867 0.190460113378671 -0.211973257935964 -0.0547460455160875 -0.457443959867725
1.0806792149177 -2.42163625130287 0.0945802090259699 1.61564930585714 2.68338852662307 2.81532023961727 2.04038152729089 1.83506815479352 1.27697529471838 1.29059297992633 0.571559780492232 0.6075968666432 -1.98032856904543 -4.81359285574693 -5.40577866480901 -6.09559198526236 -6.63568808482243 -6.87085030629085 -6.79337347470797 -6.22268530038687 -5.81610690630399 -5.02616194578317 -4.48043914941641 -4.98638635415297 -5.97259539824266 -4.12269223653353 -3.91160378089318 -3.91926371134244 -3.8655871794774 -3.77446737656227 -3.71621933350196 -3.35747603269724 -3.54658539478595 -3.38126594286699 -2.10682923518694 -2.22079362319066 -2.01641995402483 -1.72798259212421 -1.67421280048214 -1.20316649056398 -0.895028032935583 -0.676583592278453 -0.947571034543216 -0.958987157290372 -0.719232511026068 -0.102692500132924 0.370474448570838 0.146571645369897 -0.129510648405323 -0.19748243689537 0.235413970855566 0.488665707982503 0.344810128211975 -0.238460384309292 -0.590433158267003 -0.483302847124063 -0.192064971877978 -0.0201120743384728 0.0123954942593208 0.882119201123714 1.29915721370624 1.26012644974085 0.325021567252966
-9999 -1.34973711233873 -2.61953713343694 0.944782034135782 2.63641101121902 2.92402422428131 2.71509166405751 2.21832736123067 1.08800907318409 0.372044884528105 -1.57577365866074 -2.95680584357335 -4.46413019987253 -4.60866649334247 -5.69575614195604 -7.14824214348426 -6.67280618961041 -6.04322572854849 -5.16579536291269 -4.59963101607103 -4.24548688301673 -3.3682003388038 -4.50158319106469 -3.73232062963339 -4.70278505178598 -3.34346696046683 -2.53969810559199 -2.55426087746253 -3.30161083661593 -3.35239237088423 -3.23910172169025 -2.98089902217572 -2.77116393125974 -2.39206404410876 -2.3613962668639 -2.10237743762823 -2.1971209691121 -1.89331224331489 -0.858507993702705 -0.293045693865189 -0.351682380988048 -0.338026435902485 -0.029019890496364 0.0238282991429934 0.239630497418917 0.379181476739737 0.546656267001079 0.59575770680721 0.59979028483996 0.706288668398674 1.16460908376254 1.2540127738164 0.607684532395349 0.186502204491542 -0.0671086196716015 0.0765298994687887 0.0106725623974433 0.57704648662072 0.648961386428429 1.38803428869981 1.37989899745354 1.04951255367352 0.579438422734921
-9999 0.979340695417844 -2.10280054349166 -0.356581178780359 -9999 -9999 -9999 2.4737163882416 2.16974118008063 0.303199316661518 -0.888061718298839 -4.07914941127484 -4.55689806204576 -5.62799340028029 -6.10484783466046 -5.47500148186317 -6.15899639863234 -4.89130572172312 -4.43517694106469 -3.73810298626239 -3.99085327295157 -3.91080790299636 -3.19935098978189 -3.98167696365943 -3.64693280366751 -3.39773649435777 -2.02345345341242 -1.81601363878984 -2.64206933058225 -3.07522936967703 -2.70218941798577 -2.36461145144243 -2.08728269659556 -2.0436297586331 -2.02097768508471 -2.13096700264857 -2.33241525980142 -2.53451418418151 -0.29659338753957 0.384610511935674 0.695500417970694 0.730910243179936 0.885295769343009 0.796581408725335 1.00294848732077 1.15667741401837 1.18844611140398 1.15479195805696 1.21156366398701 1.34278221543019 1.91959753632545 2.03804062880003 1.17223085233798 0.667857860286649 0.857160918414593 0.878803600485508 1.0552464468168 1.52878421430404 1.97026958402533 2.21132123241058 2.12771378801419 1.68853641731235 1.54493359361704
-9999 -9999 0.165128653152631 -2.38568516877981 1.91561116048923 -9999 -9999 -9999 2.96878872467921 2.42440422223164 0.681868490691368 -1.06937942310021 -2.65545637790973 -2.63104524979225 -3.89988330694345 -1.96320736866731 -4.22370232068575 -4.2640871818249 -4.57189548932589 -3.65785946295812 -3.80715309656583 -3.61089125963358 -3.32234564194312 -2.26023087593225 -2.71343662188603 -4.32667959653414 -3.51928447760068 -2.44091577254809 -2.32144985290674 -2.1137689948082 -1.79623819543765 -1.51794639344399 -1.57324680331378 -1.62739505188969 -1.53754876439388 -1.68637180672242 -1.94586520240857 -1.55747262732341 0.022369479903808 1.53397571811309 1.81666959134432 2.01836612534065 1.83047230197833 1.69458669424057 1.8647794173314 2.06825284430614 2.03699770111304 2.23326285011493 2.2852654437033 2.2559960387074 2.55030538256352 2.41836485037437 1.81019842968537 1.45096329313058 1.75492456211494 2.08461640331034 2.53664595117936 3.11724826005789 3.31261755869939 3.57555654415718 3.3220223738597 2.54880233911368 2.58034036709712
-9999 -9999 3.1701473731261 0.355992145263232 1.64453187355628 -9999 -9999 -9999 4.26727315095755 2.79411804217559 1.21406140006506 0.567972735716746 -0.0714609657342617 -0.120806690305471 -0.224124295780292 -0.590430612460925 -2.77747783752588 -5.36450573114248 -3.76820705487178 -2.90441295733819 -2.74350760991757 -2.34715582315738 -1.91823381300156 -1.90835618285032 -2.27965655235144 -3.82488945814279 -3.91005374835088 -3.28429216604966 -2.75487289978908 -1.24433204760918 -0.281318322970317 -0.118594143253106 -0.230878595979168 -0.638046637750589 -0.656503213426242 -0.877330620701496 -1.29219165215125 -0.240055331243918 1.74480382983501 2.17320125263471 2.58591858698772 2.99187921560728 2.54563491390302 2.4563746383557 2.88021365495828 3.09410046155636 3.25835386147866 3.26672605367807 3.31789835599753 3.35381092475011 3.2636688214082 2.999502154497 2.59110625890585 2.72283347982627 2.62501521523182 -9999 -9999 -9999 -9999 -9999 -9999 -9999 3.30583665004143
-9999 -9999 -9999 2.74463510513306 2.76575763408954 3.49339530043877 -9999 -9999 -9999 4.27983955236582 2.98660700596296 3.60768331931188 3.11147292302205 2.61730426664536 1.16954708787111 0.482724366351389 -2.73453262219062 -7.25571650725145 -6.6448775438162 -4.23998343027555 -4.19859979702876 -3.10741217319782 -1.62852905002924 -2.56542681730711 -0.660180761263921 -1.44774438039615 -2.03281231109913 -1.05190444594392 -0.566233041767891 0.0609630621396578 1.19676572184723 1.58756346198229 1.03619363445502 0.924037483735726 1.15734212616315 0.930390820193749 0.478209972381592 1.18867782632319 1.78168067565331 2.49138669784252 3.09899243024679 3.59734550806192 3.59349977053129 3.58394581079483 4.26895428620852 4.11360546717277 -9999 -9999 3.97798708310494 -9999 3.61715880494851 3.22237932510101 2.54259843551196 3.28221745445178 3.10357987078337 1.76855673927527 -9999 -9999 -9999 -9999 -9999 -9999 -9999
-9999 -9999 -9999 -9999 4.72294814770038 2.96516894377195 4.30422221697294 4.78019655667819 -9999 3.05918954656674 4.58120294717642 5.31036993173453 4.4052519431481 3.88042810330024 2.41083935648203 0.42463128354687 -0.857194654643536 -5.43959041742178 -7.35871127935556 -5.36936121720534 -1.32268488751008 1.54672792324653 -0.507887769777041 -1.50338812516286 -1.1409708530857 -1.3208989117008 -0.292030929372861 -0.0858615888999059 -0.730775131915624 -1.65678674355149 0.275089788895387 2.10830284081973 2.64902125413601 2.74702048301697 3.27259759719555 3.28222887332623 2.77175749723728 2.51916265487671 2.5144032056515 3.08522997452663 3.57029827741476 4.09817028962649 4.38970061907401 4.87247276535401 -9999 -9999 -9999 -9999 -9999 -9999 -9999 -9999 -9999 -9999 -9999 -9999 -9999 -9999 -9999 -9999 -9999 -9999 -9999
-9999 -9999 -9999 -9999 -9999 5.66158256163964 2.83033749690423 4.90498142976027 -9999 -9999 6.67054506448599 7.49474837229802 5.80911143009479 4.34387136422671 2.47561906564694 0.528761177395399 -0.663406251571499 -4.87714439172011 -5.26718757702754 -5.9707577411945 -5.31414743570181 -3.46977430123549 -0.520434384162609 -1.37424288002344 -1.92814989502613 -2.61621422034044 -2.43490413060555 -0.580916391542325 -1.54994201602844 -2.04094417278583 -0.992537106458957 1.60005002526137 3.07329883942237 3.30743678716513 3.51050242093893 3.46113211375016 3.1996188897353 3.18349531980661 2.76579095308597 3.29765867269956 3.5085992698486 3.68490375005282 4.4598043010785 -9999 -9999 -9999 -9999 -9999 -9999 -9999 -9999 -9999 -9999 -9999 -9999 -9999 -9999 -9999 -9999 -9999 -9999 -9999 -9999
-9999 -9999 -9999 6.05168199539185 -9999 -9999 4.13431853055954 3.690296249894 -9999 -9999 -9999 8.62276356036847 7.88204519565289 5.46303580357478 3.71546447277069 2.12106730158512 -1.24608793740089 -2.78654741323911 -5.80169398968036 -5.30743908882141 -3.19006675023299 -1.81409403567131 -0.298708665829438 -1.36620581207367 -2.38914376497269 -2.48474522737356 -1.91691996730291 -1.18218895531474 -1.32851249867907 -2.29731614314593 0.897523157298565 1.92713097611872 2.71179945652302 3.5579324227113 3.68606570133796 3.82199208553021 3.7497756756269 3.67119728601896 3.72300590918614 3.96830744926746 -9999 -9999 -9999 -9999 -9999 -9999 -9999 -9999 -9999 -9999 -9999 -9999 -9999 -9999 -9999 -9999 -9999 -9999 -9999 -9999 -9999 -9999 -9999
-9999 -9999 -9999 -9999 7.08132666807908 6.57543760079604 5.85518260185535 4.47815569604819 4.90473714814736 -9999 -9999 -9999 -9999 7.39771784268893 6.68723825307993 5.47739597467276 3.44161937328485 -0.164834777242504 -3.69933685889611 -4.29157007657565 -2.21896132597556 -0.885490583112607 -0.546129650221421 -1.43028906446237 -2.11284286242265 -2.31056745694234 -1.69354322552681 -0.39793178324516 -1.08472403654685 -1.46917974834259 0.529794686115705 2.14800530213576 3.06731561514047 3.94417748084435 4.34511586335989 4.45255789389977 4.1505913734436 4.39603944925162 5.28461008805495 -9999 -9999 -9999 -9999 -9999 -9999 -9999 -9999 -9999 -9999 -9999 -9999 -9999 -9999 -9999 -9999 -9999 -9999 -9999 -9999 -9999 -9999 -9999 -9999
-9999 -9999 -9999 -9999 -9999 6.5006450689756 5.74954978319315 5.8632181424361 4.65771859196516 5.95244573171322 -9999 -9999 -9999 7.93783844434298 7.45539676226102 6.94379531420194 5.75282217906072 3.01523236586497 -1.13350501140723 -2.82123283239511 -2.13737698243215 -0.258395199592297 -0.31381401190391 -0.792442751475252 -1.84630054235458 -2.16861866987669 -0.604441545617122 0.322662057784887 -0.554532751870843 0.468080830115538 1.28118721051858 2.81449302343222 3.95702219009399 4.90564265617957 5.31620064148536 5.26351967224708 4.85791875765874 5.43033214715811 6.22075832807101 -9999 -9999 -9999 -9999 -9999 -9999 -9999 -9999 -9999 -9999 -9999 -9999 -9999 -9999 -9999 -9999 -9999 -9999 -9999 -9999 -9999 -9999 -9999 -9999
-9999 -9999 -9999 -9999 -9999 -9999 -9999 -9999 6.09801314427302 4.30213073812998 6.18081586177532 -9999 -9999 -9999 -9999 5.36608244822575 6.65421632620004 5.90126103621263 2.7656212586623 -2.01460411456915 -2.65635193311251 -1.46823654647988 -1.14223797447406 -1.06099269825679 -1.09834340103687 0.0979673747832959 0.551705475896597 0.63357393300304 0.963289114861534 1.45964366598771 1.63889601368171 2.22776487011176 3.65721977674044 5.4565510566418 6.62652884996854 6.29255690941444 5.81632388555087 6.2488106580881 6.81534657111535 -9999 -9999 -9999 -9999 -9999 -9999 -9999 -9999 -9999 -9999 -9999 -9999 -9999 -9999 -9999 -9999 -9999 -9999 -9999 -9999 -9999 -9999 -9999 -9999
-9999 -9999 -9999 -9999 -9999 -9999 -9999 -9999 -9999 5.30008541620695 5.43891545442434 -9999 -9999 -9999 -9999 6.22598934173584 6.26877100651081 5.29086976784926 3.54953641157884 1.43827953476172 -2.22169078771885 -3.76232139880841 -1.69872977412664 -1.50511100200506 -0.723262735570853 0.553078627213836 1.55513667229276 1.53561042328007 2.2607179238246 1.48087741233982 1.44236672325776 2.73055591033055 4.26486550844633 5.85709267396193 7.23769818819486 7.10020267046415 6.76854052910438 6.90644964805016 7.45212943737323 -9999 -9999 -9999 -9999 -9999 -9999 -9999 -9999 -9999 -9999 -9999 -9999 -9999 -9999 -9999 -9999 -9999 -9999 -9999 -9999 -9999 -9999 -9999 -9999
-9999 -9999 -9999 -9999 -9999 -9999 -9999 -9999 -9999 -9999 6.21646739886357 7.13991055121789 -9999 -9999 -9999 7.32431221008301 6.74855718245873 6.64981621962327 5.59827357072097 3.468200137982 -0.729460439716394 -2.42360915587499 -2.46755140561324 -0.971430800282038 -1.29886152079472 -0.461481973331851 1.69022116294274 2.94385353418497 3.01256243999188 2.73340687384972 2.53521054066145 3.35173621544471 3.55044282399691 6.4955216554495 6.96699688984798 6.55065525495089 6.94100754077618 7.28493998600886 7.70517646349393 8.30131475742047 -9999 -9999 -9999 -9999 -9999 -9999 -9999 -9999 -9999 -9999 -9999 -9999 -9999 -9999 -9999 -9999 -9999 -9999 -9999 -9999 -9999 -9999 -9999
-9999 -9999 -9999 -9999 -9999 -9999 -9999 -9999 -9999 -9999 7.72719544630784 6.71717566710252 -9999 -9999 -9999 -9999 -9999 7.28861342943632 7.39737411645743 6.71076761759244 4.50140986992763 -1.1317556024744 -1.59048318404418 -1.22469722021085 -0.473664459485847 0.924680153337809 2.37504147107785 2.59426785890873 3.11153977650862 2.72995290847925 1.53669680540378 1.10133650383124 0.24657847904242 2.40217933746485 5.90766932414128 6.75973650125357 7.69305053124061 7.72459752743061 8.06430130738478 -9999 -9999 -9999 -9999 -9999 -9999 -9999 -9999 -9999 -9999 -9999 -9999 -9999 -9999 -9999 -9999 -9999 -9999 -9999 -9999 -9999 -9999 -9999 -9999
-9999 -9999 -9999 -9999 -9999 -9999 -9999 -9999 -9999 -9999 10.1643301156851 8.01629048127394 6.67584642997155 -9999 -9999 -9999 -9999 -9999 9.07794068409846 9.22302062694843 8.49420419106117 5.21093832529508 -1.28529878877676 -2.0502789570735 -0.319159638423186 0.2735342417772 1.29081405470004 2.43088378356053 2.16646615587748 1.44677711564761 1.04868280694175 1.28917192725035 1.43340489268303 1.39430545155819 4.77930907102732 6.75569237195529 7.03720485247098 8.05178587253277 8.38710135679979 -9999 -9999 -9999 -9999 -9999 -9999 -9999 -9999 -9999 -9999 -9999 -9999 -9999 -9999 -9999 -9999 -9999 -9999 -9999 -9999 -9999 -9999 -9999 -9999
-9999 -9999 -9999 -9999 -9999 -9999 -9999 -9999 -9999 -9999 -9999 8.79578395990225 7.97927038486187 8.31325762088482 -9999 -9999 -9999 -9999 -9999 10.6157551545363 10.0982127189636 5.67903934992277 -0.123760085839492 -3.19860495053805 -0.9894427447938 0.562378075833504 -0.136573108056417 0.799758927896619 0.742974649828214 0.893443293296374 0.67635947236648 1.22075782257777 1.79403430510026 2.58321565389633 3.51922002205482 7.75089700405414 8.22777674748347 7.99055447945228 8.43831304403452 -9999 -9999 -9999 -9999 -9999 -9999 -9999 -9999 -9999 -9999 -9999 -9999 -9999 -9999 -9999 -9999 -9999 -9999 -9999 -9999 -9999 -9999 -9999 -9999
-9999 -9999 -9999 -9999 -9999 -9999 -9999 -9999 -9999 -9999 -9999 -9999 -9999 7.61835663135235 6.58212830470158 -9999 -9999 -9999 -9999 -9999 11.5466536008395 9.94315165739793 5.5309070623838 -0.0433006613300397 -1.00216379475135 1.43554863792199 0.663089810655667 0.781492126102631 -0.372926126019313 0.0503906504465983 0.170536080805155 1.21730558459575 1.64473980049101 3.29599829820486 1.02757820761046 5.94393212978656 8.51987391251784 7.94521474838257 8.48041857205904 -9999 -9999 -9999 -9999 -9999 -9999 -9999 -9999 -9999 -9999 -9999 -9999 -9999 -9999 -9999 -9999 -9999 -9999 -9999 -9999 -9999 -9999 -9999 -9999
-9999 -9999 -9999 -9999 -9999 -9999 -9999 -9999 -9999 -9999 -9999 -9999 -9999 -9999 6.65268754959106 -9999 -9999 -9999 -9999 -9999 -9999 13.4921750288743 10.1221971511841 4.69601827401381 2.33792161024534 1.7226493037664 -0.0395356714725494 -0.571038128163379 -0.537700834182593 0.206178037019876 0.456930898703062 1.72684281204755 3.11414252794706 3.35228400047009 3.17934764348544 6.81254794047429 9.40857597497793 8.36175647148719 10.3343809567965 -9999 -9999 -9999 -9999 -9999 -9999 -9999 -9999 -9999 -9999 -9999 -9999 -9999 -9999 -9999 -9999 -9999 -9999 -9999 -9999 -9999 -9999 -9999 -9999
-9999 -9999 -9999 -9999 -9999 -9999 -9999 -9999 -9999 -9999 -9999 -9999 -9999 -9999 -9999 -9999 -9999 -9999 -9999 -9999 -9999 -9999 13.5344571333665 9.85479230147142 5.0613502905919 3.34137219649095 1.01614458056597 -0.398958630859852 0.493452466451205 0.867072021405105 1.65181680310231 2.61867021138851 2.98611609752362 4.2652209355281 5.52888718018165 9.58094890301044 10.988186102647 11.0388925992526 -9999 -9999 -9999 -9999 -9999 -9999 -9999 -9999 -9999 -9999 -9999 -9999 -9999 -9999 -9999 -9999 -9999 -9999 -9999 -9999 -9999 -9999 -9999 -9999 -9999
-9999 -9999 -9999 -9999 -9999 -9999 -9999 -9999 -9999 -9999 -9999 -9999 -9999 -9999 -9999 -9999 -9999 -9999 -9999 -9999 -9999 -9999 -9999 11.8329443564782 7.81122446060181 4.21515646347633 2.51097391889645 1.40017977586159 1.1637520388915 1.01106985944968 1.84066865306634 2.63167696732741 2.73125448593727 4.00742468467126 6.5626404102032 9.28066378373366 10.910915521475 11.4405133174016 -9999 -9999 -9999 -9999 -9999 -9999 -9999 -9999 -9999 -9999 -9999 -9999 -9999 -9999 -9999 -9999 -9999 -9999 -9999 -9999 -9999 -9999 -9999 -9999 -9999
-9999 -9999 -9999 -9999 -9999 -9999 -9999 -9999 -9999 -9999 -9999 -9999 -9999 -9999 -9999 -9999 -9999 -9999 -9999 -9999 -9999 -9999 -9999 11.732456940871 8.58140648328341 5.439040184021 3.57134784184969 1.8017258626194 1.68818423667779 1.70127968719372 1.93396817663541 2.13629153141609 2.17972147923249 3.47581014266381 8.44794955620399 9.02133827943068 10.9746875762939 11.5532382818369 12.4266003095187 -9999 -9999 -9999 -9999 -9999 -9999 -9999 -9999 -9999 -9999 -9999 -9999 -9999 -9999 -9999 -9999 -9999 -9999 -9999 -9999 -9999 -9999 -9999 -9999
-9999 -9999 -9999 -9999 -9999 -9999 -9999 -9999 -9999 -9999 -9999 -9999 -9999 -9999 -9999 -9999 -9999 -9999 -9999 -9999 -9999 -9999 -9999 -9999 6.14589507763202 6.69569877477793 5.70372944611769 3.00961772753642 1.83735873320928 1.41912685907804 3.04271250504714 2.40257312701299 3.15408086776733 3.88507756820092 6.82804111333994 7.60249512012188 9.52925524344811 11.116658284114 12.3599921740018 -9999 -9999 -9999 -9999 -9999 -9999 -9999 -9999 -9999 -9999 -9999 -9999 -9999 -9999 -9999 -9999 15.6772656073937 14.8519161664523 14.3466532046978 14.4373474854689 15.1518347813533 -9999 -9999 -9999
-9999 -9999 -9999 -9999 -9999 -9999 -9999 -9999 -9999 -9999 -9999 -9999 -9999 -9999 -9999 -9999 -9999 -9999 -9999 -9999 -9999 -9999 -9999 11.7059095089252 4.24932230435885 4.29800563592177 6.5203348673307 5.21484943536612 2.85538838459895 2.9801765359365 4.14556180513822 4.47933789399954 4.34510080630963 3.32733665979826 2.98732672287868 3.02209845873026 4.05715129925655 9.32120242485633 11.9584751862746 13.072294822106 -9999 -9999 -9999 -9999 -9999 -9999 -9999 -9999 -9999 -9999 -9999 -9999 -9999 16.2541914719802 15.46518773299 14.5287937017588 14.0736777965839 14.1092865283673 14.4552033497737 15.5134352170504 -9999 -9999 -9999
-9999 -9999 -9999 -9999 -9999 -9999 -9999 -9999 -9999 -9999 -9999 -9999 -9999 -9999 -9999 -9999 -9999 -9999 -9999 -9999 -9999 -9999 -9999 9.77472547384409 4.28671333423028 5.39587070391728 5.1736885034121 5.48817194425143 3.87345304855934 4.05223761155055 4.56665360010587 3.62402799496284 3.25657120117774 2.37596358244236 1.78981066265931 2.61021251403368 2.232848575482 3.82361637628995 10.1604047188392 12.535594353309 -9999 -9999 -9999 -9999 -9999 -9999 -9999 -9999 -9999 -9999 -9999 -9999 -9999 15.5446262359619 14.3162681139432 13.9276756139902 13.9995850049532 14.1258415809044 14.9653830895057 -9999 -9999 -9999 -9999
