rasters/bioclim/bio04.asc
NCOLS 720 
NROWS 300 
XLLCORNER -180 
YLLCORNER -60 
CELLSIZE 0.5 
NODATA_value -9999 
[rows 224 to 251 of 300, columns 189 to 251 of 720]
-9999 -9999 -9999 -9999 -9999 -9999 -9999 -9999 -9999 -9999 -9999 -9999 -9999 -9999 -9999 -9999 -9999 -9999 -9999 -9999 -9999 -9999 -9999 -9999 -9999 -9999 -9999 -9999 -9999 -9999 220.050189678486 220.425371610201 237.964728722206 261.601935753456 286.000469501202 300.308288574219 306.229755108173 302.610431377704 313.286722036508 332.253096360427 322.570237379808 328.660306490385 370.490901066707 390.327178955078 390.777780386118 383.40423818735 376.5614060622 369.444157527043 359.649674635667 349.513953575721 344.386972280649 336.721898005559 325.413041334886 317.095498891977 309.40559387207 301.424085176908 290.615332970252 283.437794612004 270.886751615084 253.935089111328 246.509987464318 237.887954711914 224.187163132888
-9999 -9999 -9999 -9999 -9999 -9999 -9999 -9999 -9999 -9999 -9999 -9999 -9999 -9999 -9999 -9999 -9999 -9999 -9999 -9999 -9999 -9999 -9999 -9999 -9999 -9999 -9999 -9999 -9999 -9999 219.701335026668 226.847416804387 242.837059607873 268.584098229041 293.967958890475 307.527158297025 310.360295222356 303.311877910907 309.244398850661 329.993807279147 331.347508357121 361.459838867188 398.191103421725 404.667816162109 401.668837327224 394.163355900691 386.833636944111 378.907233605018 369.774754450871 360.146284836989 352.080815241887 344.551060603215 332.605672983023 325.683481069712 317.863382192758 311.554067758413 303.762225811298 293.335930457482 282.318011944111 266.645160381611 259.846777108999 253.026491605319 245.076514610877
-9999 -9999 -9999 -9999 -9999 -9999 -9999 -9999 -9999 -9999 -9999 -9999 -9999 -9999 -9999 -9999 -9999 -9999 -9999 -9999 -9999 -9999 -9999 -9999 -9999 -9999 -9999 -9999 -9999 -9999 223.383666992188 231.444432185246 250.697782076322 275.764799851638 295.919766939603 304.728194016677 309.509570782001 314.298318716196 317.648733285757 330.192899263822 337.565173809345 357.559974083534 405.62987107497 411.046499399038 409.767150878906 401.575472318209 394.123180682843 383.727201021635 373.621481088492 367.961794339693 360.138347919171 349.695500300481 339.275585467999 331.990236722506 328.912508451022 325.571535550631 320.463088989258 307.468449519231 294.40392949031 287.128157395583 279.501775888296 276.57003901555 271.480406541091
-9999 -9999 -9999 -9999 -9999 -9999 -9999 -9999 -9999 -9999 -9999 -9999 -9999 -9999 -9999 -9999 -9999 -9999 -9999 -9999 -9999 -9999 -9999 -9999 -9999 -9999 -9999 -9999 -9999 -9999 229.65478515625 239.763755211463 261.132936917818 284.710411658654 301.319733839769 303.245577298678 310.531602125901 314.062577467698 321.302295391376 328.85498046875 349.007899357722 390.701193002554 414.575364332933 418.242560753456 417.355691763071 408.871258075421 397.736107459435 387.963160588191 383.47272667518 375.834998497596 366.346930870643 356.333099365234 347.087918795072 341.859675480769 337.631204458383 330.021808330829 325.27471102201 315.35567180927 307.785925058218 302.047980675331 302.44470332219 301.729232788086 298.607182429387
-9999 -9999 -9999 -9999 -9999 -9999 -9999 -9999 -9999 -9999 -9999 -9999 -9999 -9999 -9999 -9999 -9999 -9999 -9999 -9999 -9999 -9999 -9999 -9999 -9999 -9999 -9999 -9999 -9999 -9999 235.913019033579 246.121486957257 264.45013662485 281.42997272198 291.883318387545 305.136053232046 312.113203782302 309.559609046349 312.969612708459 322.712429340069 367.257965087891 407.326073279748 400.301835280198 425.742286095252 423.207280085637 415.825291560246 406.696063701923 396.486964299129 392.490809513972 382.321793776292 375.393026498648 365.505080003005 358.128878079928 352.677368164062 346.347205528846 341.045203575721 339.067633995643 334.40580866887 325.030002300556 321.030541053185 321.378487220177 325.008091853215 320.956796499399
-9999 -9999 -9999 -9999 -9999 -9999 -9999 -9999 -9999 -9999 -9999 -9999 -9999 -9999 -9999 -9999 -9999 -9999 -9999 -9999 -9999 -9999 -9999 -9999 -9999 -9999 -9999 -9999 -9999 -9999 243.272039560171 254.706038254958 258.459336500901 267.106150700496 278.247992882362 304.376766498272 306.097858135517 310.22258582482 310.693899301382 337.326782226562 390.085702749399 394.169640174279 422.157041109525 432.583129882812 428.654987041767 419.269920935998 414.024658203125 405.63664832482 397.577298677885 389.925600492037 379.770989051232 371.98200401893 366.573481633113 360.191260704627 353.19684776893 352.406041071965 354.427990253155 345.783517690805 336.513223501352 334.249213585487 335.143207256611 342.250877967248 337.148392897386
-9999 -9999 -9999 -9999 -9999 -9999 -9999 -9999 -9999 -9999 -9999 -9999 -9999 -9999 -9999 -9999 -9999 -9999 -9999 -9999 -9999 -9999 -9999 -9999 -9999 -9999 -9999 -9999 -9999 -9999 260.289662287785 261.35299213116 257.463762723483 263.85290644719 276.232947716346 293.744540874775 299.924836378831 311.383344210111 339.864450307993 350.368694598858 390.8436326247 420.256483811599 433.184974083534 437.673907940204 431.657010591947 424.157599815956 416.665482741136 410.749471811148 402.431530292218 389.734529935397 385.029592660757 376.820263202374 372.652651273287 362.006338266226 355.647756723257 358.576500525841 357.591580904447 353.362008901743 345.18648822491 341.644258939303 343.558314396785 346.556387094351 344.693875826322
-9999 -9999 -9999 -9999 -9999 -9999 -9999 -9999 -9999 -9999 -9999 -9999 -9999 -9999 -9999 -9999 -9999 -9999 -9999 -9999 -9999 -9999 -9999 -9999 -9999 -9999 -9999 -9999 -9999 -9999 267.834944504958 274.398610041692 269.329938448392 274.931063138522 283.002340463492 302.450538048377 302.217771089994 320.883469801683 364.042600191557 381.295626126803 388.142714280349 417.293022742638 433.081754244291 439.847588172326 434.548325758714 427.574587308443 422.745790921725 414.652834378756 401.369220440204 391.098578819862 384.757141113281 381.170590914213 377.753131573017 366.141526442308 356.840637207031 363.415640024038 362.245589036208 359.375115027794 354.153609055739 349.568049504207 351.658998929537 357.461113562951 355.152447040264
-9999 -9999 -9999 -9999 -9999 -9999 -9999 -9999 -9999 -9999 -9999 -9999 -9999 -9999 -9999 -9999 -9999 -9999 -9999 -9999 -9999 -9999 -9999 -9999 -9999 -9999 -9999 -9999 -9999 -9999 283.170690683218 291.386961716872 275.885291466346 273.218591543344 281.285158597506 303.910990788386 319.218329796424 327.915755051833 351.205068734976 385.350454477163 393.188633845403 410.467437744141 442.784564678486 448.551325871394 443.06344134991 436.959021935096 426.416064922626 416.734971266526 406.111140324519 394.732168344351 392.079949012169 389.266409067007 387.269481952374 386.323704646184 375.642028808594 370.23593374399 366.996131310096 366.988849346454 363.676349346454 360.047450138972 357.558732252855 364.397939828726 360.900883601262
-9999 -9999 -9999 -9999 -9999 -9999 -9999 -9999 -9999 -9999 -9999 -9999 -9999 -9999 -9999 -9999 -9999 -9999 -9999 -9999 -9999 -9999 -9999 -9999 -9999 -9999 -9999 -9999 -9999 277.142772967999 287.316363994892 284.847360464243 282.554784921499 298.96280846229 295.627487182617 306.329764732948 320.31727717473 349.659975492037 380.706632173978 386.550574669471 415.86729313777 449.492809589093 462.366532545823 457.59364436223 452.720482459435 443.221038818359 434.158625676082 422.858541635367 412.309225229117 402.384185791016 399.285595233624 397.156890869141 393.405775803786 389.596405029297 387.237353985126 380.713193453275 374.277886023888 376.836191030649 377.188704270583 369.944415752704 358.586688701923 363.634739802434 364.325545090895
-9999 -9999 -9999 -9999 -9999 -9999 -9999 -9999 -9999 -9999 -9999 -9999 -9999 -9999 -9999 -9999 -9999 -9999 -9999 -9999 -9999 -9999 -9999 -9999 -9999 -9999 -9999 -9999 -9999 275.98967566857 292.853280874399 284.264154287485 292.741546630859 315.298323411208 321.337592491737 381.404449462891 369.851360614483 430.89110154372 396.726726825421 451.572192852314 462.833249605619 475.276860163762 478.419097900391 471.617964524489 460.595731295072 450.960665189303 438.056903545673 428.68211716872 419.207366943359 411.174971360427 405.042731651893 400.874528151292 400.787245530349 393.130422738882 391.28762113131 386.151869553786 384.015024038462 389.767709585337 382.463709904597 370.18419940655 360.815751295823 364.197864239032 371.375777024489
-9999 -9999 -9999 -9999 -9999 -9999 -9999 -9999 -9999 -9999 -9999 -9999 -9999 -9999 -9999 -9999 -9999 -9999 -9999 -9999 -9999 -9999 -9999 -9999 -9999 -9999 -9999 -9999 -9999 273.80547274076 295.410454383263 284.403502244216 288.538007296049 308.922602726863 325.832737849309 429.833467923678 467.900245079627 529.807218111478 509.86416391226 496.193295992338 487.188272329477 485.509972205529 488.343421349159 478.167534461388 466.597865178035 456.917435866136 444.444831261268 434.967348538912 422.957559438852 417.964158278245 410.807002140925 404.272773155799 402.49226966271 398.210791954627 392.735943134014 387.7484764686 390.585782564603 389.97893348107 382.766667292668 374.2286330003 370.650756835938 377.848733755258 378.620464618389
-9999 -9999 -9999 -9999 -9999 -9999 -9999 -9999 -9999 -9999 -9999 -9999 -9999 -9999 -9999 -9999 -9999 -9999 -9999 -9999 -9999 -9999 -9999 -9999 -9999 -9999 -9999 -9999 -9999 267.072555541992 304.139670738807 282.58947636531 277.355279775766 291.106915987455 324.506995567909 417.777940016526 541.051065298227 554.813399094802 521.439974271334 516.406940166767 503.150963416466 493.286118727464 490.456951434796 477.852067213792 470.573629525992 462.121359018179 449.754615196815 436.145505464994 427.782282902644 419.012763390174 413.771040696364 407.052987905649 398.255112868089 392.792233980619 396.736623910757 399.049344576322 396.515347994291 397.010350153996 392.171001727764 390.025669978215 393.098883995643 394.028179462139 386.413855919471
-9999 -9999 -9999 -9999 -9999 -9999 -9999 -9999 -9999 -9999 -9999 -9999 -9999 -9999 -9999 -9999 -9999 -9999 -9999 -9999 -9999 -9999 -9999 -9999 -9999 -9999 -9999 -9999 220.906049288236 267.830936138447 315.352809025691 299.932421170748 301.897889357347 317.038139930138 440.772435114934 402.001237135667 480.9764451247 551.66055063101 536.892805833083 539.947974571815 516.308530367338 501.897975041316 487.445500300481 473.991720346304 467.544710599459 459.385441706731 446.629626934345 438.694533128005 428.5014061561 423.681464562049 419.636138916016 411.060467059796 404.950054462139 408.154447115385 415.693155141977 414.136885422927 410.288907564603 406.160787729117 403.070481520433 402.466604379507 402.003230168269 400.336237980769 387.230381892278
-9999 -9999 -9999 -9999 -9999 -9999 -9999 -9999 -9999 -9999 -9999 -9999 -9999 -9999 -9999 -9999 -9999 -9999 -9999 -9999 -9999 -9999 -9999 -9999 -9999 -9999 -9999 -9999 211.48781644381 274.758116502028 314.089841402494 328.733684833233 342.176217886118 374.181692270132 482.999889667218 457.993894136869 538.046295166016 555.620269775391 552.541208120493 535.898813100962 516.979827880859 499.175577016977 481.006009615385 464.779599703275 458.798485389123 452.173555814303 442.128880427434 434.775446965144 431.941556490385 428.464113675631 428.006443903996 418.367762638972 422.100813645583 424.890355036809 434.940157376803 429.278674785907 420.298349233774 415.78994516226 412.548706054688 407.976588322566 405.360537015475 396.817054161659 390.103581355168
-9999 -9999 -9999 -9999 -9999 -9999 -9999 -9999 -9999 -9999 -9999 -9999 -9999 -9999 -9999 -9999 -9999 -9999 -9999 -9999 -9999 -9999 -9999 -9999 -9999 -9999 -9999 -9999 209.169157761794 286.129576462966 318.525545560397 322.622915414663 368.027766301082 418.77207829402 531.343294583834 530.731259859525 553.614025409405 555.242267315204 539.707200270433 522.197803203876 507.929030198317 489.733285757212 463.559131328876 448.783557598407 449.514301006611 447.037217360276 439.051335261418 436.346186711238 434.833021897536 437.180370624249 434.00578894982 431.256969745343 430.199106069712 434.368110069862 435.272418682392 429.821934626653 424.219571627103 424.596160888672 416.891336294321 408.411700908954 405.53903902494 402.256669264573 393.35309776893
-9999 -9999 -9999 -9999 -9999 -9999 -9999 -9999 -9999 -9999 -9999 -9999 -9999 -9999 -9999 -9999 -9999 -9999 -9999 -9999 -9999 -9999 -9999 -9999 -9999 -9999 -9999 -9999 216.126045813927 294.055478609525 317.584693321815 330.52533193735 427.394334059495 483.872375488281 563.556422306941 541.565753643329 570.455068734976 553.844721867488 522.917785644531 513.451279860276 494.212770902193 473.829169640174 437.960970365084 441.346747765174 445.685833270733 445.505901630108 443.052302433894 441.289708064153 439.841416579026 440.754481388972 440.534646841196 440.370706411508 440.267411452073 438.414398193359 436.734637920673 430.647362342248 431.956871619591 434.570019061749 426.314286452073 418.264606182392 411.613879864032 405.933030348558 397.965799184946
-9999 -9999 -9999 -9999 -9999 -9999 -9999 -9999 -9999 -9999 -9999 -9999 -9999 -9999 -9999 -9999 -9999 -9999 -9999 -9999 -9999 -9999 -9999 -9999 -9999 -9999 -9999 -9999 238.880375788762 313.430192213792 328.227485069862 366.932532677284 430.228731595553 524.147160456731 591.928405761719 577.264033390926 590.347266564002 563.533062274639 530.407520000751 510.516263521635 481.15520301232 445.956017127404 415.34323824369 427.966672457182 442.17149235652 449.441199669471 450.578848031851 446.22653902494 444.663362943209 446.174166165865 447.004533034105 449.709080622746 446.764547494742 445.275482177734 444.827362060547 441.415975717398 440.070878248948 440.270240196815 438.319058931791 427.093825120192 417.607231727013 409.357381967398 401.4379295936
-9999 -9999 -9999 -9999 -9999 -9999 -9999 -9999 -9999 -9999 -9999 -9999 -9999 -9999 -9999 -9999 -9999 -9999 -9999 -9999 -9999 -9999 -9999 -9999 -9999 -9999 -9999 -9999 262.098493135892 328.477651742788 337.515028733474 382.187901423528 454.181145301232 551.724567119892 608.067457932692 617.716975285457 594.549199030949 576.098921555739 543.240452693059 520.11224599985 472.995589036208 444.629171518179 422.016927865835 432.711526724008 448.104637732873 458.229201096755 464.517000638522 457.058121901292 451.654456505409 451.927006648137 449.631617619441 450.238023024339 450.03951556866 450.676337608924 448.706686166617 450.688485952524 449.187586857722 447.608811598558 442.554992675781 433.482856163612 421.896193284255 413.847482534555 404.401618370643
-9999 -9999 -9999 -9999 -9999 -9999 -9999 -9999 -9999 -9999 -9999 -9999 -9999 -9999 -9999 -9999 -9999 -9999 -9999 -9999 -9999 -9999 -9999 -9999 -9999 -9999 -9999 -9999 274.641501793495 349.156522310697 358.734790508564 424.502650334285 447.357595590445 554.85942195012 635.054114708534 629.280287522536 611.449387770433 580.964623084435 548.801628699669 520.521946833684 483.220740685096 457.867480938251 451.648151104267 451.315713735727 458.844944880559 472.515974778395 477.366948054387 471.575103759766 461.831012432392 455.523191011869 452.829998309796 453.264920748197 453.342627892127 456.342853252704 454.894676795373 453.81287090595 455.036454420823 454.97465632512 448.779003436749 441.165186955379 431.963754507212 421.462625356821 414.820122352013
-9999 -9999 -9999 -9999 -9999 -9999 -9999 -9999 -9999 -9999 -9999 -9999 -9999 -9999 -9999 -9999 -9999 -9999 -9999 -9999 -9999 -9999 -9999 -9999 -9999 -9999 -9999 -9999 279.250713641827 369.081378643329 385.0926560622 414.819075364333 462.825392503005 571.53566800631 623.476083608774 627.069627028245 606.955740121695 581.370722844051 549.141333946815 514.913661076472 491.533294677734 468.11778141902 465.874335655799 468.984666090745 479.203132042518 489.813457782452 485.977337176983 477.936845045823 470.465432974008 461.595266488882 463.709411621094 465.151209904597 460.061671330379 462.017261211689 464.394695575421 464.249222975511 462.261552077073 460.430286114032 454.288639948918 447.521212064303 436.470350999099 429.217336801382 424.968672532302
-9999 -9999 -9999 -9999 -9999 -9999 -9999 -9999 -9999 -9999 -9999 -9999 -9999 -9999 -9999 -9999 -9999 -9999 -9999 -9999 -9999 -9999 -9999 -9999 -9999 -9999 -9999 -9999 295.729447584886 388.008246788612 419.045337383564 401.871929462139 466.059852013221 564.91741004357 605.823458158053 618.730586125301 605.581284743089 566.791682316707 528.644000713642 506.686373197115 500.362182617188 481.515552227314 473.195380577674 480.378380408654 490.972494272085 503.264061560998 492.714655949519 487.741466815655 482.888000488281 472.420579176683 473.850445087139 471.936213566707 470.517913818359 469.45371891902 470.921755277193 468.150500957782 464.053779015174 466.598837045523 462.020329402043 453.30409358098 443.229090763972 433.216724102314 426.051128680889
-9999 -9999 -9999 -9999 -9999 -9999 -9999 -9999 -9999 -9999 -9999 -9999 -9999 -9999 -9999 -9999 -9999 -9999 -9999 -9999 -9999 -9999 -9999 -9999 -9999 -9999 -9999 -9999 337.130896935096 422.552044208233 419.335350623498 403.3299607497 492.223719670222 555.939978966346 588.539602426382 615.374159592849 605.771573580228 568.672109750601 526.253474308894 524.945760873648 511.249741774339 499.698930006761 483.766772930439 493.537717379057 501.821638840895 504.959017240084 505.201324462891 498.317913348858 494.76467191256 485.451012244591 481.403015136719 478.590268648588 475.989055926983 473.999255840595 472.953474778395 472.198850191557 469.047414926382 470.103269136869 465.625413161058 458.057697002704 444.337754469651 436.947523850661 426.465712327224
-9999 -9999 -9999 -9999 -9999 -9999 -9999 -9999 -9999 -9999 -9999 -9999 -9999 -9999 -9999 -9999 -9999 -9999 -9999 -9999 -9999 -9999 -9999 -9999 -9999 -9999 -9999 -9999 366.295870267428 445.147883488582 434.738067626953 428.522728553185 501.517629770132 541.633666992188 574.134066068209 606.24997652494 606.58891413762 585.792907714844 563.087935227614 555.843085655799 538.961625319261 525.661083514874 520.439314622145 512.835207425631 513.390340951773 519.846689077524 516.106607290415 506.545795147236 498.46033184345 489.366260235126 487.180079533504 485.242067777193 480.4487891564 473.485450157752 469.521444467398 467.536355825571 469.380326491136 471.732384314904 470.068540132963 459.234696608323 442.034717266376 430.115844726562 420.591888427734
-9999 -9999 -9999 -9999 -9999 -9999 -9999 -9999 -9999 -9999 -9999 -9999 -9999 -9999 -9999 -9999 -9999 -9999 -9999 -9999 -9999 -9999 -9999 -9999 -9999 -9999 -9999 341.890294001653 392.363253079928 435.727898230919 431.457197922927 442.34660926232 493.888688307542 528.940086951623 556.365659273588 593.82284780649 606.003610464243 600.177668644832 590.5121483436 583.641399676983 568.238105187049 557.319974459135 548.061173659105 538.895012488732 533.58006638747 537.5361328125 528.921337421124 514.585162823017 501.010512131911 491.741631141076 493.464134803185 495.197960486779 494.820690448468 481.015812800481 -9999 465.2371873122 474.267272949219 477.930434006911 475.085679274339 460.926250751202 440.342625544621 426.830608661358 416.662149282602
-9999 -9999 -9999 -9999 -9999 -9999 -9999 -9999 -9999 -9999 -9999 -9999 -9999 -9999 -9999 -9999 -9999 -9999 -9999 -9999 -9999 -9999 -9999 -9999 -9999 -9999 -9999 397.635044978215 428.784890981821 435.293172983023 421.413618821364 459.47988656851 510.352811373197 532.400822566106 555.221534142127 595.983872633714 612.980130709135 617.393235426683 614.572979266827 605.994591346154 590.576326810397 581.140629695012 576.901770958534 567.577190692608 569.675945575421 565.942577655499 541.660919189453 522.524061936599 507.386627197266 499.637202336238 500.090008075421 507.166924109826 510.406921386719 496.86519916241 487.838019737831 -9999 -9999 523.204284667969 531.723660982572 514.135188176082 488.51963688777 465.063711313101 -9999
-9999 -9999 -9999 -9999 -9999 -9999 -9999 -9999 -9999 -9999 -9999 -9999 -9999 -9999 -9999 -9999 -9999 -9999 -9999 -9999 -9999 -9999 -9999 -9999 -9999 -9999 391.454373873197 424.44141798753 450.208082932692 439.755087045523 444.204317533053 495.889826847957 533.898634690505 540.600858248197 563.268425574669 604.477905273438 621.226961576022 627.999610314002 632.221876878005 624.250633826623 603.347567044772 589.480255126953 583.546642596905 579.613677978516 586.412851186899 576.389751727764 549.888038048377 527.716724102314 511.759232741136 504.335876464844 504.620952899639 508.485736553486 511.839066725511 504.502579909105 498.627791184645 501.197235107422 509.359785813552 -9999 -9999 -9999 -9999 -9999 -9999
-9999 -9999 -9999 -9999 -9999 -9999 -9999 -9999 -9999 -9999 -9999 -9999 -9999 -9999 -9999 -9999 -9999 -9999 -9999 -9999 -9999 -9999 -9999 -9999 -9999 -9999 362.670346773588 415.082366943359 453.139202411358 453.614668626052 470.242732121394 504.123492901142 543.536902794471 542.190544715294 567.997502253606 606.684889573317 627.316833496094 636.807434082031 633.551785982572 618.592904897837 602.147489107572 589.696274977464 578.272686298077 570.162982647236 583.304910513071 577.866715651292 551.194699800932 527.132009652945 519.54289832482 511.970712515024 509.205453725962 511.772085336538 510.92228111854 505.553401066707 497.706092247596 497.532048152043 -9999 -9999 -9999 -9999 -9999 -9999 -9999
