rasters/bioclim/bio07.asc
NCOLS 720 
NROWS 300 
XLLCORNER -180 
YLLCORNER -60 
CELLSIZE 0.5 
NODATA_value -9999 
[rows 28 to 55 of 300, columns 63 to 125 of 720]
-9999 -9999 -9999 -9999 -9999 -9999 -9999 -9999 -9999 -9999 -9999 -9999 -9999 -9999 -9999 -9999 -9999 -9999 -9999 -9999 -9999 -9999 -9999 -9999 -9999 -9999 -9999 -9999 -9999 -9999 -9999 -9999 -9999 -9999 -9999 -9999 -9999 -9999 -9999 -9999 -9999 -9999 -9999 -9999 -9999 -9999 -9999 -9999 -9999 -9999 -9999 -9999 -9999 -9999 -9999 -9999 -9999 -9999 -9999 45.9769765413724 45.9823655348558 -9999 -9999
-9999 -9999 -9999 -9999 -9999 -9999 -9999 -9999 -9999 -9999 -9999 -9999 -9999 -9999 -9999 -9999 -9999 -9999 -9999 -9999 -9999 -9999 -9999 -9999 -9999 -9999 -9999 -9999 -9999 -9999 -9999 -9999 -9999 -9999 -9999 -9999 -9999 -9999 -9999 -9999 -9999 -9999 -9999 -9999 -9999 -9999 -9999 -9999 -9999 -9999 -9999 -9999 -9999 -9999 -9999 -9999 -9999 -9999 -9999 -9999 -9999 -9999 45.829956641564
-9999 -9999 -9999 -9999 -9999 -9999 -9999 -9999 -9999 -9999 -9999 -9999 -9999 -9999 -9999 -9999 -9999 -9999 -9999 -9999 -9999 -9999 -9999 -9999 -9999 -9999 -9999 -9999 -9999 -9999 -9999 -9999 -9999 -9999 -9999 -9999 -9999 -9999 -9999 -9999 -9999 -9999 -9999 -9999 -9999 -9999 -9999 -9999 -9999 -9999 -9999 -9999 -9999 -9999 -9999 -9999 -9999 -9999 -9999 -9999 -9999 -9999 -9999
-9999 -9999 -9999 -9999 -9999 -9999 -9999 -9999 -9999 -9999 -9999 -9999 -9999 -9999 -9999 -9999 -9999 -9999 -9999 -9999 -9999 -9999 -9999 -9999 -9999 -9999 -9999 -9999 -9999 -9999 -9999 -9999 -9999 -9999 -9999 -9999 -9999 -9999 -9999 -9999 -9999 -9999 -9999 -9999 -9999 -9999 -9999 -9999 46.0496744009165 46.2195871793307 46.3000015845666 46.7031120887169 46.6173559335562 46.6524279667781 46.836742401123 46.7877470163199 46.8245673546424 -9999 -9999 -9999 47.436942760761 47.4356639568622 -9999
-9999 -9999 -9999 -9999 -9999 -9999 -9999 -9999 -9999 -9999 -9999 -9999 -9999 -9999 -9999 -9999 -9999 -9999 -9999 -9999 -9999 -9999 -9999 -9999 -9999 -9999 -9999 -9999 -9999 -9999 -9999 -9999 -9999 -9999 -9999 -9999 -9999 -9999 -9999 -9999 -9999 -9999 -9999 -9999 -9999 -9999 -9999 -9999 -9999 46.2776753352239 46.179930466872 46.3421090932993 46.3312703646146 46.3846503037673 46.3070722726675 46.1915068993202 46.345344543457 47.0270456167368 47.1042703481821 47.3484849196214 47.5367733882024 47.4164188091572 47.5042161207933
-9999 -9999 -9999 -9999 -9999 -9999 -9999 -9999 -9999 -9999 -9999 -9999 -9999 -9999 -9999 -9999 -9999 -9999 -9999 -9999 -9999 -9999 -9999 -9999 -9999 -9999 -9999 -9999 -9999 -9999 -9999 -9999 -9999 -9999 -9999 -9999 -9999 -9999 -9999 -9999 -9999 -9999 -9999 -9999 -9999 -9999 -9999 -9999 48.0325939471905 46.4741973876953 46.131353525015 46.1135083712064 46.2148989163912 45.9735773526705 45.9187005849985 46.1522926917443 46.3230972290039 46.8836006751427 47.1435259305514 47.4718789320726 47.7042256868803 47.8420803363507 47.6776985755334
-9999 -9999 -9999 -9999 -9999 -9999 -9999 -9999 -9999 -9999 -9999 -9999 -9999 -9999 -9999 -9999 -9999 -9999 -9999 -9999 -9999 -9999 -9999 -9999 -9999 -9999 -9999 -9999 -9999 -9999 -9999 -9999 -9999 -9999 -9999 -9999 -9999 -9999 -9999 -9999 -9999 -9999 -9999 -9999 -9999 -9999 -9999 47.5086423433744 47.1534670316256 46.5350852379432 45.9544551555927 45.6232499342698 45.5712239192082 45.825082045335 45.9726084195651 45.943910745474 46.1122319148137 46.5280389052171 47.2095914987417 47.7329653226412 -9999 -9999 48.0458975571852
-9999 -9999 -9999 -9999 -9999 -9999 -9999 -9999 -9999 -9999 -9999 -9999 -9999 -9999 -9999 -9999 -9999 -9999 -9999 -9999 -9999 -9999 -9999 -9999 -9999 -9999 -9999 -9999 -9999 -9999 -9999 -9999 -9999 -9999 -9999 -9999 -9999 -9999 -9999 -9999 -9999 -9999 -9999 -9999 -9999 -9999 46.8484356219952 46.0265620304988 46.3843330970177 46.39239355234 46.0619389460637 45.493099799523 45.4883757371169 45.6283830495981 45.9179264948918 45.686278123122 45.7325873741737 46.3509477468637 -9999 -9999 -9999 47.6493738614596 47.9242867689866
-9999 -9999 -9999 -9999 -9999 -9999 -9999 -9999 -9999 -9999 -9999 -9999 -9999 -9999 -9999 -9999 -9999 -9999 -9999 -9999 -9999 -9999 -9999 -9999 -9999 -9999 -9999 -9999 -9999 -9999 -9999 -9999 -9999 -9999 -9999 -9999 -9999 -9999 -9999 -9999 -9999 -9999 -9999 -9999 -9999 -9999 -9999 -9999 45.931037902832 45.9893581683819 45.40155176016 45.0420106741098 44.7495613098145 45.5019777738131 45.7603533818172 45.4311147836538 -9999 -9999 -9999 47.0694958613469 47.3166272090032 47.6391754150391 47.8559361971342
-9999 -9999 -9999 -9999 -9999 -9999 -9999 -9999 -9999 -9999 -9999 -9999 -9999 -9999 -9999 -9999 -9999 -9999 -9999 -9999 -9999 -9999 -9999 -9999 -9999 -9999 -9999 -9999 -9999 -9999 -9999 -9999 -9999 -9999 -9999 -9999 -9999 -9999 -9999 -9999 -9999 -9999 -9999 -9999 -9999 -9999 -9999 -9999 -9999 -9999 44.7914064847506 44.4804972135104 44.5192524836614 -9999 -9999 -9999 -9999 -9999 -9999 -9999 -9999 -9999 -9999
-9999 -9999 -9999 -9999 -9999 -9999 -9999 -9999 -9999 -9999 -9999 -9999 -9999 -9999 -9999 -9999 -9999 -9999 -9999 -9999 -9999 -9999 -9999 -9999 -9999 -9999 -9999 -9999 -9999 -9999 -9999 -9999 -9999 -9999 -9999 -9999 -9999 -9999 -9999 -9999 -9999 -9999 -9999 -9999 -9999 -9999 -9999 -9999 -9999 -9999 -9999 -9999 -9999 -9999 -9999 -9999 -9999 -9999 -9999 -9999 -9999 47.5467799260066 47.9507857102614
55.196093926063 54.5592971214881 -9999 -9999 -9999 -9999 -9999 -9999 -9999 -9999 -9999 -9999 -9999 -9999 -9999 -9999 -9999 -9999 -9999 -9999 -9999 -9999 -9999 -9999 -9999 -9999 -9999 -9999 -9999 -9999 -9999 -9999 -9999 -9999 -9999 -9999 -9999 -9999 -9999 -9999 -9999 49.7483687767616 49.4745019766001 -9999 -9999 -9999 -9999 -9999 -9999 -9999 -9999 -9999 -9999 -9999 -9999 -9999 -9999 -9999 -9999 -9999 -9999 -9999 -9999
54.3984706585224 53.8956345778245 53.5135395343487 53.3591516934908 52.9390696012057 52.5479551462027 52.0153397780198 51.7854259197529 51.8107546292819 51.6642409104567 51.231131040133 50.4710790193998 49.4454196049617 49.0584106445312 -9999 -9999 -9999 -9999 -9999 -9999 -9999 -9999 -9999 -9999 -9999 -9999 -9999 -9999 -9999 -9999 -9999 -9999 -9999 51.7934118417593 52.0204279972957 52.0225686293382 51.9469836308406 50.807427919828 50.5089580829327 50.084781059852 49.5716332655687 48.952829507681 49.0735130310059 50.489795097938 -9999 -9999 48.4503778310922 45.8625541100135 -9999 -9999 -9999 45.845023228572 45.7893770658053 45.6571053725023 -9999 -9999 -9999 -9999 -9999 -9999 -9999 -9999 -9999
54.6070316021259 53.5358293973483 52.7070711576022 52.2735956632174 51.8356531583346 51.4313838665302 50.5441662715032 50.7725709768442 50.3169849102314 49.652460538424 49.7585672231821 49.4074378380409 49.0957004840557 48.8310071505033 48.5716036283053 48.6434651888334 48.7786225538987 49.3801483741173 50.5541032644419 52.0605864891639 -9999 -9999 -9999 -9999 -9999 58.9034702594464 54.8945453350361 54.0024610666128 53.8903964116023 53.6448475764348 53.0222182640663 53.0845495370718 53.3314534700834 53.5514945983887 53.5242156982422 53.0900136507474 52.576850597675 50.7501170818622 50.4183769226074 49.9373330336351 50.0166042034443 49.4805321326623 49.2775597205529 50.3091841477614 49.6404286898099 49.1344331594614 48.5052774869479 47.9542617797852 47.7882141700158 47.8651475172776 47.6450030987079 47.3188764131986 47.0465026268592 46.8160696763259 47.0079193115234 47.2546897301307 47.469720693735 47.863276554988 49.2467824495756 -9999 -9999 -9999 -9999
53.5808172959548 52.2601368243878 51.669376373291 51.4392480116624 51.3248376112718 50.6232073857234 50.9351516136756 50.9227482722356 50.5011165325458 50.3760044391339 50.3095371539776 50.1489565922664 49.8893221341647 49.663145505465 49.6667952904334 49.582457615779 49.6204640315129 50.2060587956355 50.7116625859187 51.7542466383714 53.7819433945876 56.578372661884 57.9305945176345 58.7161087623009 58.8380112281212 57.4091160113995 55.2888403672438 55.02375294612 55.516119150015 55.77995799138 55.6044607896071 55.2731915987455 54.878899207482 54.82549902109 54.5271224975586 54.3548261202299 53.9940816439115 53.6631094125601 53.2242783766526 52.8409998967097 52.7610147916354 51.9876104501578 51.5915753291203 51.0452379079965 50.4790570185735 49.8508104177622 49.3723895733173 48.9426472003643 48.8473375760592 48.5109786987305 48.5379981994629 48.4552855858436 48.4324009235089 48.4815078148475 48.4718079200158 48.4616608252892 48.5281606820913 48.6683220496544 49.0315108666053 50.0154700646034 50.6112001859225 51.3765654930702 51.236568744366
52.1483606191782 52.4880911020132 52.2794391925518 51.8833380479079 51.6145629882812 51.6733568631686 51.4078019949106 51.1535670940693 51.0851786686824 50.9449034470778 50.7853549076961 50.6928584759052 50.5801526583158 50.4590374873235 50.515498821552 50.6082889850323 50.8535338181716 51.4508212162898 51.8587989807129 52.1132548405574 52.4700478773851 52.6727735079252 53.0443493769719 53.3654700059157 53.9533295264611 55.0630475557767 56.2303698613093 56.8503755422739 57.4729335491474 58.0823845496544 57.8420260502742 57.1042049114521 56.5364391620343 56.0231135441707 55.8006136967586 55.6170956538274 55.7228505061223 55.5404991736779 55.1604068462665 54.7653987591083 54.3580069908729 53.5323069645808 52.874141399677 52.3062949547401 51.7005442105807 51.0621895423302 50.5488739013672 50.2167728130634 49.9948046757625 49.7364777785081 49.6377428494967 49.5482409550593 49.4098208500789 49.1568439190204 49.0169049776517 49.2056441673866 49.5421682504507 49.2544992887057 49.2655897874099 49.6017030569223 49.970942570613 50.4266835726224 -9999
53.4252727215107 53.6437084491436 53.2932466360239 53.338673224816 53.3627234238845 53.0699712313139 52.6456956129808 52.3435381375826 52.1178180988018 51.5357469411997 51.356808589055 51.3660648052509 51.02849314763 50.8532849825346 50.8403123708872 51.155389052171 51.3740674532377 52.054743546706 52.6579343355619 53.2767636225774 53.5142490680401 54.1083162747897 54.2107411898099 54.5970998910757 55.0719293447641 56.5662988516001 58.1290738032414 58.9460634084848 59.1619427020733 59.3660683265099 59.136589050293 58.5134054330679 57.9478689340445 57.7053618797889 57.4267821678748 57.2539881192721 57.0086878263033 57.0700055635892 56.9938433720515 56.8517194894644 56.4163615886982 55.4290571946364 54.9102651155912 54.2785242520846 53.6128358107347 52.9558161222018 52.4584796612079 51.8324813842773 51.4480734605056 51.2402604910044 51.0400012089656 50.9355016855093 50.6205420860877 50.2638056828425 50.0986592219426 50.0955464289739 50.1403207045335 49.9643096923828 50.4893317589393 50.9664961007925 51.1294391338642 51.3899729802058 -9999
54.0413830096905 54.2301814739521 53.9355228130634 54.142080453726 53.9209022521973 53.6100094134991 53.1822544978215 52.914609175462 52.7160770709698 52.3044078533466 51.9273848900428 51.6795657231257 51.637259556697 51.8583808312049 51.7576332092285 51.7095463092511 51.9523958059458 52.2918809744028 52.935546875 53.6298657930814 54.3153956486629 55.0724763136644 55.6269003061148 56.1213889488807 55.9253830542931 57.5395953838642 59.1564102172852 60.2525444030762 60.2290185781626 60.1593217116136 59.9771264883188 59.5144436176007 59.1320486802321 58.7113996652456 58.3756954486553 58.4331371600811 58.3860696645883 58.215587909405 58.4214668273926 58.6150365976187 58.0968862680288 57.1350473257212 56.2514575077937 55.5655385530912 54.8277394221379 54.2758463346041 53.7514557471642 53.3445164607121 52.8503952026367 52.5601950425368 52.4330177307129 52.0995882474459 52.1316889249361 52.9348640441895 53.5613825871394 53.6075031573956 53.5116782555213 53.0751674358661 52.2385834913987 51.8708959726187 51.9808387756348 52.2586666987493 -9999
55.2214411222018 55.1262987576998 54.7003511282114 54.4206848144531 53.9185547461877 53.4409611041729 52.9725646972656 52.6094562823956 52.5021908099835 52.3467216491699 52.2342813931979 52.3141805208646 52.3121340825007 52.1222795339731 52.0165534386268 51.9675064086914 52.1346814082219 52.7988046499399 53.3162260789138 54.2117491502028 54.9462265601525 55.4760856628418 56.0922452486478 56.6018902705266 56.7901314955491 57.422801384559 59.212760925293 60.0482667776255 60.3787472064678 60.3019118675819 60.1981843801645 59.8451649592473 59.5197486877441 59.3218947190505 59.0438443697416 59.1140873248761 59.4215307969313 59.6630580608661 59.7966067974384 60.0110461895282 59.516609778771 58.6019809429462 57.4668593773475 56.6654938917894 55.7325633122371 55.0862608689528 54.7671338594877 54.4939146775466 54.1843035771297 54.0016059875488 53.6048812866211 53.0827889075646 53.842466207651 58.3661598792443 61.6295327406663 62.1016696049617 61.5770868154672 59.9535936208872 55.2734005267803 52.2472947927622 52.1291500971868 52.4388418931227 -9999
55.4321952232948 55.2197462228628 54.6887283325195 54.2829771775466 53.7490636385404 53.2865040118878 52.9627195504995 52.6374758206881 52.4710845947266 52.1656987116887 52.2342749375563 52.3341686542218 52.3492933420035 52.4194963895358 52.4586627666767 52.1735690190242 52.2507828932542 52.6192650428185 53.5395047114446 54.8612621013935 55.8346815842849 56.4383495037372 56.9178073589618 57.4116225609413 57.8068856459398 57.6880989074707 58.7322114797739 59.6335032536433 60.2976253216083 60.4693166292631 60.3617682823768 60.2404697124775 59.9102372389573 59.8504180908203 59.673460153433 59.8753098707933 60.1323500413161 60.5307303208571 61.111017373892 61.8006201524001 60.792731651893 59.6223082909217 58.4857911330003 57.7186643160306 56.9302643996019 56.2819797809307 55.8142632704515 55.6278613163875 55.2998545720027 55.0658980149489 54.888727921706 54.4918438838078 55.662167769212 61.057422051063 64.8843093285194 65.0285233717698 64.49860059298 63.2921705979567 60.4450178879958 58.4605172964243 56.4386426485502 54.3578238854041 -9999
54.8148172818697 53.8239238445575 53.1927097027118 52.8551832345816 52.8191663301908 52.3586337749775 52.245124230018 52.1616070087139 52.1618000910832 51.9546186006986 51.8792393024151 51.7535256605882 51.8632827171913 52.1013119037335 52.4254872248723 52.3233622037447 52.5681595435509 53.0690885690542 54.0415901770959 54.9629349341759 56.2934039189265 56.8152638948881 57.2588677039513 57.9328548724835 58.431570493258 58.6502934969389 59.2215910691481 59.5416421156663 59.36060157189 59.3769672100361 59.5714170015775 59.2543836740347 58.9253061734713 59.0878272423377 59.1491323617788 59.2614176823543 60.0902099609375 60.6742644676795 61.0689697265625 61.3281669616699 60.8058354304387 59.9659212552584 58.7036558297964 58.1724609961877 57.2536045954778 56.8721266526442 56.4708648094764 56.2790955763597 55.7810633732722 55.532598055326 55.2533912658691 55.1201811570388 56.6682369525616 62.061822451078 65.3336639404297 65.0309366079477 64.4964188795823 64.9532690781813 64.9267000051645 64.5683077298678 61.1556232158954 55.4672514108511 -9999
54.3639857952411 53.9443291884202 53.3296731802133 52.5737709632287 51.9010893014761 51.5420535160945 51.2760423513559 51.1048340430627 51.15851857112 51.1985309307392 51.2854986924392 51.7414996807392 51.978584582989 52.1115998488206 52.3952173086313 52.4970207214355 52.7012813274677 53.343325981727 54.3457075265738 55.1326164832482 55.8173966040978 56.3418948833759 56.7293272752028 57.161559178279 57.5170549245981 57.9561685415415 58.4955508892353 58.3650932312012 58.0121401273287 57.448314666748 57.0232511667105 56.4995651245117 56.5456302349384 56.9108346792368 56.8083287752592 56.1155961843637 56.394157409668 57.4117686931904 57.7414955726037 58.158763885498 58.2377028832069 59.0340799184946 59.0595835172213 58.8086360051082 58.1461571913499 57.857667189378 57.662846491887 57.0452672518217 56.704658801739 56.6687026390663 56.3614044189453 56.4496386601375 56.6329011183519 57.8533568749061 58.6091942420373 58.5895544198843 58.9416926457332 58.7614109332745 58.4017495375413 58.1797450138972 57.0510559082031 55.2316272442157 -9999
54.0343481210562 54.5494346618652 53.6617663456843 52.439276768611 51.3161782484788 50.7415918203501 50.2684420072115 50.1473327049842 50.2131500244141 50.1540360083947 50.3779302743765 50.4847905085637 50.7200543330266 51.3481776897724 52.1974909855769 52.9191565880409 52.9397911658654 53.5154292766864 54.0442760174091 55.1281368549053 55.829891204834 55.7802050663875 56.4302124610314 56.5822862478403 56.6608423086313 56.2958740821252 56.1932094280536 56.2527861961952 55.90685741718 55.4618612436148 55.2463073730469 54.9463797349196 54.4257612961989 54.5172110337477 54.4848175048828 53.8404743488018 53.727407015287 54.1474022498498 53.9400752140925 53.8655213576097 53.8778319725623 54.3667141841008 55.4953821622408 57.5439083392803 58.5000466566819 58.1861296433669 57.9584385798528 58.0008715116061 57.4612802358774 57.3676335261418 57.5246338477502 57.4652372506949 57.2347905085637 57.3888849111704 57.3346898005559 57.0853256812462 56.876346881573 56.6894138042743 56.3716597923866 56.4580691410945 56.5252618056077 56.0834162785457 -9999
52.1862930884728 52.6417832007775 52.6000630305364 51.6385759206919 50.8965618426983 50.103566976694 -9999 -9999 -9999 -9999 49.8096583439754 50.0775850736178 50.095154102032 51.0715563847468 51.6812039888822 52.5267360393818 53.6696909390963 54.1312402578501 55.3404112595778 55.8984697782076 56.2411818871131 56.393667954665 56.6269331711989 56.6699567941519 56.9810600280762 56.8267954312838 56.8159919151893 56.1879087594839 56.049318753756 55.3607086768517 55.042346074031 55.0665409381573 54.2596596937913 54.1408477196327 53.7545438913199 53.176698244535 52.7335096505972 53.2879852881798 52.7809301523062 52.5961579542894 52.354252741887 52.5745057326097 53.7895158620981 55.5436172485352 57.0708421560434 57.5578818688026 57.9147682189941 58.532409961407 58.0978865990272 57.7297401428223 58.3318079434908 58.1800249539889 57.9204817551833 57.9734001159668 57.8872161278358 57.9995595491849 58.0826219411997 58.0529952416053 57.4435600867638 56.818545121413 56.4089050292969 56.5262415959285 -9999
48.3198060255784 47.7623381981483 47.6816620459923 48.074392758883 48.6427653386043 49.1930876511794 -9999 -9999 -9999 -9999 49.6994385352502 49.9694008460412 50.14147068904 50.5556596609262 51.0357877291166 51.9317530118502 52.9173184908353 54.2665998018705 55.5835644648625 56.9712770902194 57.7435719416692 58.4312069232647 58.3692406874437 58.0738096970778 57.9927702683669 57.7902591411884 57.0770472013033 56.7807678809533 56.5446580740122 56.3786773681641 56.1721878051758 54.8171850351187 54.3819204477163 53.8241941011869 53.2528833242563 52.9055478022649 52.6514974740835 51.9961166381836 51.6346215468187 51.1788623516376 51.6079483032227 51.6680872990535 51.6206342256986 53.0513842656062 54.844165802002 55.8479358966534 56.8321368877704 57.8210980341985 58.5399833092323 59.2306539095365 58.7399312532865 58.5714425307054 58.446664076585 58.2569172198956 58.1535430321327 58.4975767869216 58.5741571279672 58.4339928260216 57.6289476247934 57.0457165057843 56.8325248131385 56.2613240755521 -9999
46.6117753248948 47.0985629741962 47.087041414701 46.9416049076961 47.2115707397461 48.1880842355581 -9999 -9999 -9999 -9999 48.5589573199932 49.0259593083308 49.2668207608736 49.9691772460938 50.4590492248535 51.2563194861779 52.5253818218525 53.6697713411771 55.3916869530311 56.8139759944035 58.1685433020959 58.8330955505371 59.1441263052133 58.4817164494441 57.8234112079327 56.9035392174354 56.2484359741211 55.7633725679838 55.7275428771973 54.7652153602013 54.5060157775879 54.398196880634 53.9893009479229 53.0577260530912 52.4272607656626 52.3780678969163 51.5939066960261 50.907473050631 50.9334311852088 50.206844329834 49.6100707420936 49.1118431091309 49.623484978309 51.6780832730807 53.3022681016188 54.0592305110051 54.8939426128681 56.2391430781438 57.4158201951247 59.3075411869929 58.8787492605356 58.6876041705792 58.7506082974947 58.6807702871469 58.3622043316181 58.6173562269944 58.9573211669922 59.0223423884465 58.3054568950947 57.7444305419922 56.8542210505559 56.0897604135367 -9999
44.8740844726562 45.1444523151104 46.3828890873836 47.0363085820125 47.8102123553936 48.4051994910607 -9999 -9999 -9999 -9999 48.6351638207069 50.3990232027494 52.5072857783391 53.3836370614859 54.0055016737718 53.5050911536584 52.5025323721079 53.3129653930664 54.7284366901104 55.7377143272987 56.5489865816556 58.372557419997 58.8516238285945 58.047658773569 57.3978785001315 56.7815701411321 55.7868191645696 55.2346930870643 54.3290478633 53.7125211862417 53.8079983637883 53.5475942171537 52.9401168823242 52.6693320641151 52.5630416870117 51.5746768071101 50.9106040367713 49.7962705172025 49.501468365009 48.6922372671274 48.1041174668532 47.8209196237417 47.7746003957895 49.0214391855093 49.3866013746995 51.0335963322566 52.0153629596417 54.3784678532527 56.2610153785119 57.6905180124136 59.0312089186448 59.0450920691857 58.9387010427622 59.0511090205266 58.8352778508113 59.1852323091947 59.7097904498761 59.5775979849008 58.6698608398438 58.0326849130484 57.1814739520733 56.2055728618915 -9999
-9999 -9999 -9999 -9999 -9999 -9999 48.7273826599121 -9999 -9999 -9999 -9999 -9999 -9999 -9999 -9999 -9999 -9999 -9999 -9999 -9999 55.7412517254169 56.3073325523963 56.0748534569373 56.1043258080116 55.8559728769156 55.136177943303 54.4644470214844 54.1284446716309 52.9829330444336 52.6142812875601 52.3739133981558 52.734447479248 52.229128910945 52.160638662485 52.1235815194937 51.5448106619028 50.570928133451 49.7550151531513 47.834421304556 47.7420836228591 46.767030275785 47.085508786715 47.6437457158015 47.6979167644794 48.2453460693359 49.2989824735201 50.6435133127066 52.4200612581693 53.9291276198167 55.7473628704364 58.0425218435434 58.7484086843637 58.9269555898813 59.0085725050706 58.7160398043119 58.4795925433819 58.1293546236478 57.9241852393517 57.3141811077411 57.0242605942946 56.6239826495831 56.1187339195838 55.5639533996582
