rasters/bioclim/bio07.asc
NCOLS 720 
NROWS 300 
XLLCORNER -180 
YLLCORNER -60 
CELLSIZE 0.5 
NODATA_value -9999 
[rows 84 to 111 of 300, columns 378 to 440 of 720]
27.8546023735633 27.9923996558556 27.4419118441068 26.9179763793945 28.0546415769137 28.4500086857722 28.4324044447679 26.9027580848107 27.0922602139986 26.5961322784424 27.1616762601412 28.2071116520808 28.1118030548096 28.3494145320012 29.6075257521409 30.839107806866 31.550294142503 32.0351159022405 32.7297200423021 33.0502047905555 33.3476848602295 33.2635354262132 33.2868749178373 33.2878657120925 33.2152039454534 33.4111788823054 33.7692612868089 34.4680331303523 34.3669951512263 33.773825278649 33.9016387646015 33.8555448972262 35.042900965764 35.545849433312 35.9266859201285 36.1232760502742 36.3033300546499 36.2977623572716 36.2052483191857 36.0159991337703 35.9947817875789 36.0466678325947 36.239381643442 36.160289470966 36.3517699608436 36.7994819054237 37.3757350628193 38.0468600346492 38.6617557819073 38.9797823979304 38.9906090956468 38.8061197721041 38.4943768427922 39.0314841637245 39.3636125417856 39.2743976299579 39.2514082101675 39.175403888409 39.4566051776593 39.7754255441519 40.297476548415 40.6808876624474 41.0269845815805
26.1176539201003 25.405790915856 23.4374769650973 23.3478145599365 24.8411972339337 26.4169866121732 27.0794509007381 24.210254082313 24.8163744119497 24.7074094919058 25.8891892066369 26.8254262484037 29.1048440199632 29.8097036801852 30.3354412959172 31.2000474196214 31.8536158341628 31.9718774648813 32.7439820216252 33.2359843620887 33.5702263758733 33.4271659851074 33.4283819932204 33.1679718311016 33.1872860835149 33.380770609929 33.5670022230882 33.6515498528114 34.1273671663724 34.3711985074557 35.0076478811411 34.9054753230168 35.0617263500507 35.6438008821928 36.3016979510968 36.3132438659668 36.2006516089806 36.113166809082 36.0294961195726 35.8399890019343 35.5917731065017 35.3933351956881 35.1904585911677 35.1088482783391 35.2758313692533 35.7567367553711 36.4864751375639 37.3050478421725 38.1068376394419 38.6814909714919 38.7590560913086 38.4850032512958 38.2579108018142 38.536184164194 38.9202566880446 38.8428755540114 38.5532267643855 38.5706241314228 38.9734461857722 39.4368060185359 39.8371420640212 40.2987800011268 40.6153758122371
22.2414219196026 22.8742417555589 21.5329340421236 22.201819053063 24.9521639897273 24.2761964064378 23.6389906956599 25.3468136420617 26.0885113936204 28.3093779637263 31.9686094430777 31.09529539255 31.8412950955904 31.6892424363356 31.9861473670373 31.8104118934044 32.0947368328388 32.4373305394099 32.8319373497596 33.3676241361178 33.4975864703839 33.331180865948 33.4225871746357 33.1976165771484 33.2344008225661 33.1853502713717 32.8438384716327 32.1253412686861 32.782841022198 34.6747034513033 35.722569832435 35.9573041475736 35.5626581632174 35.9329872131348 36.0173562856821 36.1847038269043 35.9667663574219 35.9543665372408 35.8130114628718 35.5023296062763 35.0417035909799 34.524957216703 33.9839584644024 33.6837856586163 34.0605801802415 34.6186077411358 35.3702336824857 36.4495632465069 37.5287170410156 38.5795264610877 38.4662854121282 37.9390581571139 37.6160615774301 37.5656541677622 37.5969270559458 37.440978710468 36.5524139404297 36.8925457000732 38.5473800072303 39.3210895244892 39.6609282860389 39.9660940903884 40.5183275662936
24.6266555786133 23.0313804333027 23.458881524893 23.541783112746 27.8256772848276 25.2111593393179 26.2437006143423 29.6005152188815 30.0493767078106 26.5977615943322 29.23940379803 30.1234336266151 28.6007781395545 30.9182306436392 30.5465765732985 31.6347675323486 32.2026073749249 32.6570000281701 33.0143991617056 33.2466693291297 33.3035185887263 33.1454596886268 33.2209053039551 32.9629390423114 32.7914295196533 32.6118076031025 32.2192167135385 32.0622366391695 31.7916732201209 34.3026057023269 35.3692663632906 35.903375185453 36.1528666569636 36.6965053264911 36.0378561753493 35.9540736858661 35.8812895554763 35.7183518042931 35.6399399684026 35.2881546020508 34.7126677586482 34.0812260554387 -9999 -9999 -9999 -9999 34.0954456329346 35.1651741908147 36.7532923771785 38.0843106783353 37.8534451998197 37.1709216191218 35.9830800569974 36.7433779789851 38.4397002000075 38.070362677941 37.3471034123347 36.5508485940787 38.1776112776536 38.8199357252855 39.0808633657602 39.3056449890137 39.8015028146597
31.0942337329571 30.5177763425387 29.5110419346736 29.5777966425969 30.2010167928842 31.0526959345891 30.4001400287335 29.7229969318096 -9999 29.2232875823975 29.9635708148663 30.496295782236 29.9059955890362 30.1123544252836 29.8856214376596 31.6504993438721 32.3045212672307 32.5821713667649 32.900583413931 33.0919739649846 33.1441103128287 33.0579946958102 32.9904421292819 32.7705063453087 32.5197372436523 32.3330182295579 31.4452288700984 31.5809736985427 32.352820616502 31.8387335263766 34.2679747067965 33.9317182394174 34.9159883352426 35.5379268939678 34.835337125338 35.0886066143329 35.8395356398362 35.6985024672288 35.4022334172175 35.1609689272367 34.4992181337797 33.6154729402982 -9999 -9999 -9999 -9999 -9999 -9999 35.6947784423828 36.7863000723032 36.6838393578163 36.38268162654 36.9813336592454 38.1068558326134 38.8229114825909 38.2099216167743 37.1117156102107 36.6396896655743 37.259853216318 37.8462470127986 38.0368598057673 38.1958970289964 38.7745264493502
31.769804587731 31.6275869516226 32.6441085521991 32.7723171527569 32.1134794675387 30.8373669844407 -9999 -9999 -9999 27.9837671426626 28.2240712092473 29.5169580899752 29.835227232713 30.2139591803918 30.0417894216684 31.2848261319674 31.8163989140437 32.2881025167612 32.6317534813514 32.7889545147236 32.9882513192984 32.8225081517146 32.8273921379676 32.7628853137677 32.4043069986197 31.4451904296875 30.3525220430814 29.1440701117882 31.9695220360389 31.8784722548265 33.3300646268404 33.4817236386813 32.6149620643029 33.1837243300218 35.1112119234525 35.5926569425143 35.661974980281 35.2469834547776 34.7462483919584 34.5660316760723 33.7365285433256 -9999 -9999 -9999 -9999 -9999 -9999 -9999 34.0429432208721 35.2336648794321 35.346824499277 35.0873046288123 35.2451117588923 35.5240654578576 35.8416454608624 35.6328637049748 35.4006438622108 35.4082487546481 35.9025851029616 36.3758508242094 36.4599053309514 36.6387798602764 37.3329168466421
26.9181850139911 27.8763520167424 30.3914024646466 31.9750279646653 32.0484148172232 -9999 -9999 -9999 -9999 -9999 -9999 29.8795786637526 30.6915705754207 29.9415214245136 30.1154999366173 30.4388512831468 31.2664357698881 31.7151214893048 32.0522510822003 32.203850379357 32.6298966040978 32.5825610527625 32.5342344137338 32.3597004230206 32.2100345905011 31.3818168640137 31.1591950930082 32.2708435058594 33.3756700662466 34.2983590639555 35.2242289323073 35.6448066417988 35.6392826667199 35.7273700420673 35.708003117488 35.569202716534 35.4637967623197 34.5142258864183 33.2899564596323 32.5542404468243 -9999 -9999 -9999 -9999 -9999 -9999 -9999 -9999 -9999 32.6432875119723 33.1836057809683 -9999 -9999 -9999 -9999 -9999 -9999 33.7637274815486 34.1711883544922 34.3720280573918 34.416270329402 34.930515729464 35.919029382559
-9999 25.147035745474 25.0459858820989 26.0107787205623 27.601554283729 29.7330288520226 29.4727131770207 -9999 -9999 -9999 -9999 -9999 35.3762854062594 31.6328314267672 28.6779682452862 29.4464811178354 30.8862694960374 31.4086174598107 31.4512946789081 31.0360069274902 31.2433575850267 31.2443830049955 31.4672578664926 31.6424070504995 31.9614828549899 30.8670435685378 31.326729114239 32.4908532362718 33.0736318734976 34.0932599581205 35.2276304685153 35.5403405703031 35.3651971083421 35.3850815112774 35.3405494689941 35.0709744966947 35.0938964256873 33.7063886202299 32.0437253805307 -9999 -9999 -9999 -9999 -9999 -9999 -9999 -9999 -9999 -9999 -9999 -9999 -9999 -9999 -9999 -9999 -9999 -9999 -9999 -9999 -9999 32.7650287334736 35.1004367241493 35.9191435300387
-9999 -9999 -9999 28.3128050290621 28.516265135545 26.3169408944937 26.6737792675312 27.5853782066932 28.4925047067495 -9999 -9999 -9999 -9999 30.9530947758601 31.3876391190749 30.7885354849008 30.2963039691632 30.1293415656457 30.6533738649808 30.9475468855638 31.247404391949 30.954072365394 31.3165093935453 31.6305084228516 31.9094908787654 31.3470194889949 31.5121292701134 32.0502951695369 32.4962159670316 33.7678831540621 34.9108472970816 35.3819544865535 35.2698873373178 35.077857531034 34.7284333155705 34.2220714275654 33.5900054344764 32.2900351010836 30.8745448772724 -9999 -9999 -9999 -9999 -9999 -9999 -9999 -9999 -9999 -9999 -9999 -9999 -9999 -9999 -9999 -9999 -9999 -9999 -9999 -9999 -9999 -9999 31.0121247218205 36.9367408752441
-9999 -9999 -9999 27.5419640174279 28.0483030172495 28.5122112861046 27.9100619096022 26.8766093620887 27.9510478973389 28.9457852290227 -9999 -9999 -9999 -9999 -9999 29.9457200857309 29.2857036590576 29.7105680612417 30.1681060791016 30.4553681887113 30.8250557826116 31.352426969088 31.4147608830379 31.3368882399339 31.6151696718656 31.903036410992 31.1421099442702 31.0773507631742 31.7467952141395 32.9080967536339 34.2014248187725 34.6893089000995 35.0045350881723 34.5974392524132 33.9312277573806 33.2087509448712 32.2097665346586 30.8495900080754 -9999 -9999 -9999 -9999 -9999 -9999 -9999 -9999 -9999 -9999 -9999 -9999 -9999 -9999 -9999 -9999 -9999 -9999 -9999 -9999 -9999 -9999 -9999 -9999 -9999
-9999 -9999 27.0922609475943 -9999 27.8601988278903 27.9057888617882 29.1538394047664 28.594975398137 26.146203994751 28.3406242957482 -9999 -9999 -9999 -9999 -9999 -9999 -9999 29.426705287053 29.798207796537 30.1943542773907 30.7215015704815 31.1526650648851 31.7298740973839 32.4647846221924 32.1627788543701 32.1239489041842 31.3780457423284 31.195373241718 31.2634610396165 31.8435509021466 32.7373796609732 33.2169054471529 33.5330231006329 33.662556721614 33.0202498802772 32.4341128422664 31.347231057974 30.1183674152081 -9999 -9999 -9999 -9999 -9999 -9999 -9999 -9999 -9999 -9999 -9999 -9999 -9999 -9999 -9999 -9999 -9999 -9999 -9999 -9999 -9999 -9999 -9999 -9999 -9999
25.2772543980525 -9999 -9999 -9999 -9999 27.3633730961726 28.5262236961952 29.7035622229943 26.3266735076904 26.8670630821815 28.0203163440411 -9999 -9999 -9999 -9999 -9999 -9999 -9999 -9999 -9999 31.1250063089224 31.1796942490798 31.9479399461013 31.7779607039232 32.3633713355431 32.4757217994103 31.3855325258695 31.5545818622296 31.2560528975267 31.5148611802321 32.8679379683274 33.9947355710543 33.9407903231107 33.5046226794903 33.0074052077073 32.3913314525898 31.3451708280123 29.9574942955604 -9999 -9999 -9999 -9999 -9999 -9999 -9999 -9999 -9999 -9999 -9999 -9999 -9999 -9999 -9999 -9999 -9999 -9999 -9999 -9999 -9999 -9999 -9999 -9999 -9999
27.6689764169546 -9999 -9999 -9999 -9999 -9999 -9999 28.8670068887564 29.6344328660231 28.6446128258338 26.9326224693885 27.077422948984 27.508784367488 28.6348849076491 -9999 -9999 -9999 -9999 -9999 -9999 -9999 31.4521347926213 31.5234241485596 31.0873272235577 31.751892383282 33.270514855018 33.3577043093168 32.1672699268048 31.7302416287936 31.8571020273062 31.8458215273344 32.0574959975023 32.6709993802584 32.908793082604 32.7752733964186 32.5974735846886 31.7149600982666 30.3668792431171 -9999 -9999 -9999 -9999 -9999 -9999 -9999 -9999 -9999 30.4466319450965 32.2885247744047 32.4720203693096 31.5136089324951 30.476918734037 -9999 -9999 -9999 -9999 -9999 -9999 -9999 -9999 -9999 -9999 -9999
26.1910783327543 -9999 -9999 -9999 -9999 -9999 -9999 -9999 -9999 27.1404967674842 26.9322696098915 26.7015983874981 26.8462131206806 28.4943373753474 27.6240871136005 -9999 -9999 -9999 -9999 -9999 -9999 30.1030543400691 30.4489297133226 30.6642772967999 31.9448380103478 32.779620390672 32.7860620938815 33.0538682204026 32.3905937488262 31.925837296706 31.6120545313909 31.4478946098915 31.5096485431378 31.9074337299053 32.3650380648099 32.6001299344576 32.0283864828256 30.0995589036208 28.498771080604 27.1652387472299 -9999 -9999 -9999 -9999 -9999 29.9566858731783 31.1767010321984 33.0684899550218 34.6647688058706 35.0363200261043 33.745973440317 32.8501294943003 31.5946168165941 31.3578752370981 28.9413240872897 26.3244802034818 -9999 -9999 -9999 -9999 -9999 -9999 -9999
24.2951676295354 -9999 -9999 -9999 -9999 -9999 -9999 -9999 -9999 -9999 -9999 25.5568441244272 25.0925515981821 25.3995431753305 26.3241232358492 29.1220242426946 31.9914409930889 -9999 -9999 -9999 -9999 29.0156957919781 30.1429477104774 30.783784866333 31.7980477259709 32.7466160700871 33.1423404400165 32.6078948974609 31.8052806854248 31.0142876551701 -9999 29.6820043417124 -9999 -9999 31.6851790501521 32.6622044489934 30.2960473574125 29.5069380540114 29.9100145193247 28.5021183307354 27.2768654456505 27.6957240471473 28.8218810741718 30.7143327272855 32.4264543973483 34.1602312234732 34.8771195044884 35.8834092066838 36.6881185678335 36.6050297663762 35.2030193622296 34.7532376509446 34.8147754669189 34.6152763366699 33.9010155017559 33.0516700744629 32.9338334890512 33.1347299722525 34.7230386000413 35.1252965193528 36.5289695446308 37.3501806992751 39.0226240891677
24.3178747617281 -9999 -9999 -9999 -9999 -9999 -9999 -9999 -9999 -9999 -9999 -9999 24.5241193037767 24.4030827742357 24.9817416851337 -9999 -9999 -9999 26.4960161355826 -9999 -9999 28.3520702948937 29.930796109713 31.032412308913 32.0610131483812 32.4119237753061 32.268616602971 -9999 30.6579605982854 -9999 32.0346144162692 -9999 -9999 -9999 30.718293263362 31.6060582674467 30.1204374753512 28.4994656489446 28.5986762413612 29.4736307584322 29.1179137596717 29.994834459745 31.4077711838942 32.9893721066988 33.8399389707125 34.9264853550838 36.181953723614 37.0504925067608 37.2994889479417 37.0866907559908 36.0448734576886 35.9258843935453 36.6595752422626 37.2850735004132 36.9007310133714 36.7714518033541 37.3949200556828 38.0409716092623 37.9227603032039 39.6574533902682 39.9963229252742 41.4808103121244 42.5687399644118
24.5739059448242 -9999 -9999 -9999 -9999 -9999 -9999 -9999 -9999 -9999 -9999 -9999 -9999 -9999 24.0552027775691 -9999 -9999 -9999 -9999 -9999 -9999 29.3604790614201 30.9710002312293 31.3990930410532 31.7290815206674 32.1570607698881 32.5635508023776 31.6897232349102 -9999 -9999 -9999 -9999 -9999 -9999 27.2115124922532 31.3254979940561 31.0164621793307 30.463079892672 30.5815915327806 30.8227921999418 31.7082908336933 32.1063480377197 33.6952662834754 34.4343362954947 34.4226226806641 34.9606820620023 36.6163887610802 37.6162006671612 37.1623699481671 36.4072617750901 36.0587968092698 36.0271715017465 37.8104385962853 39.2406044006348 39.6786774855394 39.7714444673978 40.3716480548565 40.7976675767165 40.8832089350774 41.5287047166091 42.6494991595928 43.7305720402644 43.9803146949181
24.7752441993126 -9999 -9999 -9999 -9999 -9999 -9999 -9999 -9999 -9999 -9999 -9999 -9999 -9999 23.6574862553523 25.2332063821646 -9999 -9999 -9999 -9999 -9999 -9999 -9999 30.8609674893893 30.6602495633639 31.2667305286114 31.4680916712834 30.8384867448073 31.2448196411133 -9999 -9999 -9999 -9999 -9999 26.2078367379995 28.9604244232178 31.8801879882812 32.6447560237004 32.3839227236234 32.4798055795523 32.802929511437 33.4727959266076 34.3669960315411 34.7779517540565 34.7783059340257 35.1534690856934 36.5336702786959 37.6910168574407 37.4517320486215 36.1122209108793 36.3631004920373 36.9489473196176 39.515689262977 40.9684483454778 41.4137810927171 41.4468210660494 42.1347236633301 42.3057350745568 41.8278227586013 42.2971068162185 43.2124399038462 44.9571829575759 43.2788405785194
-9999 -9999 -9999 -9999 -9999 -9999 -9999 -9999 -9999 -9999 -9999 -9999 -9999 -9999 23.5835327735314 -9999 -9999 -9999 -9999 -9999 -9999 -9999 -9999 29.4848088484544 29.8902957622822 30.3948359856239 30.6183245732234 30.1723785400391 -9999 -9999 -9999 -9999 -9999 -9999 -9999 -9999 32.1274541708139 34.1607042459341 33.8768605452317 33.5348635453444 33.5616540175218 34.28002342811 34.5948867797852 34.9343886742225 34.8722867232103 35.3324637779823 36.8521933922401 37.8889292203463 37.7327449505146 37.1383960430439 36.5513651921199 36.3767359806941 39.8706706120418 41.9694830087515 41.4458970289964 41.7897206819974 42.732595883883 42.6528581472544 41.6398872962365 41.8655219444862 43.2677571223332 45.2212844261756 44.8173701946552
-9999 -9999 -9999 -9999 -9999 -9999 -9999 -9999 -9999 -9999 -9999 -9999 -9999 23.4049327556904 23.6148838630089 -9999 -9999 -9999 -9999 -9999 -9999 -9999 -9999 -9999 -9999 27.6013075021597 -9999 -9999 30.3249100905198 29.3451869671161 -9999 -9999 -9999 -9999 -9999 27.7415191943829 30.9652693821834 34.0063759730412 34.3569001417894 33.8101419302133 33.6766175490159 34.6401094289926 34.4839779780461 34.4726069523738 34.4236780313345 35.2242676661565 37.0989720271184 37.7090187072754 38.0501550527719 37.9074962322529 37.0032028785119 36.8278136620155 38.0731887817383 40.3907758272611 40.5365004906288 41.2277975815993 42.3276279156025 42.4325021597055 41.8599718534029 41.6021766662598 42.1703679011418 41.8829298753005 44.2168177091158
-9999 -9999 -9999 -9999 -9999 -9999 -9999 23.0263133415809 22.6758358295147 22.4154214125413 22.7040995084322 22.8700507237361 -9999 -9999 -9999 -9999 -9999 -9999 -9999 -9999 -9999 -9999 -9999 25.9204927591177 -9999 27.3441561185397 29.1402510129488 29.2533431419959 -9999 -9999 -9999 -9999 -9999 -9999 -9999 29.7376937866211 28.8468927236704 32.9533129471999 34.4404493478628 34.7156840104323 35.3491835960975 35.2493975712703 34.778660260714 34.6502940838154 34.8671283721924 35.2630701798659 35.9151510091928 36.9003325242263 38.3648329514724 38.7295406048114 37.5452029888447 36.5733143733098 37.2317997859075 37.8213524451623 39.2762348468487 40.7422147897574 42.0715340834398 41.8865415132963 40.7552766066331 40.6174152080829 41.3335841252254 42.4863381019005 44.271730863131
-9999 28.1721952878512 -9999 -9999 -9999 -9999 -9999 -9999 -9999 22.3996825584999 22.5860830453726 22.7647157815787 -9999 -9999 -9999 -9999 -9999 -9999 -9999 -9999 -9999 -9999 -9999 -9999 -9999 26.6040870959942 28.9670150463398 29.2133902036227 -9999 -9999 -9999 -9999 -9999 -9999 -9999 -9999 -9999 31.6237709338848 33.5506785466121 34.8456076108492 36.1289875323956 35.4643741020789 34.9073578761174 33.469907613901 34.3585460369404 34.8091508425199 34.5883020254282 35.7405507014348 37.6058420034555 37.5186462402344 36.0119972229004 35.3675409463736 32.4778891343337 32.794912484976 34.7267549954928 38.138115809514 39.9138876108023 41.1365963862493 41.2926430335412 40.7175909189078 41.908947284405 43.3195322476901 43.9077394925631
30.8205896524283 29.9139383756197 29.1250460698054 28.9889315091647 -9999 -9999 -9999 -9999 -9999 -9999 -9999 23.0861169374906 -9999 -9999 -9999 -9999 -9999 -9999 -9999 -9999 -9999 -9999 -9999 -9999 -9999 -9999 -9999 -9999 -9999 -9999 -9999 -9999 27.1641773810753 -9999 -9999 -9999 -9999 -9999 28.8531218308669 31.0835572756254 34.1773577470046 35.4816178541917 35.0161423316369 -9999 -9999 30.6709597660945 33.4139526073749 34.1461508824275 35.929251744197 35.7264897273137 33.1787520188552 -9999 30.5778880486122 28.1869448148287 31.1173367133507 34.775256230281 38.5437601529635 40.8454082195575 41.6426394535945 41.5626159081092 42.4285636314979 43.8501853942871 44.3096457261306
32.2992572784424 31.5049623342661 30.5273824838492 -9999 -9999 -9999 -9999 -9999 -9999 -9999 -9999 -9999 -9999 -9999 -9999 -9999 -9999 -9999 -9999 -9999 -9999 -9999 -9999 -9999 -9999 -9999 -9999 -9999 -9999 -9999 -9999 -9999 -9999 -9999 -9999 -9999 -9999 -9999 -9999 -9999 -9999 31.6795868506798 -9999 -9999 -9999 -9999 -9999 32.3437084784875 33.3382289593036 31.6383804908166 -9999 -9999 -9999 -9999 30.465751354511 34.1835978581355 38.0036882253794 40.1002021202674 41.1018081078163 41.7262825599084 42.3770455580491 43.3787410442646 43.8078393202562
33.2277010404147 32.4097448495718 31.5029161893404 30.6765832167405 -9999 -9999 -9999 -9999 -9999 -9999 -9999 -9999 -9999 -9999 -9999 -9999 -9999 -9999 -9999 -9999 -9999 -9999 -9999 -9999 -9999 -9999 -9999 -9999 -9999 -9999 -9999 -9999 -9999 -9999 -9999 -9999 -9999 -9999 -9999 -9999 -9999 -9999 -9999 -9999 -9999 -9999 -9999 -9999 -9999 -9999 -9999 -9999 -9999 -9999 31.3128185272217 35.4006799551157 37.9823737511268 39.7190965505747 40.677129305326 41.2689343965971 41.9552973233736 42.2471554095928 42.6444966242864
33.512349495521 32.4355459946852 30.7484023754413 29.4326016352727 -9999 -9999 -9999 -9999 -9999 -9999 -9999 -9999 -9999 -9999 -9999 -9999 -9999 -9999 -9999 -9999 -9999 -9999 -9999 -9999 -9999 -9999 -9999 -9999 -9999 -9999 25.5150181696965 24.7136893639198 24.1054686032809 23.6453497960017 27.3333622859075 -9999 -9999 -9999 -9999 -9999 -9999 -9999 -9999 -9999 -9999 -9999 -9999 -9999 31.5941134232741 28.9598510448749 -9999 -9999 -9999 -9999 31.4907475985014 36.7423917330228 38.6213528559758 39.8481756357046 40.4671437190129 40.9511105464055 41.5564355116624 41.6190713735727 41.6374036348783
32.8620514502892 31.0348240778996 29.3129319411058 28.0916090745192 -9999 -9999 -9999 -9999 -9999 -9999 -9999 -9999 -9999 -9999 -9999 -9999 -9999 -9999 -9999 -9999 -9999 -9999 -9999 -9999 -9999 -9999 -9999 -9999 -9999 -9999 -9999 -9999 -9999 -9999 -9999 -9999 -9999 -9999 -9999 -9999 -9999 -9999 -9999 -9999 -9999 -9999 -9999 27.2282926119291 28.7347238980807 -9999 -9999 -9999 -9999 -9999 31.9793736384465 36.6314673790565 38.9969426668607 39.8316999582144 40.2196115347055 40.7001709571252 40.8258746220515 41.1062454810509 41.5590297992413
32.6712737450233 29.6967883476844 -9999 -9999 -9999 -9999 -9999 -9999 -9999 -9999 -9999 -9999 -9999 -9999 -9999 -9999 -9999 -9999 -9999 -9999 -9999 -9999 -9999 -9999 -9999 -9999 -9999 -9999 -9999 -9999 -9999 -9999 -9999 -9999 -9999 -9999 -9999 -9999 -9999 -9999 -9999 -9999 -9999 -9999 -9999 -9999 -9999 -9999 -9999 -9999 -9999 -9999 -9999 26.8653992872972 34.1359864748441 37.3915108900804 38.9994524442233 39.641605083759 39.8748450646034 40.3127089280349 40.9468650817871 41.3161327655499 41.6600667513334
