rasters/bioclim/bio06.asc
NCOLS 720 
NROWS 300 
XLLCORNER -180 
YLLCORNER -60 
CELLSIZE 0.5 
NODATA_value -9999 
[rows 224 to 251 of 300, columns 189 to 251 of 720]
-9999 -9999 -9999 -9999 -9999 -9999 -9999 -9999 -9999 -9999 -9999 -9999 -9999 -9999 -9999 -9999 -9999 -9999 -9999 -9999 -9999 -9999 -9999 -9999 -9999 -9999 -9999 -9999 -9999 -9999 7.40369158524733 4.62882019923283 2.94042024245629 -2.13726010689369 -6.01669021753164 -12.3771626399114 -11.1346974739662 -11.0553905780499 -8.91697054642897 -7.58496614602896 -8.7513699898353 1.20881369939217 6.79974357898419 8.35253257017869 9.92473213489239 10.0742084063016 10.2793214504535 10.5665730696458 11.1184304310725 12.0057946718656 12.6585374978872 12.8916739683885 13.0746611815233 13.4539738435012 13.8290877709022 14.0550828346839 13.8345639889057 13.4033761391273 12.4956450829139 11.0578715984638 10.8806002690242 10.9042446429913 11.5209151781522
-9999 -9999 -9999 -9999 -9999 -9999 -9999 -9999 -9999 -9999 -9999 -9999 -9999 -9999 -9999 -9999 -9999 -9999 -9999 -9999 -9999 -9999 -9999 -9999 -9999 -9999 -9999 -9999 -9999 -9999 6.71325874328613 3.98019462365371 2.26147808478429 -1.69101705000951 -4.62168748562153 -11.8836102852455 -12.002220593966 -11.6617534344013 -10.1417226057786 -7.68218205525325 -8.41049590477577 3.97669320840102 8.20381535016573 9.30207340533917 9.85081188495343 9.74684011019193 9.88867414914645 10.3717071093046 10.8781046500573 11.4225333287166 12.0747441511888 12.2583295381986 12.4422966883733 12.7197733659011 13.1168416096614 13.4454419062688 13.2840835864727 12.9757106487568 12.3083320764395 10.8296226354746 10.5077442756066 10.8518335635845 10.9700230818528
-9999 -9999 -9999 -9999 -9999 -9999 -9999 -9999 -9999 -9999 -9999 -9999 -9999 -9999 -9999 -9999 -9999 -9999 -9999 -9999 -9999 -9999 -9999 -9999 -9999 -9999 -9999 -9999 -9999 -9999 7.2923824603741 4.03857597937951 0.585818662093236 -2.85392752060523 -1.01680686840644 -9.89783617166372 -10.5557472522442 -9.85982938913199 -10.1126249019916 -8.47348587329571 -7.95014729866615 -0.215146287711552 8.69862585801345 9.44699346102201 9.59281591268686 9.69098025101882 9.87272335932805 10.1692764575665 10.7283278978788 11.0124538128193 11.3279895782471 11.548701946552 11.6806717652541 11.8607753606943 12.2468438515296 12.6496499134944 12.7657859508808 12.6911858045138 12.2310190934401 11.0439203702486 10.4103493323693 10.3762343480037 10.8049677335299
-9999 -9999 -9999 -9999 -9999 -9999 -9999 -9999 -9999 -9999 -9999 -9999 -9999 -9999 -9999 -9999 -9999 -9999 -9999 -9999 -9999 -9999 -9999 -9999 -9999 -9999 -9999 -9999 -9999 -9999 6.67796787848839 4.64677931712224 -0.182764006348757 -2.79990426393656 -2.7604876940067 -10.3961342298068 -10.5767785585844 -9.86139803666335 -8.39193399135883 -8.29537432010357 -3.1899183346675 4.73486588551448 8.04560532936683 9.13148843325101 9.35240613497221 9.5870994421152 9.83006858825684 10.0547626201923 10.4102593935453 10.5465349050669 10.7911051970262 11.1068002260648 11.2760788844182 11.479868375338 11.9753152407133 12.4296560287476 12.5602281276996 12.5197757574228 11.9502868652344 10.975763467642 10.0158374492939 10.1259467051579 10.2853026023278
-9999 -9999 -9999 -9999 -9999 -9999 -9999 -9999 -9999 -9999 -9999 -9999 -9999 -9999 -9999 -9999 -9999 -9999 -9999 -9999 -9999 -9999 -9999 -9999 -9999 -9999 -9999 -9999 -9999 -9999 2.50292690900656 3.21472995097821 -1.68335693157636 -5.94707723764273 -8.62888508576613 -9.25105953216553 -9.5415924512423 -10.8974637985229 -10.5689818308904 -9.12568195049579 1.70739956085499 5.45506990872897 4.24124369254479 8.60591609661396 9.20929710681622 9.4401912689209 9.58326530456543 9.67010710789607 9.96426538320688 10.3204268675584 10.6080698600182 10.8323053213266 11.0996755453256 11.4384274115929 12.0171949680035 12.5170398858877 12.7225073300875 12.5268184221708 11.8574151259202 10.913033412053 9.65750334813045 9.56174931159386 9.45201719724215
-9999 -9999 -9999 -9999 -9999 -9999 -9999 -9999 -9999 -9999 -9999 -9999 -9999 -9999 -9999 -9999 -9999 -9999 -9999 -9999 -9999 -9999 -9999 -9999 -9999 -9999 -9999 -9999 -9999 -9999 -0.527587884893784 -0.193431808684881 -3.79989167360159 -7.62760936296903 -10.1062919176542 -6.76573551618136 -8.75748997468215 -9.50646862616906 -10.2676934462327 -4.97913569670457 1.99381640324226 2.40067017995394 5.67036863473746 8.00802124463595 8.67562730495746 8.9084991308359 9.1501206618089 9.10144277719351 9.48966363760141 9.92671071566068 10.322987483098 10.4562944265512 10.7019572624793 11.1501746544471 11.81268457266 12.6178262417133 12.7838478088379 12.2639430119441 10.8866799427913 10.1408425111037 9.4908593251155 9.00524762960581 8.73563865514902
-9999 -9999 -9999 -9999 -9999 -9999 -9999 -9999 -9999 -9999 -9999 -9999 -9999 -9999 -9999 -9999 -9999 -9999 -9999 -9999 -9999 -9999 -9999 -9999 -9999 -9999 -9999 -9999 -9999 -9999 2.59468961679018 -0.850010775602781 -5.69848328370314 -8.7197364293612 -9.85673038776104 -9.10269234730647 -9.88054620302641 -9.8875758097722 -5.39964177058293 -2.92829970213083 1.64532655936021 4.73293333787185 6.4662699332604 7.71395426530104 8.26895941220797 8.43108140505277 8.73211772625263 8.76820094768818 9.17521740840032 9.53359479170579 9.81980448502761 9.96366794292743 10.3384098639855 10.7947455919706 11.367089344905 12.5776744255653 12.3522342535166 11.5667847853441 10.4817125613873 9.67517177875225 9.24964765401987 8.76526051301223 8.26299216197087
-9999 -9999 -9999 -9999 -9999 -9999 -9999 -9999 -9999 -9999 -9999 -9999 -9999 -9999 -9999 -9999 -9999 -9999 -9999 -9999 -9999 -9999 -9999 -9999 -9999 -9999 -9999 -9999 -9999 -9999 2.45504337090712 -0.600664917594538 -6.02013063430786 -8.49259182123038 -9.57104836977445 -7.91691974493173 -9.97477942246657 -10.3482856016893 -4.74943368251507 0.0110554953034107 2.05361932974595 5.12927954013531 6.47885711376484 7.62168572499202 8.01308929003202 8.25820258947519 8.39434242248535 8.66334647398729 9.02053627601037 9.11603810237004 9.37127707554744 9.45197288806622 9.62035773350642 9.97826392834003 10.9457618273222 11.6033014884362 11.189982854403 10.61256980896 9.77978640336257 9.07069888481727 8.70345860261184 8.39597489283635 8.04334108646099
-9999 -9999 -9999 -9999 -9999 -9999 -9999 -9999 -9999 -9999 -9999 -9999 -9999 -9999 -9999 -9999 -9999 -9999 -9999 -9999 -9999 -9999 -9999 -9999 -9999 -9999 -9999 -9999 -9999 -9999 3.50113347860483 0.143428311898158 -5.75924110412598 -10.1697257115291 -10.5288030917828 -7.82549458283644 -7.60299686285166 -9.56869792938232 -8.01106618000911 -0.0154236033558846 4.36614058567927 5.00051604784452 6.59836849799523 7.28813017331637 7.78747257819543 8.04003187326285 8.29722862977248 8.65307199037992 8.7654410142165 8.9641265135545 9.03624035761907 9.15404312427227 9.07329471294696 8.87557521233192 10.5650676580576 11.044150865995 10.8960881600013 10.4028601279626 9.61528792748084 8.79094996819129 8.14347967734704 8.03454223045936 7.41513358629667
-9999 -9999 -9999 -9999 -9999 -9999 -9999 -9999 -9999 -9999 -9999 -9999 -9999 -9999 -9999 -9999 -9999 -9999 -9999 -9999 -9999 -9999 -9999 -9999 -9999 -9999 -9999 -9999 -9999 5.78705930709839 2.16294530721811 -2.61086258521447 -7.61825213065514 -11.9115637265719 -11.7621063085703 -8.56171160477858 -8.60993513694176 -7.3733324270982 -4.53597538287823 -2.61085900893578 4.97826851331271 5.82905666644757 6.68714328912588 6.98394859754122 7.33560404410729 7.58022832870483 7.89298229951125 8.32682686585646 8.63981826488788 8.77009674218985 8.76196318406325 8.82030340341421 8.98273152571458 9.29496324979342 9.93920150169959 10.4653112704937 10.5291629937979 10.1788735022912 9.60800075531006 8.89056917337271 8.38145201022808 7.91498705056997 7.2338013282189
-9999 -9999 -9999 -9999 -9999 -9999 -9999 -9999 -9999 -9999 -9999 -9999 -9999 -9999 -9999 -9999 -9999 -9999 -9999 -9999 -9999 -9999 -9999 -9999 -9999 -9999 -9999 -9999 -9999 5.50079917907715 2.3889068365097 -3.52363439706656 -9.31617436042199 -12.6446897066556 -10.7595248589149 -4.70675006279579 -6.62936680133526 -3.1119444003472 -5.02652366344745 2.89407444000244 5.2577275129465 5.66492777604323 6.09179482093224 6.43050384521484 6.70378457582914 7.10223718789908 7.50604112331684 7.90338233801035 8.12397989859948 7.93533002413236 8.20776444215041 8.53077195240901 8.79602615649884 9.28864508408767 9.57961104466365 9.80702055417574 10.0748609396128 10.1622382677518 9.50517118894137 8.75249107067402 8.1733838228079 7.79092520933885 7.74556776193472
-9999 -9999 -9999 -9999 -9999 -9999 -9999 -9999 -9999 -9999 -9999 -9999 -9999 -9999 -9999 -9999 -9999 -9999 -9999 -9999 -9999 -9999 -9999 -9999 -9999 -9999 -9999 -9999 -9999 5.37653277470515 1.50549866144474 -4.85665391041682 -9.82482264592097 -11.7055424910325 -9.62656321892372 -3.62486122204707 -3.25743640386141 -0.418686312408401 0.215768933314114 2.8247547516456 4.94435666157649 5.00958002530612 5.40405229421762 5.86535589511578 6.12238319103534 6.50999685434195 6.80657500487107 7.15733293386606 7.3480544090271 7.16667798849253 7.70404012386615 8.25974104954646 8.74438058412992 9.07523837456336 9.24770582639254 9.31201736743634 9.46712508568397 9.5760781948383 9.36072620978722 9.19021202967717 8.88567308279184 8.16622572678786 7.60521074441763
-9999 -9999 -9999 -9999 -9999 -9999 -9999 -9999 -9999 -9999 -9999 -9999 -9999 -9999 -9999 -9999 -9999 -9999 -9999 -9999 -9999 -9999 -9999 -9999 -9999 -9999 -9999 -9999 -9999 4.27544179329505 -1.02022852462072 -6.96582097273606 -8.39676779967088 -7.19449916252723 -5.91965913772583 -3.65826359161964 -1.79489003694974 0.86569684285384 -0.0911508714780211 1.93191998738509 3.4848145705003 4.39510055688711 5.05131743504451 5.43671916081355 5.66273769965539 5.99514612784752 6.42573716090276 6.7732677092919 6.83503635113056 7.13972748242892 7.44903931250939 8.0086508164039 8.65401238661546 9.0733269911546 8.89561807192289 8.78221533848689 8.82793851999136 8.86972119258 8.78261507474459 8.6522457416241 8.391067138085 7.84876926128681 7.42437769816472
-9999 -9999 -9999 -9999 -9999 -9999 -9999 -9999 -9999 -9999 -9999 -9999 -9999 -9999 -9999 -9999 -9999 -9999 -9999 -9999 -9999 -9999 -9999 -9999 -9999 -9999 -9999 -9999 5.60764488807091 3.43799829483032 -2.73919523679293 -9.92955787365253 -8.1467651954064 -6.06365607335017 -1.14561315683218 -4.60149141458365 -2.71953320503235 0.655484350828024 0.891176095375648 2.50339898696313 3.68884855050307 4.68847014353825 5.0235081085792 5.08889620120709 5.29590544333825 5.71950967495258 6.09259385329026 6.33087367277879 6.56274410394522 6.89191924608671 7.19442716011634 7.69750569416926 8.2838235268226 8.51398200255174 8.31705599564772 8.26186194786659 8.31096858244676 8.32601822339571 8.21083886806781 8.01692815927359 7.75592657235953 7.29284044412466 7.14020553001991
-9999 -9999 -9999 -9999 -9999 -9999 -9999 -9999 -9999 -9999 -9999 -9999 -9999 -9999 -9999 -9999 -9999 -9999 -9999 -9999 -9999 -9999 -9999 -9999 -9999 -9999 -9999 -9999 5.1373888529264 -0.420043918142955 -7.70006774022029 -9.92651044405424 -6.36123976340661 -3.68364548683167 -0.670912215342888 -2.90595050958487 -0.20763500350026 1.71582518174098 4.14723662229685 3.7553728727194 4.14988638804509 4.87074877665593 4.80420141953688 3.98562708267799 5.01933229886569 5.48530318186833 5.88476485472459 6.06485106394841 6.20904651054969 6.45066107236422 6.70357469411997 7.36314006952139 7.73207572790293 7.78616670461801 7.44254016876221 7.64841145735521 7.77959885964027 7.70169008695162 7.62983017701369 7.48456247036274 7.18272931759174 6.94479945989755 6.91634504611676
-9999 -9999 -9999 -9999 -9999 -9999 -9999 -9999 -9999 -9999 -9999 -9999 -9999 -9999 -9999 -9999 -9999 -9999 -9999 -9999 -9999 -9999 -9999 -9999 -9999 -9999 -9999 -9999 5.32301576320942 -0.203284250715604 -7.37437405953041 -11.4223703971276 -4.97531619438758 -2.92823841021611 0.954673459896675 -0.00776591753730407 1.43303655661069 4.06188676907466 4.82866529318003 4.99774973209088 4.99831287677471 4.88394194382888 3.7666561970344 3.20798662992624 4.54139984571017 5.19210646702693 5.59823105885432 5.8617456142719 5.97023875896747 6.17530705378606 6.40902170768151 6.89251573269184 7.30758909078745 7.33944383034339 7.25701592518733 7.485251390017 7.52867566622221 7.1551770063547 7.01132778021005 7.05468478569618 7.23368296256432 7.39262228745681 7.5501012802124
-9999 -9999 -9999 -9999 -9999 -9999 -9999 -9999 -9999 -9999 -9999 -9999 -9999 -9999 -9999 -9999 -9999 -9999 -9999 -9999 -9999 -9999 -9999 -9999 -9999 -9999 -9999 -9999 5.14939641952515 -0.0535853101083866 -8.42939508878268 -10.3054824242225 -2.38005031072176 -1.1794074177742 1.29606106648078 -0.366580876020285 2.66815205720755 4.17961542422955 4.99228429794312 5.39596638312707 5.14423029239361 4.8250450354356 2.55905835445111 3.65149763914255 4.26679031665509 4.75520199995774 5.12586314861591 5.47204809922438 5.733261181758 5.96290342624371 6.40214355175312 6.75387485210712 6.85231157449576 6.95578791544988 7.0041981110206 7.31485983041617 7.11477327346802 6.47808573796199 6.20784084613507 6.4166673880357 6.70979191706731 7.08440160751343 7.45371767190787
-9999 -9999 -9999 -9999 -9999 -9999 -9999 -9999 -9999 -9999 -9999 -9999 -9999 -9999 -9999 -9999 -9999 -9999 -9999 -9999 -9999 -9999 -9999 -9999 -9999 -9999 -9999 -9999 4.28907852906447 -1.21057323767589 -8.53849631089431 -7.11731100082397 -3.59444370636573 -0.846037468084922 0.963318494650034 0.151455890387297 2.55135453664339 3.41893243789673 3.98576351312491 5.37839951881996 4.58601955267099 2.98977063252376 1.6357318346317 3.56971515142001 4.2499179656689 4.38856403644268 4.55363710110004 4.96394659922673 5.34121718773475 5.63717812758226 6.1934997852032 6.66708146608793 6.4784122980558 6.31379897777851 6.45252711956318 6.64365610709557 6.47959052599393 5.93263450035682 5.75795254340539 5.62606833531306 6.34232920866746 6.70882448783288 6.63288552944477
-9999 -9999 -9999 -9999 -9999 -9999 -9999 -9999 -9999 -9999 -9999 -9999 -9999 -9999 -9999 -9999 -9999 -9999 -9999 -9999 -9999 -9999 -9999 -9999 -9999 -9999 -9999 -9999 2.72287687888512 -3.43000391813425 -10.1660411541279 -7.5335943882282 -3.3356211919051 -0.92416810301634 -0.300661500256795 0.826330771813026 1.31637874016395 3.19442022763766 4.04408467732943 5.23485128696148 2.69171593739436 0.294899155600713 2.75660850451543 3.95107597571153 3.99796304335961 3.85045592601483 3.84739796931927 4.43918919563293 4.97158013857328 5.32511689112737 5.86091822844285 5.96337743905874 5.65607415712797 5.51685010469877 5.74808179415189 6.01504069108229 6.03772317446195 5.61124104719896 5.24002368633564 5.54087825921866 5.76559738012461 6.18813503705538 6.51404270758996
-9999 -9999 -9999 -9999 -9999 -9999 -9999 -9999 -9999 -9999 -9999 -9999 -9999 -9999 -9999 -9999 -9999 -9999 -9999 -9999 -9999 -9999 -9999 -9999 -9999 -9999 -9999 -9999 2.47340104213128 -2.93617239365211 -10.0488272446852 -5.81804110453679 -4.94168087152334 -1.26743989724379 -0.228363571975094 0.865229964256287 2.22912787474119 3.23865235768832 3.81732300611643 4.65325333521916 3.08136323782114 -0.190618460568098 3.13088486744807 3.62660690454336 3.49723284061138 3.40417949969952 3.37129176579989 4.03173023003798 4.74750881928664 5.49329255177425 5.45577434393076 5.3736572265625 4.87331162966215 4.83824759263259 5.17498518870427 5.53731408485999 5.63346657386193 5.17705139747033 4.92359179716844 5.45125744893001 5.3748298058143 5.48653573256273 5.83367982277503
-9999 -9999 -9999 -9999 -9999 -9999 -9999 -9999 -9999 -9999 -9999 -9999 -9999 -9999 -9999 -9999 -9999 -9999 -9999 -9999 -9999 -9999 -9999 -9999 -9999 -9999 -9999 -9999 2.40125856949733 -1.71961567952083 -9.20828540508564 -9.19599151611328 -4.90307679543128 -0.0576325305379354 0.89023174230869 1.43969491353402 2.013949742684 2.96357220869798 3.47749759600713 2.93920940619249 3.0517832499284 0.561183986755518 2.43165724094097 3.0797825226417 2.8865619622744 2.75117276265071 3.04469359838046 3.71099233627319 4.39301558641287 4.85414358285757 5.08549807621883 4.99974947709304 4.81985825758714 4.77560773262611 5.10873669844407 5.24322652816772 5.26054844489464 5.27550785358136 5.09672263952402 5.20951304068932 5.19094844964834 4.98340148192186 4.72081034000103
-9999 -9999 -9999 -9999 -9999 -9999 -9999 -9999 -9999 -9999 -9999 -9999 -9999 -9999 -9999 -9999 -9999 -9999 -9999 -9999 -9999 -9999 -9999 -9999 -9999 -9999 -9999 -9999 2.35544944726504 0.307196726592687 -7.70489421257606 -11.6152853598961 -6.13858050566453 0.834978342056274 0.944095744536473 1.07928356299034 1.71730037835928 2.21305728875674 1.36443727750045 0.582522313182171 1.69315939683181 0.905668238034615 2.71020984649658 3.08953705200782 2.66205620765686 2.34830990204444 2.8012912273407 3.25600616748516 3.73462688005888 4.13403246952937 4.86627923525297 4.84696300213154 4.68541831236619 4.64489999184242 4.72832962182852 4.85791243039645 5.0249017568735 5.24818838559664 5.21980718465952 5.06169751974253 4.75427788954515 4.35091843971839 4.52550132458027
-9999 -9999 -9999 -9999 -9999 -9999 -9999 -9999 -9999 -9999 -9999 -9999 -9999 -9999 -9999 -9999 -9999 -9999 -9999 -9999 -9999 -9999 -9999 -9999 -9999 -9999 -9999 -9999 1.87425955442282 0.583021277131943 -7.77778937266423 -12.5211928440974 -3.49701778705303 -0.493636190891266 0.160168246437724 0.150533170869144 0.92303471152599 1.88088953495026 1.50790663865896 0.706085645235502 -0.00612529682425352 1.48032345221593 3.10393661719102 2.91708489564749 2.6318223293011 2.44418094708369 2.63742136955261 2.88889864774851 3.23434275847215 3.60410281328055 4.22312773191012 4.52638649940491 4.57411727538476 4.4075328203348 4.31349669969999 4.66109994741586 5.04485544791588 5.18185666891245 5.18258230502789 4.87353557806749 4.36793624437772 4.55273862985464 4.89584867770855
-9999 -9999 -9999 -9999 -9999 -9999 -9999 -9999 -9999 -9999 -9999 -9999 -9999 -9999 -9999 -9999 -9999 -9999 -9999 -9999 -9999 -9999 -9999 -9999 -9999 -9999 -9999 -9999 2.32238191824693 0.620171671876541 -5.6347906772907 -11.2033397234403 -3.76902512403635 -2.6309910095655 -0.898480192973064 -0.207198457649121 0.453455502024064 1.11411727850254 0.787613215354773 -0.0653252166051131 -0.166302968998655 1.24763633654668 2.15974876513848 2.47920666291164 2.45606482028961 2.25456633017613 2.34865185847649 2.58214150942289 2.92153985683735 3.19926769916828 3.63632049927345 3.93653420301584 4.28268236380357 4.63916749220628 5.02298501821665 5.2511682510376 5.21895909309387 5.13702174333426 4.98859565074627 4.79546895393958 4.52964637829707 4.75723314285278 5.04973528935359
-9999 -9999 -9999 -9999 -9999 -9999 -9999 -9999 -9999 -9999 -9999 -9999 -9999 -9999 -9999 -9999 -9999 -9999 -9999 -9999 -9999 -9999 -9999 -9999 -9999 -9999 -9999 2.49219391896175 1.30015124265964 -0.495418925697987 -8.54974189171424 -10.9551709982065 -4.59715667137733 -2.7539920440087 -0.614549462611859 0.0514035592697418 0.133758198899718 0.0778601572920497 -0.106087035857714 -0.123300479653363 0.0737225896177384 0.932622632155052 1.64684247053587 1.96046224924234 2.0438204912039 1.99623042803544 2.14280968445998 2.5699263719412 2.76206517219543 2.96860896624052 3.22602231685932 3.45988911848802 3.65076178770799 4.45480214632474 -9999 6.1795451090886 5.54267852122967 5.32315199191754 5.31640839576721 5.2003214267584 5.10477889501132 4.97112323687627 4.9284336750324
-9999 -9999 -9999 -9999 -9999 -9999 -9999 -9999 -9999 -9999 -9999 -9999 -9999 -9999 -9999 -9999 -9999 -9999 -9999 -9999 -9999 -9999 -9999 -9999 -9999 -9999 -9999 1.57222539186478 0.980590252922131 -1.8739829155115 -9.58255848517785 -7.33579422877385 -3.76575690049392 -2.45276854588435 -0.240466205259928 0.032798444135831 -0.126835778069038 -0.241957488254859 -0.400874835080825 -0.341924522931759 0.0506137354442706 0.842058991010372 1.29287717434076 1.63166685287769 1.62034708719987 1.68815051592313 1.97128901114831 2.43924807585203 2.6873751787039 2.92480540275574 2.9413380256066 2.97649510090168 3.02370449212881 3.50934938284067 5.03803029427162 -9999 -9999 4.61615307514484 4.48684603434343 4.63827659533574 5.0754037636977 5.16469271366413 -9999
-9999 -9999 -9999 -9999 -9999 -9999 -9999 -9999 -9999 -9999 -9999 -9999 -9999 -9999 -9999 -9999 -9999 -9999 -9999 -9999 -9999 -9999 -9999 -9999 -9999 -9999 1.90933125924606 1.13378618886838 0.701840648284325 -3.66366606492263 -7.48464092841515 -5.03797758542574 -2.9918021605565 -3.1187886091379 -2.31501405972701 -0.546807975723193 -0.472062354477552 -0.652777408178036 -0.774501163225908 -0.562948445861156 0.0043519870378077 0.825050509892977 1.29801608048953 1.46233741136698 1.42682429001882 1.62713256249061 1.98112555650564 2.36175718674293 2.71701739384578 2.90005229069636 2.729720555819 2.73955877010639 2.74301108947167 2.84487983813653 3.19532881333278 3.409480374593 3.89713941170619 -9999 -9999 -9999 -9999 -9999 -9999
-9999 -9999 -9999 -9999 -9999 -9999 -9999 -9999 -9999 -9999 -9999 -9999 -9999 -9999 -9999 -9999 -9999 -9999 -9999 -9999 -9999 -9999 -9999 -9999 -9999 -9999 2.14056684420659 1.78075949045328 -0.63480341892976 -4.59827272708599 -5.98971836383526 -5.45754462022048 -3.59671810957102 -4.78156309861403 -3.73463063973647 -1.34952124265524 -1.0193258202993 -1.11468638823583 -0.923676499953637 -0.329653590774307 0.218390847627933 0.759517741891054 1.20769472764089 1.48951045824931 1.27458815391247 1.59669101238251 1.86791041264167 2.26948085198036 2.40840519391573 2.59797736314627 2.43828149025257 2.40237598235791 2.47864602162288 2.4867422580719 2.55016285639543 2.78951375759565 -9999 -9999 -9999 -9999 -9999 -9999 -9999
