rasters/bioclim/bio05.asc
NCOLS 720 
NROWS 300 
XLLCORNER -180 
YLLCORNER -60 
CELLSIZE 0.5 
NODATA_value -9999 
[rows 28 to 55 of 300, columns 630 to 692 of 720]
-9999 20.0872851151686 -9999 -9999 20.4210897592398 19.9046300741342 18.8991597248958 18.4629683861366 18.4023421360896 18.3883944291335 18.3928004044753 -9999 18.0825181374183 18.1248625241793 17.9809193244347 17.9693777377789 17.6932194783137 17.4547605514526 17.2745436154879 -9999 -9999 -9999 -9999 -9999 -9999 -9999 -9999 -9999 -9999 -9999 -9999 -9999 -9999 -9999 -9999 -9999 -9999 -9999 -9999 -9999 -9999 -9999 -9999 -9999 -9999 -9999 -9999 -9999 -9999 -9999 -9999 -9999 -9999 -9999 -9999 -9999 -9999 -9999 -9999 -9999 -9999 -9999 -9999
-9999 -9999 -9999 -9999 20.538929279034 20.2715641902043 19.2703062204214 18.6007822476901 18.7242870330811 18.8428635964027 18.845967732943 19.0384272795457 19.0362691145677 18.8873335031363 18.8945276553814 18.908177449153 19.0097310726459 18.9298401612502 18.795258301955 18.6501641640296 -9999 -9999 12.3143668541541 17.9054062916682 17.6271324157715 17.4227895736694 17.0397926477286 16.7517918073214 16.6509626095112 16.4925096218403 -9999 -9999 -9999 -9999 -9999 -9999 -9999 -9999 -9999 -9999 -9999 -9999 -9999 -9999 -9999 -9999 -9999 -9999 -9999 -9999 -9999 -9999 -9999 -9999 -9999 -9999 -9999 -9999 -9999 -9999 -9999 -9999 -9999
-9999 -9999 -9999 -9999 -9999 -9999 19.9999926640437 19.7112178068895 19.827641413762 -9999 -9999 -9999 -9999 -9999 -9999 -9999 -9999 -9999 -9999 -9999 -9999 -9999 -9999 -9999 -9999 -9999 17.5428829926711 17.1459338848407 17.037195792565 16.7573065390954 -9999 -9999 -9999 -9999 -9999 -9999 -9999 -9999 -9999 -9999 -9999 -9999 -9999 -9999 -9999 -9999 -9999 -9999 -9999 -9999 -9999 -9999 -9999 -9999 -9999 -9999 -9999 -9999 -9999 -9999 -9999 -9999 -9999
-9999 -9999 -9999 -9999 -9999 -9999 -9999 -9999 -9999 -9999 -9999 21.0108416630672 -9999 -9999 -9999 -9999 -9999 -9999 -9999 -9999 -9999 -9999 -9999 -9999 -9999 -9999 -9999 -9999 -9999 -9999 -9999 -9999 -9999 -9999 -9999 -9999 -9999 -9999 -9999 -9999 -9999 -9999 -9999 -9999 -9999 -9999 -9999 -9999 -9999 -9999 -9999 -9999 -9999 -9999 -9999 -9999 -9999 -9999 -9999 -9999 -9999 -9999 -9999
-9999 -9999 -9999 -9999 -9999 -9999 -9999 -9999 -9999 -9999 -9999 -9999 20.7566689711351 20.6926488876343 20.5210108390221 20.5278874910795 -9999 -9999 -9999 -9999 -9999 -9999 -9999 -9999 -9999 -9999 -9999 -9999 -9999 -9999 -9999 -9999 -9999 -9999 -9999 -9999 -9999 -9999 -9999 -9999 -9999 -9999 -9999 -9999 -9999 -9999 -9999 -9999 -9999 -9999 -9999 -9999 -9999 -9999 -9999 -9999 -9999 -9999 -9999 -9999 -9999 -9999 -9999
-9999 -9999 -9999 -9999 -9999 -9999 -9999 -9999 -9999 -9999 -9999 -9999 -9999 -9999 20.4311697299664 20.2277654501108 19.9197978239793 -9999 -9999 -9999 -9999 -9999 -9999 -9999 -9999 -9999 -9999 -9999 -9999 -9999 -9999 -9999 -9999 -9999 -9999 -9999 -9999 -9999 -9999 -9999 -9999 -9999 -9999 -9999 -9999 -9999 -9999 -9999 -9999 -9999 -9999 -9999 -9999 -9999 -9999 -9999 -9999 -9999 -9999 -9999 -9999 -9999 -9999
-9999 -9999 -9999 -9999 -9999 -9999 -9999 -9999 -9999 -9999 -9999 14.460185454442 20.7276380245502 20.6316654498761 13.3378695891454 -9999 -9999 -9999 -9999 -9999 -9999 -9999 -9999 -9999 -9999 -9999 -9999 -9999 -9999 -9999 -9999 -9999 -9999 -9999 -9999 -9999 -9999 -9999 -9999 -9999 -9999 -9999 -9999 -9999 -9999 -9999 -9999 -9999 -9999 -9999 -9999 -9999 -9999 -9999 -9999 -9999 -9999 -9999 -9999 -9999 -9999 -9999 -9999
-9999 -9999 -9999 -9999 -9999 -9999 -9999 -9999 16.2179005329426 21.9216950489925 21.5221884800838 20.9073137870202 20.8772666637714 20.5872936982375 20.4212851157555 20.2343051616962 19.945472570566 19.8365975893461 19.7230739593506 19.3273644080529 19.2121415505042 18.9768060537485 18.6981053719154 18.3789902466994 18.2861903997568 18.0921865609976 18.0822413517879 18.098627603971 -9999 -9999 -9999 -9999 -9999 -9999 -9999 -9999 -9999 -9999 -9999 -9999 -9999 -9999 -9999 -9999 -9999 -9999 -9999 -9999 -9999 -9999 -9999 -9999 -9999 -9999 -9999 -9999 -9999 -9999 -9999 -9999 -9999 -9999 -9999
-9999 -9999 -9999 -9999 -9999 -9999 -9999 -9999 -9999 21.7315081816453 21.2598824867835 21.1560213382428 20.8635939084567 20.6742494289692 20.578018115117 20.2971955812894 20.0907187095055 19.7998832555918 19.5879942087027 19.3735732298631 -9999 -9999 18.5413996623113 18.2465716875516 17.9677370511569 17.7696186945989 17.6595254311195 17.6735924940843 -9999 18.1354865294236 -9999 -9999 -9999 -9999 -9999 -9999 -9999 -9999 -9999 -9999 -9999 -9999 -9999 -9999 -9999 -9999 -9999 -9999 -9999 -9999 -9999 -9999 -9999 -9999 -9999 -9999 -9999 -9999 -9999 -9999 -9999 -9999 -9999
22.2059723780705 22.1863288879395 22.1417708763709 22.1893656070416 22.2615778996394 22.2142371397752 22.3434347005991 22.3145137199989 21.8848427992601 21.6379310901348 21.2975459465614 21.0316734313965 20.9418205848107 20.7500687379103 20.5533823600182 20.2469522036039 20.1449871796828 19.8466486564049 19.5405435562134 19.3259168771597 19.0318200771625 18.63648047814 18.3228942430936 18.0085424276499 17.7022513609666 17.5173838688777 17.3666245387151 17.5925226945143 17.7448600622324 17.8899239760179 17.9791469573975 18.4121095217191 18.440004495474 -9999 -9999 -9999 -9999 -9999 -9999 -9999 -9999 -9999 -9999 -9999 -9999 -9999 -9999 -9999 -9999 -9999 -9999 -9999 -9999 -9999 -9999 -9999 -9999 -9999 -9999 -9999 -9999 -9999 -9999
21.7033139742338 21.8538155188927 21.9065129206731 21.8808813828688 21.8467149000901 21.9092666919415 21.8513858501728 21.7474704155555 21.5682984865629 21.3935388418344 21.2130976456862 21.1226639380822 20.9363324091985 20.8188190460205 20.5226717728835 20.3324765425462 20.0451693901649 19.9390000563401 19.5280857086182 19.227712557866 18.9175183222844 18.7067719973051 18.4186542951144 17.952005312993 17.652064543504 17.2641374147855 17.3927637980534 17.3187528756949 17.2931755506075 17.6951242593619 17.8562850218553 17.9131256250235 18.0674101756169 18.0302819472093 18.2916952279898 18.2382638637836 18.21612233382 18.1946560786321 18.1877560982337 18.1883328511165 18.1029454744779 18.0298094382653 18.045932329618 18.0909911669218 18.0453794185932 18.0426204387958 18.175606580881 18.2903232574463 18.5167509225699 -9999 -9999 -9999 -9999 -9999 -9999 -9999 -9999 -9999 -9999 -9999 -9999 -9999 -9999
21.6781352116511 21.5065358968881 21.5245538858267 21.7502413529616 21.5820974203256 21.5122193556566 21.6020749899057 21.2006033383883 21.2050382173978 21.0604969904973 20.8820070120005 20.9142046708327 20.7898936638465 20.8941782437838 20.6251003558819 20.4202330662654 20.2188254136306 20.0045747023362 19.7114693568303 19.4001168471116 19.0746125441331 18.7613325852614 18.3623781204224 18.070590532743 17.7021617155809 17.5096717247596 17.2616440699651 16.8895391317514 17.1651259935819 17.367681650015 17.5395918626052 17.9039275096013 18.2871772325956 18.2608511998103 18.1212844115037 17.8991784315843 18.3817340410673 18.3770744617169 18.3656545052162 18.3802914986244 18.2842500393207 18.211267544673 18.2381942455585 18.1740399874174 18.2218039585994 18.2015297229473 18.2283948751596 18.2694603113028 18.6710195541382 19.1756585194514 -9999 -9999 -9999 -9999 -9999 -9999 -9999 -9999 -9999 -9999 -9999 -9999 -9999
21.7482210306021 21.4251576937162 21.1022305121789 20.0134713099553 20.320674602802 19.6344984494723 19.5332157428448 19.340321467473 19.7380924224854 18.7966022491455 19.5469598036546 19.731100669274 19.5236336634709 19.6361138270451 19.4368132077731 19.8205105708196 19.3976031083327 19.3932188474215 19.5609320127047 19.2460702749399 19.2061337691087 18.8912470890925 18.5850215324989 18.2024305783785 17.9367884122408 17.5447539549608 17.296976016118 17.3116579789382 17.3847607099093 17.4512947522677 17.7333273520836 17.2294546274038 17.9342030745286 18.2926271878756 18.2689745976375 17.962015738854 18.1431249471811 18.2329057546762 18.4273222409762 18.2225142258864 18.3219396151029 18.2405561300424 18.2405156355638 18.1824739896334 18.1335163116455 18.0766146733211 18.1107460168692 17.9956616621751 18.29806129749 18.9197858663706 -9999 -9999 -9999 -9999 -9999 -9999 11.9526379658626 -9999 -9999 -9999 -9999 -9999 -9999
21.6661820044884 20.8751420241136 20.5902991661659 20.2601956587571 20.1807490128737 19.7956939110389 19.8186566279485 19.4533430246206 19.5869043790377 18.8209369365986 19.8747683305007 20.7408567575308 20.4677187112662 19.9673582223745 19.7573025043194 19.4296414301946 20.0825532766489 20.0501930530255 19.7312309558575 19.3815633333646 19.1559499593881 19.1262711745042 18.7181471311129 18.7412831233098 18.4859808408297 18.302795116718 17.9940690260667 17.6833247404832 17.7728622876681 18.1564165262076 18.381582406851 18.5450653663048 18.669949898353 18.7131641094501 18.7423211611234 18.6890412844144 18.6699717595027 18.6363969949576 18.6162154857929 18.4887985816369 18.4715338486892 18.4491534599891 18.2490932758038 18.2281416379488 18.1292208158053 18.0623914278471 17.9437975516686 17.8107984249408 17.7456726661095 17.6663272564228 17.7615901506864 17.6660520113431 17.5716761809129 17.2663230895996 16.0899044550382 15.5641189355117 15.8785187647893 15.5449953446021 15.4358289791987 15.7623848548302 15.6502043283903 15.5639589016254 16.7100027524508
21.4944566579965 21.2004190591665 21.4176885164701 21.1694396092341 19.7517631237323 18.8796455676739 18.5878671499399 19.9219194558951 19.5157288771409 18.4161503131573 19.3729429978591 20.4050005399264 20.5020930950458 20.6126180795523 20.9834415729229 21.1578131455642 21.1013485835149 20.7569514054518 20.5137654818021 20.2764538985032 19.9488479907696 19.6134276756874 19.4005461472731 19.1152575566218 18.9578329233023 18.6785385425274 18.7623412792499 18.6706506288969 18.76253758944 18.7752094268799 18.8830961080698 19.0077026073749 19.0247653080867 19.0802041567289 19.1456143305852 19.1063021146334 19.065044256357 19.0332644535945 18.8974584432749 18.8792711404654 18.7606509282039 18.6411075592041 18.6100529890794 18.3950127821702 18.2957380734957 18.1971230140099 18.0920241429256 18.0418102557843 17.8029179206261 17.6536026734572 17.6374705387996 17.4759407043457 17.3503497930673 17.1924916047316 16.04155591818 15.4802772081815 16.1366295447716 16.483926479633 15.9330476614145 14.8502371127789 14.2015036803025 15.4545170710637 14.9741383332473
21.7230419745812 20.6393266824576 19.9626962221586 19.6201320061317 19.6848461444561 20.0177359947791 18.53319138747 16.1951591051542 20.5827293395996 18.5082422403189 18.3640477107121 19.2440663851224 19.9164477128249 19.8080153832069 21.8351955413818 21.7668960277851 21.5339034153865 21.1880315633921 20.9518687908466 20.6338332249568 20.3123614971454 20.1154256967398 19.7926885164701 19.6046579801119 19.3159232506385 18.8184905418983 18.645885174091 18.9626598358154 19.0856006328876 19.2373764331524 19.3385939964881 19.4053450364333 19.3886709946852 19.4530497330886 19.4382547231821 19.4004705869235 19.384941981389 19.2611320202167 19.3318507854755 19.2084249349741 19.0787211198073 18.9599439180814 18.829067670382 18.7440738677979 18.6368132371169 18.5208282470703 18.4084849724403 18.1026309086726 18.0841831794152 17.9913653593797 17.9662078710703 17.7685970893273 17.6344365340013 17.5128404177152 17.3269116328313 16.9493791873638 16.6152445719792 16.9958791732788 16.3836356676542 16.2820769089919 15.616491831266 14.7731487567608 14.6738049433782
21.5961203941932 21.8760531498836 22.0470378582294 21.3664056337797 20.2903477595403 18.0065862215482 17.52913915194 16.6464822475727 18.3034874842717 21.0995081388033 20.0238842597375 20.9107833275428 21.3405146965614 20.0000110039344 20.7035322922927 21.2349700927734 21.4025385929988 21.6078865344708 21.4614624610314 21.0969066619873 20.8776966975285 20.5787605872521 20.357048034668 20.0387360499455 19.7014613518348 18.0113050020658 18.1865775768573 18.5799953754132 18.7776908874512 19.3802265754113 19.6607702695406 19.7113248384916 19.8457040053148 19.817167868981 19.7855041210468 19.6734051337609 19.755565056434 19.6588209592379 19.6392156160795 19.4267895038311 19.4075043018048 19.2982997894287 19.0790730989896 18.885975764348 18.5492712167593 18.2424226907583 18.1228316380427 18.2367156102107 17.1316056618324 16.8954417888935 17.1009937433096 17.5404150302594 17.8289805192214 17.9925509232741 17.8586857135479 17.2921875440157 16.7243639872624 16.5720895620493 16.3592968720656 16.2219720253578 16.068269436176 16.3108265216534 16.2821031717154
22.4359097113976 22.649289057805 21.8297794048603 21.4456412975605 21.3715975834773 20.5734078333928 18.561737207266 17.2194563058706 17.2163031651424 17.3627400031457 19.1002709315373 21.0866694817176 21.0898604759803 19.9147943349985 19.5843007014348 20.7435031303993 18.706488095797 19.0045793973483 19.4881107623761 20.4949952639066 20.8031469491812 20.696105663593 20.7146690075214 20.4031025813176 19.9867440737211 19.1197988069974 18.6104894784781 19.004061625554 19.2457342881423 19.6964908012977 19.9621017162616 20.1299196390005 20.1989242847149 20.1793127793532 20.1627007997953 20.1709511096661 20.1529589432936 19.9550766578087 19.5572627140925 19.6669662182148 19.6481668032133 19.1256313323975 18.9090427985558 18.5891981858474 18.3933372497559 17.7954719250019 17.5644587003268 17.9513998765212 17.9711786416861 17.7328758239746 16.8219231825608 16.6787537794847 17.0504470238319 17.2554966853215 17.7572072836069 16.9783378014198 16.4920575068547 16.5188506933359 16.4537409268893 16.7590942382812 16.0078013493465 15.2214219019963 14.9005197378305
19.7409034142127 20.189443734976 20.283670425415 20.8106074699989 20.3330929095928 20.0773431337797 18.7061350895808 17.8389899914081 17.1408038506141 16.2508329978356 15.9534323765681 18.8801114008977 20.0042629241943 20.5374279022217 20.55827830388 20.9887215540959 19.6522268148569 17.3292772586529 15.8893424547636 14.9427614945632 17.2046399483314 18.7367622668927 19.5512529519888 20.2897514930138 20.4408821692834 20.4458898397592 20.4378349597637 20.4543411548321 20.284657404973 20.3833201481746 20.348429606511 20.3335886735183 20.4122198545016 20.5139032510611 20.5615862332858 20.1866537240835 20.1655406951904 19.8492408165565 19.4577369689941 19.3907532325158 19.6817615215595 19.0448661217323 18.6283594278189 17.8125366797814 18.2193427452674 18.2199822939359 17.7158338106596 17.4613001896785 17.68640430157 17.6602564591628 16.9635521815373 17.2703359310444 17.0632319817176 17.0861029258141 17.4064504916851 17.6199456728422 17.6914859184852 17.3964542242197 16.9978355994591 16.859531549307 16.7254063532903 16.4864099942721 15.4288874406081
19.9459761106051 20.638530584482 19.6247783074012 20.474645614624 19.3387847313514 17.9962928478534 16.7950985248272 16.8409803097065 15.7479831255399 15.6484892918513 16.0699916252723 16.48663014632 16.6016142918513 17.5118261483999 18.8528373424823 20.268802349384 21.2683244851919 20.0678421900823 18.7749667534461 17.5011071425218 15.9205236434937 15.7403136033278 15.9363894095788 16.5756542499249 18.0039870922382 18.7752808790941 19.7551882817195 20.1126546126146 20.3934964400071 20.4523660219633 20.708440047044 20.6834788689247 20.7708282470703 20.7595266195444 20.294581926786 19.815682044396 20.390206850492 18.6702377612774 18.2801658923809 18.2744636535645 18.4671691014216 18.3762220235971 18.1736382704515 17.8963168217586 18.1580342512864 17.9371716425969 17.5479057018573 17.4416005061223 17.9113385127141 17.1225481766921 17.0514281346248 16.6298693877 16.49037867326 16.5514597525963 16.7111352040217 16.8575257521409 16.0492677688599 15.9073869265043 15.3219735072209 15.1761958782489 15.5066650097187 15.7107212360089 14.6363567939171
19.9357766371507 19.4094116504376 19.770089662992 19.6424182011531 19.4210960681622 19.2041642115666 17.8477100959191 16.5892529854408 15.9131462390606 16.5013129160954 15.9286351570716 15.7167631296011 16.3128881454468 17.2034998673659 17.3002289992112 18.7128014197716 19.0984683403602 18.8336586585412 18.7193217644325 19.1133915827825 18.69427050077 18.277682524461 17.3751160548284 15.9600823475764 15.3926570598896 16.0065303215614 16.8559345832238 17.6213619525616 19.1927798344539 20.2329425811768 20.8118559030386 21.0762791266808 21.1409191718468 20.5236712235671 19.634134879479 19.7284861344558 19.6114293611967 19.3038344750038 18.1919093498817 18.5556339850793 17.7626017056979 19.0233284876897 18.8145847320557 18.2898003504826 17.2717768595769 17.5935368171105 18.0639852377085 18.2963567880484 17.7968101501465 17.2021386073186 15.982505945059 15.6848539205698 15.7438125610352 15.8561123334444 15.7113773639386 14.7887144088745 14.434805063101 14.8022743371817 14.4262422414926 13.5320752950815 14.5001890475933 14.0976428252 15.6656545492319
20.2605721400334 20.4025915586031 19.6728032919077 18.9348900134747 18.5180845994216 18.3271595881535 18.077963755681 18.0029153090257 17.9035183833196 18.2058821458083 16.8122430214515 16.0491120998676 16.2465631778424 16.3081184533926 16.7142704450167 18.1739626664382 19.8633719224196 16.6051590992854 16.7673926720252 17.6166509481577 15.5133435175969 14.3196655420157 14.5185232162476 19.0451268416185 16.6251126802885 14.1513500947219 14.5906120447012 15.4695711135864 16.7868728637695 20.1205921173096 21.0413328317495 21.3708487290602 21.3769258352426 20.8873015183669 20.3932963151198 20.171995309683 19.7428735586313 19.4174420283391 19.2429530803974 19.1817525716928 19.86725293673 19.3336816934439 18.4623219416692 18.3573878361629 17.5851258497972 17.1739517358633 16.4874461980966 17.395110643827 17.3653861559354 16.7396348806528 17.8404601170466 17.5762324699989 16.7188964256874 16.0962854532095 15.4277829390306 15.0299550569974 14.4839738699106 15.0457311776968 15.2276304685152 15.4382553100586 14.8368624907274 14.7068463105422 15.5685908977802
18.961878996629 20.110171684852 19.3998267834003 18.6592718271109 18.3680645869328 17.9737129211426 18.098385150616 18.2318870837872 18.2387177393987 18.542992078341 18.0544146024264 18.0803166902982 18.0873012542725 17.7907861562876 18.0858727968656 18.010536634005 18.2762021284837 17.9195710695707 17.6957020392785 17.9643576695369 16.3226640407856 15.5389911211454 14.0314060357901 14.9809551239014 16.4485784677359 17.253561606774 16.4484385710496 16.3074723023635 17.1016377669114 17.9444163395808 19.7827459482046 21.1478268549992 21.4880984379695 21.5174991901104 21.1260588719295 21.2102190164419 20.2982931870681 20.2812797839825 20.4903634878305 19.7921832158015 19.3550729017991 19.2238069681021 18.8678178053636 18.4558517749493 17.9715719956618 17.2311374957745 16.266308931204 16.3127643878643 16.0728418643658 16.2052618907048 17.7912032054021 17.7842422632071 16.8934821348924 16.2754534207858 15.7182320814866 14.8156575423021 14.5414943695068 15.2563801545363 15.9462410119864 14.9397957141583 15.718272282527 16.1518881137554 16.487692466149
19.7796465066763 19.8139115847074 19.7297259110671 19.5412851480337 19.1426981412447 17.8549094566932 17.8566071436955 17.58056640625 17.2490468392005 17.4792697613056 17.8131396953876 18.7718367943397 18.9288349151611 19.3147364396315 19.4896881396954 19.7336327479436 18.4388815072867 16.9529826824482 17.3819932204026 18.2083823864277 17.8942853487455 16.5817587192242 15.9570323503934 15.5677573130681 14.1646677897527 15.0006809968215 16.1100690548237 17.5490581805889 18.3917485750639 18.1960207132193 18.1823219886193 19.2293824415941 20.9714351067176 21.1081116016095 20.9149495638334 20.2305965423584 20.6464501894437 20.2660297980675 20.9414644974929 20.2120177929218 19.5069798689622 18.3723454108605 18.2566498976487 16.8676482714139 17.4682291471041 15.9498293216412 14.6172691491934 15.6277666825515 15.912496640132 15.0409388175377 15.7565166766827 16.6648140687209 16.3784362352811 16.1558683835543 16.2584833732018 15.7221608528724 15.2826097928561 16.5380430221558 16.7712889451247 16.6159087694608 16.850242468027 17.0213262117826 17.0197225717398
21.1821117401123 21.0922923454872 20.7232049795297 20.0064127995418 19.8345757997953 18.7496248391958 17.2044630784255 16.5035329231849 15.9116940131554 15.8445243835449 16.8653100087092 17.4715868142935 18.2867017892691 18.8910387479342 19.8084376408504 18.9758595686692 18.8838473099929 17.9480243095985 15.9582020686223 16.6686789439275 17.7729228093074 17.6802284534161 16.3496235333956 15.368124961853 14.3781606967633 14.4800638052133 15.3808694252601 15.9163528589102 16.5879305326022 17.5536686823918 18.2342425126296 19.3756574484018 19.3832406264085 20.5604063180777 21.4327215047983 20.6439665280856 21.3135574047382 20.3683226658748 20.6711887946496 18.6753742511456 17.9553153698261 18.8393667661227 17.5398565439078 16.1339530211229 16.3404321670532 16.5287185082069 15.184468636146 14.7742950732891 14.9490541311411 16.01615355565 16.062259894151 16.1576157349807 16.2817416557899 16.034372476431 16.1558578197773 15.5875551517193 15.4875101676354 15.3234884555523 15.4614653220543 15.2090659508338 15.3044713093684 15.9427864368145 16.4715857872596
23.5985952524038 23.0563347156231 22.5644399202787 22.0704033191387 19.9798403519851 19.2194071549636 18.378360748291 17.5410178257869 15.6439444468572 15.4550323486328 15.588053043072 17.3510241875282 17.7404240828294 19.0575910714956 19.0880797459529 19.8778283045842 20.7851500877967 19.578212591318 18.0487201397236 16.1347866791945 16.4306522516104 16.3559843210074 15.6596370110145 16.2686383907612 15.7903787172758 16.0869408387404 14.2930454107431 15.8390066440289 16.8683121020977 17.5963447277363 18.3149628272423 18.2137863452618 17.6078256460337 19.5992403763991 21.1454020280104 21.5217122298021 19.7619256239671 20.0078733884371 19.729957140409 18.363349034236 17.2569861045251 18.2275902674748 17.3203168282142 16.508462025569 15.4321175355178 15.5352079684918 15.3436688643235 15.0018559235793 15.742848102863 16.0042819976807 16.4716125635 16.1394197757428 17.2156612689678 16.5803699493408 16.0206067745502 15.7917812053974 15.4691434273353 14.9465976128211 15.3326629491953 16.025568155142 16.0226318652813 17.1150661615225 17.4290195611807
23.8723188546988 23.5111824915959 23.074796970074 22.3540220994216 21.1672507065993 18.992393053495 17.6099081039429 17.6619328718919 15.952994786776 14.9429378509521 14.9223055472741 14.213612483098 15.1957489893987 17.0679104878352 17.4591320477999 17.9465855818528 18.8425231346717 17.7529618189885 17.8272038973295 16.6868408643282 14.91302050077 15.5282377829918 16.4345496984629 16.6564939939059 16.0078047238863 16.1191302813016 16.3178275915293 15.4338219715999 15.649592766395 17.0677102895883 18.3165548764742 19.6138056241549 19.1621137765738 20.1042439387395 22.0551192943866 21.1437443953294 20.7818029843844 19.8833921872653 18.9389407818134 18.2202559251052 17.3196132366474 16.7894645104041 17.0555779383733 16.0552910291232 14.8356424478384 14.0229941148024 14.6376916445219 14.6677266634428 14.7000221839318 16.3486680250901 17.0883638675396 17.0984917420607 17.7026020930364 18.1336411696214 18.0650482177734 17.9033176715557 17.5281818096454 17.2212791442871 17.122984959529 16.606196476863 16.1955329454862 16.3236954762385 16.8180299172035
23.7707082308256 23.3262352576623 22.7477422860953 21.6421598287729 19.9005922170786 19.0638347038856 18.816076865563 17.8503570556641 16.0391750335693 16.1148942067073 14.7064946247981 14.5885080190805 13.0086025091318 14.3636561173659 15.8408974134005 15.2204754902766 15.0120539298424 15.413691007174 16.0129713645348 14.7988422833956 14.7217524601863 15.4318852057824 15.1451473236084 15.3711760594295 16.1972634975727 16.210778603187 15.8380771050086 15.1440565402691 14.1076357914851 16.2075344966008 17.8238161527194 18.390481361976 17.5286568861741 18.625513957097 19.0901792966403 18.2972181760348 19.3432834331806 19.3812104738676 18.0377382131723 17.5125488868126 16.6334521220281 16.7071723204393 16.2762912603525 16.2518642132099 15.1086650995108 14.7363113256601 15.0677031737108 16.2310331051166 15.9597971255963 17.2218734301054 18.6964698204627 18.4306226877066 17.8813046675462 17.5886594332181 16.6948539293729 17.0489300214327 17.8636335226206 -9999 17.009273308974 16.7671152995183 17.0517924382136 16.3465374433077 16.4563817977905
