rasters/bioclim/bio06.asc
NCOLS 720 
NROWS 300 
XLLCORNER -180 
YLLCORNER -60 
CELLSIZE 0.5 
NODATA_value -9999 
[rows 28 to 55 of 300, columns 63 to 125 of 720]
-9999 -9999 -9999 -9999 -9999 -9999 -9999 -9999 -9999 -9999 -9999 -9999 -9999 -9999 -9999 -9999 -9999 -9999 -9999 -9999 -9999 -9999 -9999 -9999 -9999 -9999 -9999 -9999 -9999 -9999 -9999 -9999 -9999 -9999 -9999 -9999 -9999 -9999 -9999 -9999 -9999 -9999 -9999 -9999 -9999 -9999 -9999 -9999 -9999 -9999 -9999 -9999 -9999 -9999 -9999 -9999 -9999 -9999 -9999 -39.4387591435359 -39.6723289489746 -9999 -9999
-9999 -9999 -9999 -9999 -9999 -9999 -9999 -9999 -9999 -9999 -9999 -9999 -9999 -9999 -9999 -9999 -9999 -9999 -9999 -9999 -9999 -9999 -9999 -9999 -9999 -9999 -9999 -9999 -9999 -9999 -9999 -9999 -9999 -9999 -9999 -9999 -9999 -9999 -9999 -9999 -9999 -9999 -9999 -9999 -9999 -9999 -9999 -9999 -9999 -9999 -9999 -9999 -9999 -9999 -9999 -9999 -9999 -9999 -9999 -9999 -9999 -9999 -39.4390561030461
-9999 -9999 -9999 -9999 -9999 -9999 -9999 -9999 -9999 -9999 -9999 -9999 -9999 -9999 -9999 -9999 -9999 -9999 -9999 -9999 -9999 -9999 -9999 -9999 -9999 -9999 -9999 -9999 -9999 -9999 -9999 -9999 -9999 -9999 -9999 -9999 -9999 -9999 -9999 -9999 -9999 -9999 -9999 -9999 -9999 -9999 -9999 -9999 -9999 -9999 -9999 -9999 -9999 -9999 -9999 -9999 -9999 -9999 -9999 -9999 -9999 -9999 -9999
-9999 -9999 -9999 -9999 -9999 -9999 -9999 -9999 -9999 -9999 -9999 -9999 -9999 -9999 -9999 -9999 -9999 -9999 -9999 -9999 -9999 -9999 -9999 -9999 -9999 -9999 -9999 -9999 -9999 -9999 -9999 -9999 -9999 -9999 -9999 -9999 -9999 -9999 -9999 -9999 -9999 -9999 -9999 -9999 -9999 -9999 -9999 -9999 -37.6127912081205 -37.8236145606408 -38.032602750338 -38.1129734332745 -38.1844764122596 -38.499828338623 -38.6183501023513 -38.5630243741549 -38.4867512629582 -9999 -9999 -9999 -39.0395724956806 -39.2484227693998 -9999
-9999 -9999 -9999 -9999 -9999 -9999 -9999 -9999 -9999 -9999 -9999 -9999 -9999 -9999 -9999 -9999 -9999 -9999 -9999 -9999 -9999 -9999 -9999 -9999 -9999 -9999 -9999 -9999 -9999 -9999 -9999 -9999 -9999 -9999 -9999 -9999 -9999 -9999 -9999 -9999 -9999 -9999 -9999 -9999 -9999 -9999 -9999 -9999 -9999 -37.3243164649377 -37.6684092008151 -37.8831564096304 -38.0363338177021 -38.402586716872 -38.546634380634 -38.5575174184946 -38.6412409268893 -37.9362464317909 -38.2018831693209 -38.4455807025616 -38.679009951078 -39.7156703655536 -39.5622350252592
-9999 -9999 -9999 -9999 -9999 -9999 -9999 -9999 -9999 -9999 -9999 -9999 -9999 -9999 -9999 -9999 -9999 -9999 -9999 -9999 -9999 -9999 -9999 -9999 -9999 -9999 -9999 -9999 -9999 -9999 -9999 -9999 -9999 -9999 -9999 -9999 -9999 -9999 -9999 -9999 -9999 -9999 -9999 -9999 -9999 -9999 -9999 -9999 -37.5818551870493 -37.1553999093863 -37.3267376239483 -37.4842115548941 -37.7453642625075 -37.8254781869742 -37.9018619243915 -38.0979423522949 -37.9594835134653 -37.4938627389761 -37.8647064795861 -38.1139382582444 -38.4103552011343 -39.005374615009 -39.0875041668232
-9999 -9999 -9999 -9999 -9999 -9999 -9999 -9999 -9999 -9999 -9999 -9999 -9999 -9999 -9999 -9999 -9999 -9999 -9999 -9999 -9999 -9999 -9999 -9999 -9999 -9999 -9999 -9999 -9999 -9999 -9999 -9999 -9999 -9999 -9999 -9999 -9999 -9999 -9999 -9999 -9999 -9999 -9999 -9999 -9999 -9999 -9999 -36.9220818739671 -37.0948137136606 -37.2513325030987 -37.2597914475661 -37.3841215280386 -37.4877879802997 -37.8719432537372 -37.9311693631686 -37.8217122004582 -37.552236703726 -37.3248364375188 -37.7185563307542 -38.1668313833383 -9999 -9999 -38.8481650719276
-9999 -9999 -9999 -9999 -9999 -9999 -9999 -9999 -9999 -9999 -9999 -9999 -9999 -9999 -9999 -9999 -9999 -9999 -9999 -9999 -9999 -9999 -9999 -9999 -9999 -9999 -9999 -9999 -9999 -9999 -9999 -9999 -9999 -9999 -9999 -9999 -9999 -9999 -9999 -9999 -9999 -9999 -9999 -9999 -9999 -9999 -36.1195291372446 -36.1582618126502 -36.6602319570688 -36.9719831026517 -36.9185934800368 -37.0162500234751 -37.0115356445312 -37.3663608844464 -37.4855120732234 -37.2418045630822 -36.5387385441707 -37.0183457594651 -9999 -9999 -9999 -38.3578849205604 -38.6410446166992
-9999 -9999 -9999 -9999 -9999 -9999 -9999 -9999 -9999 -9999 -9999 -9999 -9999 -9999 -9999 -9999 -9999 -9999 -9999 -9999 -9999 -9999 -9999 -9999 -9999 -9999 -9999 -9999 -9999 -9999 -9999 -9999 -9999 -9999 -9999 -9999 -9999 -9999 -9999 -9999 -9999 -9999 -9999 -9999 -9999 -9999 -9999 -9999 -36.0376085134653 -36.8228965172401 -37.1891180185171 -37.1393514779898 -37.2538487361028 -36.6824185298039 -36.6857546292819 -35.9193232609675 -9999 -9999 -9999 -37.135933802678 -37.6767440209022 -37.7188139695388 -38.0646206782414
-9999 -9999 -9999 -9999 -9999 -9999 -9999 -9999 -9999 -9999 -9999 -9999 -9999 -9999 -9999 -9999 -9999 -9999 -9999 -9999 -9999 -9999 -9999 -9999 -9999 -9999 -9999 -9999 -9999 -9999 -9999 -9999 -9999 -9999 -9999 -9999 -9999 -9999 -9999 -9999 -9999 -9999 -9999 -9999 -9999 -9999 -9999 -9999 -9999 -9999 -35.4777459364671 -35.5628876319298 -35.2355783902682 -9999 -9999 -9999 -9999 -9999 -9999 -9999 -9999 -9999 -9999
-9999 -9999 -9999 -9999 -9999 -9999 -9999 -9999 -9999 -9999 -9999 -9999 -9999 -9999 -9999 -9999 -9999 -9999 -9999 -9999 -9999 -9999 -9999 -9999 -9999 -9999 -9999 -9999 -9999 -9999 -9999 -9999 -9999 -9999 -9999 -9999 -9999 -9999 -9999 -9999 -9999 -9999 -9999 -9999 -9999 -9999 -9999 -9999 -9999 -9999 -9999 -9999 -9999 -9999 -9999 -9999 -9999 -9999 -9999 -9999 -9999 -36.8423635042631 -37.1050359285795
-37.0596888615535 -36.8384798490084 -9999 -9999 -9999 -9999 -9999 -9999 -9999 -9999 -9999 -9999 -9999 -9999 -9999 -9999 -9999 -9999 -9999 -9999 -9999 -9999 -9999 -9999 -9999 -9999 -9999 -9999 -9999 -9999 -9999 -9999 -9999 -9999 -9999 -9999 -9999 -9999 -9999 -9999 -9999 -36.0143978412335 -35.9483448908879 -9999 -9999 -9999 -9999 -9999 -9999 -9999 -9999 -9999 -9999 -9999 -9999 -9999 -9999 -9999 -9999 -9999 -9999 -9999 -9999
-37.2366467989408 -37.0732888441819 -37.1976165771484 -37.1723758990948 -37.294605255127 -37.5843174274151 -37.7465764559232 -37.4151804997371 -36.7305658780611 -36.4514550429124 -36.1102365347055 -35.4689166729267 -34.9755342923678 -34.7193361429068 -9999 -9999 -9999 -9999 -9999 -9999 -9999 -9999 -9999 -9999 -9999 -9999 -9999 -9999 -9999 -9999 -9999 -9999 -9999 -35.4119397676908 -35.4145361093374 -35.4778257516714 -35.4257833040678 -37.035888671875 -36.1614060035119 -36.6584261380709 -37.8104726351224 -38.3995901254507 -37.9238606966459 -35.983837714562 -9999 -9999 -34.7126159667969 -34.2956977257362 -9999 -9999 -9999 -33.6869767995981 -33.6482093517597 -33.6183405656081 -9999 -9999 -9999 -9999 -9999 -9999 -9999 -9999 -9999
-38.411629310021 -38.8603650606596 -39.5729182316707 -39.7192834707407 -39.9219022897574 -40.1375415508564 -41.6363293574407 -40.38336621798 -40.833306826078 -41.8723933880146 -40.8303618797889 -40.3146588252141 -40.5155812777006 -40.0080440227802 -39.8165591313289 -39.1973178570087 -38.8840569716233 -37.9454137361967 -37.1555046668419 -36.1788664597731 -9999 -9999 -9999 -9999 -9999 -37.6583146315355 -36.5976703350361 -36.4058664762057 -36.3085503211388 -36.1891573392428 -35.9191592289851 -35.9025884775015 -36.1020003098708 -36.3254485497108 -36.3601226806641 -36.2625327477088 -36.255979684683 -38.7309370774489 -38.4915225689228 -38.8820533752441 -38.6245108384352 -39.2655343275804 -38.9420512272761 -36.2117133507362 -35.8685789841872 -35.4901310847356 -35.3428315382737 -35.1569659893329 -34.8351226219764 -34.7840403043307 -34.8868050208459 -34.9785948533278 -35.3814811706543 -36.1237810575045 -35.8986076941857 -35.2098831763634 -34.8701389019306 -35.3083410996657 -35.648985349215 -9999 -9999 -9999 -9999
-39.4352293748122 -40.6553233220027 -41.3090497530424 -41.0456419724685 -40.6841052128718 -41.5458368154672 -40.6428812467135 -39.9707298278809 -40.3967158977802 -40.1449121328501 -39.7320770850548 -39.7882408728966 -39.6326379042405 -39.8156365614671 -39.1224834735577 -39.1515139066256 -39.1422494741587 -38.1052929804875 -38.7159491318923 -37.9483014620267 -38.1123284559983 -38.0440004788912 -38.1117536104642 -37.965892791748 -37.917601952186 -37.3997585590069 -36.7678982661321 -37.0363643352802 -37.2712777944712 -37.3880544809195 -37.2519111633301 -37.0898000277006 -37.1833774860089 -37.1878098707933 -37.1616651094877 -37.1851164010855 -37.26653612577 -37.3354263305664 -37.2923237727239 -37.1592859121469 -37.0135037348821 -37.2618328974797 -37.0819796048678 -36.597295320951 -36.2547067495493 -36.0622188861553 -35.9312347998986 -35.7320192777194 -35.6423624478854 -35.4580227778508 -35.3423183147724 -35.1939556415264 -35.1066612830529 -35.020560337947 -34.9653772207407 -34.9277736957257 -35.0818598820613 -35.701173048753 -36.6864415682279 -37.048587505634 -37.3650809067946 -37.5370559692383 -37.6006675133338
-41.0262741675744 -40.2782903817984 -40.0907903817984 -39.8638038635254 -39.6442551246056 -39.0006373478816 -38.9022976801946 -38.8718382028433 -38.6223015418419 -38.5067889873798 -38.1742679889386 -38.0142963115986 -37.85376563439 -37.7109853304349 -37.6824528620793 -37.896539247953 -37.7975132281964 -37.1688519991361 -37.3538768474872 -37.8143058189979 -38.2853387685922 -38.887073810284 -39.1665118290828 -39.0672316918006 -38.9388119624211 -38.449703509991 -37.6032776465783 -37.7018221341647 -37.8869094848633 -38.0656565152682 -38.1342403705303 -37.9475056574895 -37.8749078603891 -37.6384890629695 -37.5360350975623 -37.7213375384991 -37.7870600773738 -37.7013693589431 -37.3852066626916 -37.1539036677434 -37.0548835167518 -37.3606546842135 -37.1455271794246 -36.6909825251653 -36.5057408259465 -36.2958588233361 -36.1047333937425 -36.0234897320087 -35.9076268122746 -35.7789057218111 -35.5947071955754 -35.4340518071101 -35.2839384812575 -35.1115109370305 -34.9771702106182 -35.1216201782227 -35.3965069697453 -36.2449469933143 -36.4720206627479 -36.3336363572341 -36.6262209965632 -37.049071091872 -9999
-39.1169738769531 -38.4767456054688 -38.8541209881122 -38.2870251582219 -37.6415613614596 -37.6026382446289 -37.4770252521221 -37.4516812838041 -37.1149834852952 -37.7373616145207 -37.2558960547814 -36.4679990915152 -36.9338038517879 -37.5146281902607 -37.9227374150203 -37.4762165363018 -37.266360943134 -36.8702674278846 -37.0703377356896 -37.3610883859488 -38.2994877741887 -38.8082381028395 -40.3905217097356 -40.7266927865835 -40.9891838660607 -39.6968545180101 -38.5157048152043 -38.7006692152757 -38.5094152597281 -38.5025737469013 -38.3696773235614 -38.5133470388559 -38.3653907775879 -38.0417682941143 -38.1185807448167 -38.0140841557429 -38.1032929053673 -37.9032264122596 -37.8861664992112 -37.8976229154147 -37.8327413705679 -37.920109968919 -37.7292104867788 -37.4112801185021 -37.0689494793232 -36.7821493882399 -36.7775350717398 -36.6361107459435 -36.3395051222581 -36.0884751539964 -35.9532086299016 -35.7406240609976 -35.6005756671612 -35.4238797701322 -35.3161976154034 -35.4144111046424 -35.7025293203501 -36.4919744638296 -36.5980283297025 -36.7185531029334 -37.076903123122 -37.2289390563965 -9999
-38.0066569401668 -37.3614229055551 -37.3726844787598 -36.5283637413612 -36.2154749356783 -35.915660564716 -35.7835479149452 -35.5068409259503 -35.1694922814002 -35.3363389235276 -35.8066849341759 -36.1436623793382 -36.1574384249174 -36.0541892418495 -36.4034755413349 -36.9889684823843 -36.9830542344313 -37.619760953463 -37.886346083421 -38.335213294396 -38.3396964439979 -38.0019264221191 -38.3182886563815 -38.9124207129845 -40.6291568462665 -39.5060553917518 -39.2901975191556 -39.0042595496544 -38.6881443903996 -38.4966251666729 -38.2608055701623 -38.1589596088116 -37.9570544316218 -38.0406253521259 -38.1072510939378 -38.0520955599271 -37.9389448899489 -38.3237260671762 -38.4458961486816 -38.3609105623685 -38.1862584627592 -38.119321676401 -37.8891102717473 -37.6101376460149 -37.2566848168006 -37.0641024662898 -37.0703679598295 -36.8180172259991 -36.6559991102952 -36.4086884718675 -36.2522823627178 -36.0337632986215 -36.0830433185284 -36.3350187448355 -36.5348545954778 -36.597422673152 -36.6463576096755 -36.8392920860877 -36.6846615717961 -36.8867266728328 -37.0275309636043 -37.146117577186 -9999
-35.8326600881723 -35.4571286714994 -35.2661930964543 -34.7739072946402 -34.4645347595215 -34.2896473224346 -34.1547179588905 -34.0521422166091 -34.0902281541091 -34.165346292349 -34.6797321026142 -35.553036909837 -35.840094933143 -36.4464974036584 -36.9792650662936 -37.7244113041804 -38.2097361637996 -38.1669924809382 -38.6659639798678 -38.5083714998685 -38.0742530822754 -37.8266581021822 -37.9977713364821 -38.6029387253981 -39.632820716271 -39.9675847567045 -38.8071110065167 -38.4615857050969 -38.2341760488657 -38.0352630615234 -37.8858501727764 -37.6068666898287 -37.5490725590632 -37.5487239544208 -37.6589179405799 -37.7141641470102 -37.7944878798265 -38.0727125314566 -38.4241107060359 -38.598746079665 -38.2880642230694 -38.0862963749812 -37.7514748206505 -37.2879844078651 -37.1838108943059 -37.2259741563063 -37.098197056697 -37.0090786860539 -36.9811049241286 -36.9566732553335 -36.5569918705867 -36.2894733135517 -36.5100511404184 -37.4693791316106 -38.3386116027832 -38.8988547691932 -39.0379582918607 -38.8687183673565 -37.4912435091459 -36.6965100215032 -36.7764713580792 -37.0631256103516 -9999
-34.5609098581167 -34.401663853572 -34.1820822495681 -34.0038931919978 -33.7257647881141 -33.5186710357666 -33.4542559110201 -33.4967513451209 -33.4437131148118 -33.5245748666617 -33.9712534684401 -34.862824513362 -35.3561210632324 -35.746829693134 -36.300602546105 -37.8683043259841 -38.6312311612643 -39.2944811307467 -39.1980244563176 -38.5098383976863 -37.9982264592097 -37.8617483285757 -38.1818114060622 -38.7933754554162 -39.2872631366436 -40.1460938086877 -39.2472780667819 -38.6893128615159 -38.0548336322491 -37.7706894507775 -37.6342394902156 -37.4890034015362 -37.3471500690167 -37.2676054147574 -37.2456999558669 -37.4079181964581 -37.6117773789626 -37.7878118661734 -38.0179232083834 -38.4939440213717 -38.2485354496882 -37.7759085435134 -37.4482401334322 -37.0767097473145 -36.9792996920072 -37.0328110914964 -36.9056824904222 -36.7218343294584 -36.706719325139 -36.6933256296011 -36.3363327613244 -36.1755180358887 -36.6039370023287 -37.8636765113244 -38.5862403282752 -38.7862026508038 -39.1119191096379 -38.9893619830792 -38.4003677368164 -37.9462761512169 -37.4435794536884 -37.4206771850586 -9999
-34.6513330019437 -35.1137837630052 -35.1825469090388 -34.7657639430119 -33.8412434504582 -34.2305714533879 -33.8314163501446 -33.5050067901611 -33.208319737361 -33.5062594780555 -34.126008107112 -35.0465660095215 -35.581962292011 -35.9620599013108 -36.2737485445463 -37.6579008836013 -38.3445716271034 -38.8904609680176 -39.0002805269681 -39.1302205599271 -38.4821032010592 -38.8186487051157 -39.0385750990648 -38.7991256713867 -38.7128178523137 -38.847101358267 -38.280518751878 -38.2743274982159 -38.4806277935322 -38.3652434715858 -38.0798049339881 -38.2590687091534 -38.393200800969 -37.8017457815317 -37.6351720369779 -37.7480947054349 -37.5169460590069 -37.325428889348 -37.4965556218074 -37.6681301410382 -37.5622168320876 -37.233700972337 -37.3860007065993 -37.0611856900729 -37.0567626953125 -36.9607963562012 -36.9597323491023 -36.7860257075383 -36.7714268611028 -36.8582795950083 -36.930715414194 -36.8917162968562 -37.2200728196364 -37.8220015305739 -38.4345861581656 -38.6681938171387 -38.4599157480093 -38.8406768211952 -38.9166045555702 -38.8180095966046 -38.3709743206318 -38.2771926293006 -9999
-34.0598307389479 -34.5835427504319 -34.3507347106934 -34.1784811753493 -34.181550686176 -33.8945350646973 -34.0055512648362 -34.1897955674392 -33.9008925511287 -34.19322850154 -34.5168170928955 -34.4037085313063 -34.6542502183181 -35.4521393409142 -35.9730051480807 -37.0102838369516 -38.0111130934495 -38.106927724985 -38.3002568758451 -38.6445638216459 -38.9985034649189 -39.1281254108136 -39.3899829571064 -39.582331437331 -39.3910763080303 -39.0213141808143 -38.4329763559195 -38.4809259267954 -38.7982676579402 -39.1014639047476 -39.1139309222882 -39.3281311622033 -39.0333489638108 -38.4847764235276 -38.1667495140663 -38.5434291546161 -38.3158578139085 -37.6285602863018 -37.4547292269193 -37.1264988825871 -37.1269167386569 -36.4502437298114 -36.1697015028733 -36.2532146160419 -36.5996812673715 -36.4748309208797 -36.3077973585862 -36.6133551964393 -36.8462495070237 -36.9793894841121 -37.1917833181528 -37.1872048011193 -36.8619745694674 -37.3023986816406 -38.1855151836689 -38.2625494736892 -38.0083565345177 -38.2475723853478 -38.4449448218712 -38.3131417494554 -37.929870898907 -37.7482558030349 -9999
-32.7413960970365 -32.9792101933406 -32.3427231128399 -32.4827426030086 -32.746464069073 -32.7582595531757 -33.0769003354586 -33.6041270035964 -34.1850279294528 -34.9392415560209 -35.0092865870549 -35.8314470144419 -35.8743338951698 -35.69127537654 -35.3042163848877 -35.5726633805495 -37.5768432617188 -38.3435331491324 -39.001957820012 -38.9799361595741 -39.3385802048903 -40.0268091055063 -39.8130862896259 -39.8845085730919 -39.8861556419959 -40.0841818589431 -39.9279744074895 -39.7071990966797 -39.6211119431716 -39.7003772442157 -39.4290316655086 -39.2749739426833 -39.3465992854192 -38.8726149338942 -38.4439218961276 -38.6381639333872 -38.4897287808932 -37.9584421011118 -37.9537456219013 -37.8487780644343 -37.6976089477539 -37.4969816941481 -37.1276849599985 -36.3261630718525 -36.1564360398513 -36.2943528982309 -36.1122615520771 -36.2516291691707 -37.0417682941143 -37.318857046274 -37.2813233595628 -37.3598409799429 -37.4240402808556 -37.336922278771 -37.3937938396747 -37.6545008145846 -38.1513152489295 -38.3152503967285 -38.2454367417556 -37.6890640258789 -37.1742935180664 -36.8991505549504 -9999
-31.8478235098032 -32.1175337571364 -31.76699755742 -31.3545495546781 -30.7241661365216 -30.2501373291016 -9999 -9999 -9999 -9999 -33.7784498654879 -33.8735495347243 -34.8034578470083 -34.4473658341628 -34.9436842111441 -35.5910408313458 -35.8191614884597 -37.2439226003794 -37.4862609276405 -38.2768892141489 -39.0569918705867 -39.6159626887395 -39.7474949176495 -39.5698256859413 -39.0165240948017 -38.7519208467924 -38.3592279874361 -38.5431148822491 -38.2032300508939 -38.4783642108624 -38.3289692218487 -37.8769977276142 -37.9830504197341 -37.5996522169847 -37.3695306044358 -37.4900985130897 -37.4363620464618 -36.6549236591046 -36.4609040480394 -36.1242235623873 -36.185107597938 -35.9599186823918 -35.9231315025916 -36.0454248281626 -36.2887160961445 -36.2197906787579 -35.9756704477163 -36.03070801955 -37.0552374032828 -37.7592990581806 -37.4904474111704 -37.370056445782 -37.4652563241812 -37.3509577237643 -37.4070883530837 -37.7493162888747 -38.1050582298866 -38.1469711890587 -37.786928323599 -37.4810570936937 -37.3561776968149 -36.8809141012338 -9999
-32.5131306281457 -34.1452416640062 -34.4677768120399 -33.9572825798622 -32.6358343271109 -30.4258271730863 -9999 -9999 -9999 -9999 -31.6341508718637 -31.6306564624493 -32.3472592280461 -32.9902393634503 -34.1089278001052 -34.7107064173772 -35.4755838834322 -35.9727501502404 -36.4408804086538 -36.8671907278208 -37.3439750671387 -37.7043662438026 -38.2961431650015 -38.1091252840482 -37.332156254695 -36.7263262822078 -36.8818599994366 -36.6266356248122 -36.39801465548 -35.9326447706956 -35.7388540414663 -36.5384063720703 -36.2706847557655 -36.3046487661508 -36.1809698251578 -35.8878707885742 -35.6448810283954 -35.6084113487831 -35.3673110375038 -35.3136417682354 -34.6593476808988 -34.5628179403452 -35.0755653381348 -35.3708113156832 -35.5039785825289 -35.7893554980938 -35.842438184298 -36.0417049114521 -36.2398508512057 -36.7397751441369 -37.3891284649189 -37.3774945185735 -37.3580518869253 -37.3767034090482 -37.3654418358436 -37.2948297353891 -37.629572061392 -37.5683761009803 -37.5119848984938 -37.1778667156513 -36.6694600031926 -36.4107118753287 -9999
-30.4293490189772 -30.8712102449857 -31.6485105661245 -32.519478724553 -32.6297931671143 -31.7184260441707 -9999 -9999 -9999 -9999 -30.7062218005841 -30.0877537360558 -30.7006714160626 -31.5358625558706 -32.4576957409198 -33.4617767333984 -34.2192800962008 -34.9922156700721 -35.4031782883864 -36.4483352074256 -37.0298825777494 -37.6753170306866 -37.7013373741737 -37.3833618164062 -36.6002995417668 -36.4155757610614 -36.0973522479718 -35.7652282714844 -35.1202969184289 -35.6602278489333 -35.581179692195 -35.1886546795185 -34.9587534390963 -35.1377177605262 -35.0599372570331 -34.7501314603365 -34.6790891794058 -34.5602389115554 -34.0314199007474 -33.8206037374643 -33.816740329449 -34.0534867506761 -34.0858921637902 -34.0636442624606 -34.4087715148926 -34.9804134368896 -35.5075269845816 -35.8117260566125 -35.9699844947228 -36.028437100924 -36.8397137568547 -36.9842840341421 -37.138669527494 -37.0028786292443 -37.0074019798866 -37.0869613060584 -37.2395013662485 -37.0119810837966 -36.6230923579289 -36.4134729825533 -36.0917164729192 -35.8050187917856 -9999
-29.0442006037785 -29.4729917966403 -28.929220199585 -29.4749502035288 -29.8795813046969 -29.8905664590689 -9999 -9999 -9999 -9999 -31.1622987893912 -31.4572397378775 -30.3523244124192 -30.4204857165997 -30.9811176886925 -31.9050744863657 -33.2849084413969 -34.4568255497859 -35.2576588850755 -36.5820233271672 -37.5211560175969 -37.3643191410945 -37.2765048100398 -36.6718720656175 -35.5951546889085 -34.4897120549129 -34.1766890012301 -34.1212859520545 -34.539148917565 -34.6763019561768 -34.3013962965745 -33.9881114959717 -34.2130992595966 -34.1407190469595 -33.6112622481126 -33.8432768308199 -33.5446074559138 -33.5798156444843 -33.1563132359431 -32.8605603438157 -32.7144433535062 -32.9811840057373 -33.6301628993108 -33.7776157672589 -34.4433058225192 -34.6510185828576 -35.1070811931904 -34.7787811572735 -34.9190098689153 -35.3236450782189 -35.4989811823918 -36.209594139686 -36.3875283461351 -36.2538868830754 -36.3245080801157 -36.566707611084 -36.7974163935735 -36.7855165921725 -36.3430568988507 -35.9971791780912 -35.7179864736704 -35.3294495802659 -9999
-9999 -9999 -9999 -9999 -9999 -9999 -29.0497286869929 -9999 -9999 -9999 -9999 -9999 -9999 -9999 -9999 -9999 -9999 -9999 -9999 -9999 -36.0160361069899 -36.4954517071064 -36.594127361591 -35.5847396850586 -34.1384751246526 -33.299461218027 -33.1528499309833 -32.7871627807617 -33.4092867924617 -33.3032631507287 -33.5042014488807 -32.6667916224553 -32.9445774371807 -32.8114892519437 -32.4590605222262 -32.4287685981164 -32.4242588923528 -32.2741788717417 -32.6487206679124 -31.6474556556115 -31.7075245197003 -31.6848795964168 -32.1293013646052 -32.9665257380559 -33.4052693293645 -33.743252827571 -33.9489439450778 -33.9156684875488 -34.2374452444223 -34.5581653301532 -34.4975927793063 -35.281189258282 -35.554006429819 -35.4683600205642 -35.6271591186523 -36.1818058307354 -36.8845866276668 -36.9304348872258 -36.4624284597544 -35.9623721196101 -35.2304919316218 -34.6016456897442 -34.3099795121413
