rasters/bioclim/bio05.asc
NCOLS 720 
NROWS 300 
XLLCORNER -180 
YLLCORNER -60 
CELLSIZE 0.5 
NODATA_value -9999 
[rows 112 to 139 of 300, columns 126 to 188 of 720]
32.5707359313965 39.7617387038011 40.9263170682467 41.8731891925518 42.3958713824932 41.6827973585862 41.074347275954 39.9213705796462 40.5112859285795 40.4177797757662 38.7762336730957 36.977040217473 34.8795934823843 34.3103294372559 31.0442632528452 27.7830949930044 29.4457445878249 30.7457950298603 31.1241207122803 32.5942711463341 34.2991186288687 33.9835168398344 31.6270191486065 31.5922069549561 34.7569946875939 35.409905066857 34.3219355069674 34.2059591733492 34.5338334303636 34.5360221862793 34.9071963383601 35.6854019165039 36.8810512836163 37.2229470473069 38.1712831350473 38.371829693134 38.388490823599 38.4904700059157 38.2432280320388 38.173830472506 38.2324559138371 38.0859498244065 37.8520736694336 37.4365944495568 37.3060282193697 37.1475554246169 36.9700678311861 36.9019455542931 36.6672788766714 36.4173372708834 36.3130067678598 36.6111271197979 36.6472910367526 36.823233971229 36.3186762883113 36.1818064176119 36.2071844247671 36.2110457787147 36.0570388207069 36.1644498384916 36.5253257751465 36.7940336374136 36.0174528268667
31.8031234741211 37.9992326589731 42.5031186617338 42.2255630493164 41.7173523536095 41.1345910292405 41.9742050170898 42.4803710350623 40.9169111985427 40.5190329918495 39.8938358013447 38.3874960679274 35.3185034531813 35.9918142465445 32.9410030658428 31.1432737203745 30.0031569554256 29.9347675030048 30.6224544231708 34.0619902977577 33.6026469010573 34.8732974712665 29.1402238699106 31.2879154498761 34.9833758427547 35.5678355877216 34.5530671339769 34.4625358581543 34.7986749502329 34.7728424072266 35.5285421518179 36.6107321519118 37.014829488901 37.090404510498 37.8622316213755 37.951591198261 38.1482103787936 38.2258793757512 38.6076073279748 38.5039954552284 38.3480588472806 37.9862723717323 37.7100254939153 37.6327916658842 37.3920880831205 37.1340235196627 36.8028857891376 36.5506216195913 36.5592234684871 36.4038749107948 36.2248285733736 36.4032126206618 36.7946530855619 36.7511511582595 36.3584973261907 35.8788038400503 36.037219120906 36.4411779550406 36.5145874023438 36.2572737473708 36.4395000751202 36.7684692969689 36.3003120422363
30.1607374044565 34.1884636512169 40.5845119769757 42.5990929236779 42.2812045170711 42.0008879441481 42.4898132911095 43.2066307067871 42.6432900061974 41.2106716449444 40.3675129230206 39.800479888916 36.3055634131798 34.3831584636982 35.8250350952148 35.9943935687725 34.446217757005 33.4495091071496 33.6379670363206 35.4661489633413 33.9297612997202 35.6556593088003 29.7531085381141 32.1033935546875 34.680845113901 35.9494816706731 35.2047465397761 35.622246668889 36.0315839327299 36.3301969674917 36.604357792781 36.8581616328313 36.9568173335149 37.3049442584698 37.7704385610727 37.8721304673415 38.1038249089168 38.437195117657 38.5512137779823 38.660766014686 38.4431078984187 37.934080857497 37.6034126281738 37.4186633183406 37.3868909982535 36.9439547612117 36.7025478069599 36.5436938359187 36.3508033752441 36.4587138249324 36.267157627986 36.266359769381 36.6249040456919 36.7232539837177 36.4851470360389 36.0131463270921 36.3024667593149 36.9401597243089 37.0871825584998 37.0174516531137 36.4440501286433 36.5917123647837 36.5709381103516
28.0552126077505 30.603047150832 37.3331527709961 41.0589447021484 41.7243109482985 41.9612728999211 41.9593990032489 42.4812041062575 41.7990490840032 41.1993763263409 39.4257389948918 38.5827657259428 36.4172210693359 34.9792800316444 35.8117438096267 36.1566872229943 35.9090696481558 35.6608006403996 35.3532673762395 35.3433013329139 34.5534541790302 34.7913665771484 35.3716791593111 34.8499532846304 33.5573786222018 35.7776671189528 35.9270028334398 36.1479060833271 36.5304051912748 36.8994278540978 37.169488466703 37.4284817622258 37.1288067744328 36.6782059302697 37.3079725412222 37.3946756216196 37.7119348966158 37.7905901395358 38.5177735548753 38.452771113469 38.2980308532715 38.033682016226 37.5338272681603 37.1341702387883 37.1182641249437 36.6628564687876 36.6067246657151 36.4953246483436 36.280509361854 36.254888681265 36.2919681255634 36.2498729412372 36.5112058199369 36.7766975989709 36.592155456543 36.6382284898024 36.7712622422438 37.0341612008902 37.1581057035006 37.1515567486103 36.9546857980581 36.972164447491 36.8877915602464
-9999 28.6389793982873 30.3316332010122 36.3957642775315 39.1551818847656 40.2710723876953 40.9081074641301 41.0283032930814 40.0259214547964 39.1681753305288 36.5256467965933 34.9204594538762 34.1592489389273 35.4152899522048 35.5865243765024 34.7409923260029 35.6161760183481 35.9844433711125 36.7200869046725 36.8742975088266 36.8553132277269 36.842897268442 35.1744455190805 36.0855997525729 34.8393551753118 36.307869544396 37.1044015150804 37.252988081712 37.0043428861178 37.0242605942946 37.0778080866887 37.1054775531475 37.2833565932054 37.5744147667518 37.327156653771 37.6549409719614 37.5256344721868 37.6988889254056 38.7293302095853 39.0198067885179 38.8608639056866 38.320737692026 37.8906971858098 37.4303213266226 36.9665876535269 36.4597963186411 36.3858504662147 36.2643145047701 36.1729680574857 36.1122096135066 36.1251883873573 36.1645217308631 36.1893248924842 36.384585747352 36.5035579387958 36.8426469656137 37.0451686565693 37.0068089411809 36.9205721341647 36.9464302062988 36.9048168475811 37.0720115074745 36.9018308199369
-9999 28.6808009514442 27.9393606919509 32.069360439594 -9999 -9999 -9999 42.7410149207482 40.5067302997296 38.2459206214318 37.2721431438739 33.664066021259 34.0546942490798 33.9552797170786 34.908516223614 36.4162489084097 35.1891068678636 36.4669749920185 36.8801574707031 37.9483886131873 37.9634901193472 37.5084026043232 36.9729752173791 35.5036154526931 35.9389533996582 36.1095950786884 37.4980556781475 37.8886102529672 37.1459720318134 36.6818058307354 37.0975773151104 37.0211621798002 37.2484785226675 37.4079308143029 37.259882413424 37.4583631662222 37.6208595862755 37.6003112792969 38.8365680988018 38.8265125568096 38.8473211435171 38.5141011751615 37.9296343876765 37.2889797504132 36.9122637235201 36.3690408559946 36.0842698904184 35.7740636972281 35.8588641240047 35.8339218726525 36.0791802039513 36.1746432964618 36.0913722698505 36.1685333251953 36.5100217965933 36.4929037827712 36.7349615830642 36.7680493868314 36.969723041241 36.7512829120343 36.8509961641752 37.0322338984563 36.8917682354267
-9999 -9999 27.5427378140963 28.104625408466 35.8107153085562 -9999 -9999 -9999 40.7400471613957 39.479552929218 38.3673406747671 36.3895419194148 34.9138670701247 35.6701850891113 35.3105506896973 37.5076939509465 35.7785069392278 35.9098504873422 35.8128098707933 37.3240661621094 37.9064709590032 37.3715397761418 36.0476719782903 37.2658342214731 36.718514075646 34.826607630803 35.6624579796424 36.9174520052396 36.8774992135855 37.2096777695876 37.2452732966496 36.9852338937613 36.8072668222281 36.5310043921837 36.4847599909856 36.8959503173828 37.466250199538 37.3333446796124 37.5705340458797 38.4314325772799 38.6558051476112 38.3297122075007 37.7390518188477 36.9968622647799 36.6209112314078 36.2533311110276 35.772088270921 35.6992316612831 35.7313863314115 35.7735762962928 35.8465934166541 35.7592653127817 36.039069542518 36.0400795569787 36.0015261723445 35.9728047297551 36.1770266019381 36.4236124478854 36.2326871431791 36.1503900381235 36.3579221872183 36.6278193547175 36.4815600468562
-9999 -9999 29.0383670513447 31.0510606032151 34.7592136676495 -9999 -9999 -9999 39.6147006108211 37.9890914330116 36.7816696166992 36.1517615685096 35.2845235971304 35.7833642225999 36.1195264963003 36.4201032198392 35.55211522029 33.4961718045748 35.3443125211276 36.6016610952524 37.1967441852276 36.8849355257474 36.8986106285682 37.1378525954026 37.1121969956618 35.482533968412 35.2191159174993 35.6758830730732 35.9275471613957 37.3650723970853 37.6910599928636 37.2726546067458 36.8224428617037 36.2860597463755 36.2742491502028 36.1788984445425 36.1549940842849 36.8133993882399 37.3271493178148 38.1219743581919 38.2878456115723 38.1633262634277 37.1754332322341 36.5788744412936 36.1942690335787 35.8946427565355 35.6349205603966 35.1663152254545 35.2722942645733 35.2497843228854 35.0950725261982 35.2514736468975 35.486511523907 35.5225313626803 35.3814905606783 -9999 -9999 -9999 -9999 -9999 -9999 -9999 35.1777860201322
-9999 -9999 -9999 32.6500029930702 34.3823001568134 37.0249202434833 -9999 -9999 -9999 39.5543729341947 37.9237263019268 38.4481834998498 37.3246090228741 36.4908937307505 38.1891329838679 37.5182189941406 34.3691773047814 30.7676827357366 31.5076970320482 33.5433619572566 34.2023371182955 35.2756878779485 36.7239109919621 36.104684976431 38.7077915485089 38.2659354576698 37.318309197059 37.7397466806265 37.8998489379883 38.0168057955228 38.3160080542931 37.9596944955679 36.9903564453125 36.5961790818435 36.4748124342698 36.4360956045297 36.4516674922063 37.0114009563739 37.8085165757399 37.843393765963 37.7472179119404 37.190252157358 36.4094452491173 35.5502806443435 35.0021755511944 35.0271139878493 -9999 -9999 34.5082790668194 -9999 34.3690405625563 34.5087488614596 34.7205329308143 34.7406804011418 34.7132389362042 35.263494344858 -9999 -9999 -9999 -9999 -9999 -9999 -9999
-9999 -9999 -9999 -9999 33.4160888378437 33.5523815155029 36.379211132343 38.5108921344464 -9999 42.664555476262 40.885509784405 39.7134390610915 40.5428639925443 38.9885397690993 38.8323995150053 36.2397739703839 34.7086278475248 31.617971273569 30.7710487659161 32.1323507749117 35.4543583209698 38.3549599280724 36.7239946218637 36.5174689659706 37.7004858163687 37.7588867774377 38.5025223952073 38.3737021226149 37.4227570753831 35.6791619520921 36.9743309020996 38.1263536306528 38.1754998427171 38.0132058950571 38.1284217834473 37.8648737393893 37.5000877380371 37.2969600970928 37.2103459284856 37.0736236572266 36.8990771953876 36.3050639812763 35.2946618887094 34.270447070782 -9999 -9999 -9999 -9999 -9999 -9999 -9999 -9999 -9999 -9999 -9999 -9999 -9999 -9999 -9999 -9999 -9999 -9999 -9999
-9999 -9999 -9999 -9999 -9999 34.7844467163086 33.8783001532921 38.877190223107 -9999 -9999 41.0536848214956 39.9620443490835 39.2316979628343 38.7905408419096 37.4097624558669 34.0336963947003 32.3136250422551 31.1602959266076 32.0630055941068 30.8169630490817 31.0931136791523 32.5188300792988 34.892587515024 35.8412636976976 36.2802035991962 35.7721801170936 35.9131091191218 37.4113009526179 36.1195467435397 34.9800171485314 35.4444647568923 37.4937400817871 38.6596650343675 38.8662719726562 38.839721092811 38.409608400785 37.6635507436899 37.0831504234901 36.3011606656588 36.3016527616061 36.2689452538123 35.7479127737192 34.9715106670673 -9999 -9999 -9999 -9999 -9999 -9999 -9999 -9999 -9999 -9999 -9999 -9999 -9999 -9999 -9999 -9999 -9999 -9999 -9999 -9999
-9999 -9999 -9999 29.6221829927885 -9999 -9999 34.3936818929819 35.926605958205 -9999 -9999 -9999 38.9947553781363 38.2501517075759 37.6251443716196 37.1786639873798 34.3886806781475 29.5519617520846 30.6535082596999 28.6972980499268 29.38960985037 31.6706588451679 32.675499695998 34.2159846379207 35.1341089101938 35.3081045884352 35.5870645963229 36.1083236107459 36.5227047846868 36.0560648991511 34.7059246943547 37.5760137117826 38.2010829632099 38.5678602365347 39.147578899677 38.7403928316556 38.393731043889 37.7775620680589 37.0236596327562 36.2776090181791 36.0196635906513 -9999 -9999 -9999 -9999 -9999 -9999 -9999 -9999 -9999 -9999 -9999 -9999 -9999 -9999 -9999 -9999 -9999 -9999 -9999 -9999 -9999 -9999 -9999
-9999 -9999 -9999 -9999 32.5313886495737 34.534219448383 35.6543935629038 35.504403921274 37.0438084235558 -9999 -9999 -9999 -9999 38.0631261972281 37.4992822500376 36.5718131432166 35.3627636249249 33.2903116666354 28.3958964714637 28.1528176527757 30.7443206493671 32.4682194636418 33.6162021343525 34.5720159090482 35.2969932556152 35.16680761484 35.6632564251239 36.7589777432955 35.7093479449932 35.0261025061974 36.9470267662635 38.4814863938552 38.9670046292819 39.0705164395846 38.7390705988957 38.228575192965 37.3922509413499 37.002499800462 36.5304629986103 -9999 -9999 -9999 -9999 -9999 -9999 -9999 -9999 -9999 -9999 -9999 -9999 -9999 -9999 -9999 -9999 -9999 -9999 -9999 -9999 -9999 -9999 -9999 -9999
-9999 -9999 -9999 -9999 -9999 33.4906355050894 34.6467596200796 35.7314191964956 34.9761645977314 37.6052778684176 -9999 -9999 -9999 39.1168028024527 38.2924866309533 38.355716411884 37.6241188049316 36.9190207261306 30.8722971402682 28.4141861842229 29.5750447786771 32.1387534508338 33.0947240682749 34.4434013366699 34.7065048217773 34.6493178147536 35.9687300461989 36.7445473304162 35.4735547579252 36.2429979764498 37.0110121506911 38.3294927156889 39.0359658461351 39.0840756342961 38.4826354980469 38.0486503014198 37.1319935138409 37.0175531827486 36.361193730281 -9999 -9999 -9999 -9999 -9999 -9999 -9999 -9999 -9999 -9999 -9999 -9999 -9999 -9999 -9999 -9999 -9999 -9999 -9999 -9999 -9999 -9999 -9999 -9999
-9999 -9999 -9999 -9999 -9999 -9999 -9999 -9999 34.6558845226581 33.4200335282546 37.2258746807392 -9999 -9999 -9999 -9999 38.9052197383 39.0176024803748 37.9098003094013 34.6700413043682 28.3259556110089 27.8173856001634 29.9269642463097 31.3639467679537 33.3073046757625 34.5725417503944 36.0460665776179 36.3615291302021 36.0820667560284 36.0419866121732 36.0445941044734 35.9143453744742 35.9830061105581 36.5054852412297 37.3771811265212 37.8144537118765 37.8395511920636 37.2050112210787 36.8635060237004 36.3210325974685 -9999 -9999 -9999 -9999 -9999 -9999 -9999 -9999 -9999 -9999 -9999 -9999 -9999 -9999 -9999 -9999 -9999 -9999 -9999 -9999 -9999 -9999 -9999 -9999
-9999 -9999 -9999 -9999 -9999 -9999 -9999 -9999 -9999 35.6093717721792 35.4879373403696 -9999 -9999 -9999 -9999 37.9188170799842 38.1774670527532 37.142449599046 34.3666792649489 30.8813051077036 26.8649491530198 26.3250722151536 30.2399893540602 32.3248669550969 34.3565427339994 35.7713878338154 36.3989712641789 36.0705994826097 36.2749692476713 34.9929439838116 34.2147207993727 34.4093692486103 34.9293611966647 35.5883827209473 35.6735206017127 37.80512208205 37.7604687030499 36.84899022029 36.2502963726337 -9999 -9999 -9999 -9999 -9999 -9999 -9999 -9999 -9999 -9999 -9999 -9999 -9999 -9999 -9999 -9999 -9999 -9999 -9999 -9999 -9999 -9999 -9999 -9999
-9999 -9999 -9999 -9999 -9999 -9999 -9999 -9999 -9999 -9999 35.6979684096116 34.9761469914363 -9999 -9999 -9999 36.525257404034 36.5886758657602 37.2598692087027 36.0941895705003 31.8533781491793 26.5199909210205 25.9345704592191 28.2531450711764 32.7278724083534 33.3763187115009 34.2099987910344 35.6169891357422 36.4414171072153 35.8489476717435 35.0541546161358 34.2046746474046 33.5081187028151 32.5433224898118 35.6476569542518 37.0191577031062 38.1066425030048 37.5022304241474 36.8393346346342 36.1860750638522 35.5042783297025 -9999 -9999 -9999 -9999 -9999 -9999 -9999 -9999 -9999 -9999 -9999 -9999 -9999 -9999 -9999 -9999 -9999 -9999 -9999 -9999 -9999 -9999 -9999
-9999 -9999 -9999 -9999 -9999 -9999 -9999 -9999 -9999 -9999 34.6635947594276 33.7236777085524 -9999 -9999 -9999 -9999 -9999 36.9288156949557 36.8746205843412 35.2333095257099 29.8964463747465 24.925832601694 27.6336499727689 31.7582227266752 33.7203967754657 35.2948458744929 35.510132422814 34.6808756314791 34.55218065702 34.5354743370643 33.3639315091647 33.6423228337215 32.2247288043682 31.9391978337215 37.4640875596267 37.9655547508827 37.9480502788837 36.9856919508714 36.3116504962628 -9999 -9999 -9999 -9999 -9999 -9999 -9999 -9999 -9999 -9999 -9999 -9999 -9999 -9999 -9999 -9999 -9999 -9999 -9999 -9999 -9999 -9999 -9999 -9999
-9999 -9999 -9999 -9999 -9999 -9999 -9999 -9999 -9999 -9999 32.5946760911208 33.3357247572679 32.771487896259 -9999 -9999 -9999 -9999 -9999 36.7444904033954 36.7741919297438 33.8495612511268 29.580096758329 26.1151561737061 28.4059839982253 31.9145063253549 32.7840614318848 33.2170820969802 33.9060721764198 33.6789119427021 33.1881904602051 32.8046775230995 33.0583707369291 32.2381571256197 30.8771231724666 33.6690723712628 36.9882161067082 36.5128831129808 37.0928861177885 36.4732137826773 -9999 -9999 -9999 -9999 -9999 -9999 -9999 -9999 -9999 -9999 -9999 -9999 -9999 -9999 -9999 -9999 -9999 -9999 -9999 -9999 -9999 -9999 -9999 -9999
-9999 -9999 -9999 -9999 -9999 -9999 -9999 -9999 -9999 -9999 -9999 33.7792469904973 33.6511268615723 33.2645871089055 -9999 -9999 -9999 -9999 -9999 36.113044151893 34.7067116957444 28.4579102442815 26.3020293896015 26.006722670335 28.3962512383094 30.0279583564171 30.0771466768705 31.5023885873648 32.3655947171725 32.6137322645921 32.0049140636738 31.948978130634 31.6009195767916 31.0439929962158 31.2812919616699 37.3473783639761 37.6554577167218 37.0961782015287 36.5183275662936 -9999 -9999 -9999 -9999 -9999 -9999 -9999 -9999 -9999 -9999 -9999 -9999 -9999 -9999 -9999 -9999 -9999 -9999 -9999 -9999 -9999 -9999 -9999 -9999
-9999 -9999 -9999 -9999 -9999 -9999 -9999 -9999 -9999 -9999 -9999 -9999 -9999 32.5752346332257 33.7925866933969 -9999 -9999 -9999 -9999 -9999 34.2320888225849 30.7428657825177 28.6001931704008 26.8197498321533 26.9160790076623 29.5845812284029 30.1743715726412 31.6088977226844 30.5331962292011 31.6855575854962 31.2269477844238 31.4356685051551 30.747316800631 31.340735068688 27.7486016200139 33.587276165302 37.0211762648362 36.6091669522799 36.1688968951886 -9999 -9999 -9999 -9999 -9999 -9999 -9999 -9999 -9999 -9999 -9999 -9999 -9999 -9999 -9999 -9999 -9999 -9999 -9999 -9999 -9999 -9999 -9999 -9999
-9999 -9999 -9999 -9999 -9999 -9999 -9999 -9999 -9999 -9999 -9999 -9999 -9999 -9999 32.5618159954364 -9999 -9999 -9999 -9999 -9999 -9999 31.724825492272 29.8086339510404 28.2378965524527 28.1169033050537 29.0878150646503 28.7905423091008 29.2497430948111 28.6175488692064 30.8064249478854 31.1445673429049 30.2054368532621 31.3734613565298 30.8654636969933 29.9062717144306 33.5131527827336 36.3560022207407 34.3381526653583 34.6690791203425 -9999 -9999 -9999 -9999 -9999 -9999 -9999 -9999 -9999 -9999 -9999 -9999 -9999 -9999 -9999 -9999 -9999 -9999 -9999 -9999 -9999 -9999 -9999 -9999
-9999 -9999 -9999 -9999 -9999 -9999 -9999 -9999 -9999 -9999 -9999 -9999 -9999 -9999 -9999 -9999 -9999 -9999 -9999 -9999 -9999 -9999 31.6332497229943 30.4080107762263 29.6032682565542 29.9266718350924 28.831976377047 27.7449368696946 28.9409991044265 29.1625850384052 29.4405822753906 30.2800332582914 30.1040369180533 32.3002945826604 32.3902163872352 34.5519186166617 36.3849675105168 34.6589138324444 -9999 -9999 -9999 -9999 -9999 -9999 -9999 -9999 -9999 -9999 -9999 -9999 -9999 -9999 -9999 -9999 -9999 -9999 -9999 -9999 -9999 -9999 -9999 -9999 -9999
-9999 -9999 -9999 -9999 -9999 -9999 -9999 -9999 -9999 -9999 -9999 -9999 -9999 -9999 -9999 -9999 -9999 -9999 -9999 -9999 -9999 -9999 -9999 31.7560681563157 31.2571282019982 30.8216649568998 30.3836942819449 30.6953620910645 29.7437563676101 30.5301980238694 28.8874604151799 29.3155567462628 28.8926583803617 33.3620036198543 32.8619073721079 33.4833966768705 34.7427057119516 33.925729898306 -9999 -9999 -9999 -9999 -9999 -9999 -9999 -9999 -9999 -9999 -9999 -9999 -9999 -9999 -9999 -9999 -9999 -9999 -9999 -9999 -9999 -9999 -9999 -9999 -9999
-9999 -9999 -9999 -9999 -9999 -9999 -9999 -9999 -9999 -9999 -9999 -9999 -9999 -9999 -9999 -9999 -9999 -9999 -9999 -9999 -9999 -9999 -9999 31.6692898090069 31.7419587648832 32.3591841184176 31.3125532590426 30.1036679194524 30.530795610868 30.7278518676758 28.8199782738319 29.3095628298246 29.6502591646635 30.8331089019775 34.0675304119404 33.726673419659 34.6532912621131 33.8163631145771 33.1310850290152 -9999 -9999 -9999 -9999 -9999 -9999 -9999 -9999 -9999 -9999 -9999 -9999 -9999 -9999 -9999 -9999 -9999 -9999 -9999 -9999 -9999 -9999 -9999 -9999
-9999 -9999 -9999 -9999 -9999 -9999 -9999 -9999 -9999 -9999 -9999 -9999 -9999 -9999 -9999 -9999 -9999 -9999 -9999 -9999 -9999 -9999 -9999 -9999 30.9817343491774 33.7433888362004 33.5220043475811 31.2932426746075 31.3201439197247 31.3332606095534 30.0492330697867 27.6110210418701 29.2737974020151 29.9682893019456 34.0374075082632 33.9065719017616 34.4599051842323 33.6648732698881 33.1948262728178 -9999 -9999 -9999 -9999 -9999 -9999 -9999 -9999 -9999 -9999 -9999 -9999 -9999 -9999 -9999 -9999 33.9688063401442 34.6812764681303 34.436574789194 33.7133692227877 33.1139678955078 -9999 -9999 -9999
-9999 -9999 -9999 -9999 -9999 -9999 -9999 -9999 -9999 -9999 -9999 -9999 -9999 -9999 -9999 -9999 -9999 -9999 -9999 -9999 -9999 -9999 -9999 32.3489079108605 28.8948123638447 30.1247190328745 33.2687961871807 32.1134215134841 30.3487385969896 29.8068020160382 30.6695775252122 30.6555310762846 30.2127170562744 28.4269640995906 28.5556700779841 28.3766561654898 29.391995209914 32.6645085261418 33.3210634084848 33.2499791658842 -9999 -9999 -9999 -9999 -9999 -9999 -9999 -9999 -9999 -9999 -9999 -9999 -9999 34.8202359126164 35.1909942626953 35.7776454045222 35.7550436166617 34.9575679485614 33.9599844125601 33.1917792100173 -9999 -9999 -9999
-9999 -9999 -9999 -9999 -9999 -9999 -9999 -9999 -9999 -9999 -9999 -9999 -9999 -9999 -9999 -9999 -9999 -9999 -9999 -9999 -9999 -9999 -9999 31.631104689378 29.1589838174673 29.9831256866455 29.8963222503662 29.344552553617 29.1106278346135 31.0931483048659 32.0260633321909 31.2708380772517 29.3374334482046 27.6051123692439 27.0550111623911 26.9091724982628 25.5327657552866 26.0380806556115 31.0664310455322 32.8313886202299 -9999 -9999 -9999 -9999 -9999 -9999 -9999 -9999 -9999 -9999 -9999 -9999 -9999 36.145137493427 36.4082832336426 36.1681310213529 35.9988981393667 35.1219552847055 34.1958632835975 -9999 -9999 -9999 -9999
