rasters/bioclim/bio08.asc
NCOLS 720 
NROWS 300 
XLLCORNER -180 
YLLCORNER -60 
CELLSIZE 0.5 
NODATA_value -9999 
[rows 84 to 111 of 300, columns 378 to 440 of 720]
16.5246326739971 16.3491970208975 15.5234479170579 15.1039034770085 15.2451939216027 14.4961238274207 14.4406374417819 12.913393167349 13.5925133044903 13.2207442797147 13.2596142842219 13.8362346062293 13.4900908836952 13.7724717947153 16.0850044397207 17.2919892531175 17.6563907036415 17.921466754033 16.323241013747 15.2526314075177 16.4395632377038 16.9027732702402 17.82973582928 17.897028702956 18.3183999428382 18.661388030419 19.9015219761775 20.2789366795466 19.0113487243652 16.290442099938 14.4191054564256 11.9831322890062 13.783807681157 15.0714477392343 17.4508696336013 18.5091962080735 19.804349899292 20.105854181143 20.2777045323299 20.1901578169603 20.0634102454552 20.324860059298 20.1177646930401 20.3776093996488 20.2639811589168 19.7351668431209 19.7049873058613 20.0458164215088 20.9296254378099 19.8543219199547 19.8903460869422 19.6533738649808 19.8600746301504 19.8070881183331 19.3986007250272 19.4586259401762 18.8359564267672 17.8911882180434 17.8769493469825 17.773530629965 17.6561649762667 17.6062421798706 16.6043993326334
14.5577665475699 12.9917688369751 9.10763197678786 8.03896959011371 9.74961086419913 11.3027973175049 11.8674835791955 8.25549793243408 9.97694250253531 10.1443044222318 10.7552563960736 11.1516474943895 13.8723112253042 15.0638411595271 16.6305709251991 17.0607453126174 17.727192071768 17.0132079491249 16.51453098884 15.6695148761456 17.5712458537175 17.4956183066735 18.1447867613572 17.8550806779128 18.4022624676044 18.7159186876737 18.8523315282968 17.8237585654626 18.8994412055382 18.0084730295035 16.898353943458 13.8981530116155 12.292231633113 12.81331715217 16.3068268115704 18.1340183111338 18.93384544666 19.0562998698308 19.3145820911114 19.4266750629132 19.224784044119 19.8053786938007 19.9105013333834 20.0903791280893 19.7524607731746 19.2816977867713 19.2453466562124 19.9213544405424 20.6150082808274 19.8565420004038 18.3391575813293 17.8637106235211 19.6827831268311 19.6080274581909 19.4342944805439 19.8693840320294 18.7179203400245 19.3997627771818 19.7231907110948 19.6517397073599 18.581963626238 16.2831998238197 16.1153294031437
7.55804017873911 8.20428485136766 4.31315069932204 4.72623596741603 9.49941011575552 7.23641571631798 5.13438727305486 9.13596032215999 9.76017559491671 11.3150169665997 13.4946424044096 14.5534844765296 15.941645182096 17.2228393554688 17.2480566318219 17.8031421808096 17.6125584382277 16.8080784724309 15.6911324721116 15.89731495197 16.7417000990648 17.3979903734647 17.7704329857459 17.8328570585984 17.9580508012038 18.2934550505418 18.5873168064998 15.3363902752216 15.9117357547467 18.2163737370418 18.3081499246451 16.8505957676814 13.1517022206233 12.9694031935472 13.8828969368568 17.6354476488554 18.170233139625 18.5436355150663 19.3805858905499 19.4197128736056 19.2983540755052 19.4354445384099 19.4271889466506 19.3246057950533 19.7335071563721 19.1427213228666 18.9294448265663 18.8660296660203 18.3017107156607 18.3329779918377 17.991424707266 18.0953266804035 19.5612182617188 19.6469198373648 19.3595358041617 20.4575895162729 13.5037571925383 13.2935413947472 20.6115907751597 18.4762214270349 17.8276226463226 14.57989857747 16.3953566207336
10.1358334467961 6.81403882686908 6.94915844843938 5.84514246078638 12.1456772730901 6.50155671743246 7.58300520823552 6.45370155572891 3.97741381938641 4.06433459084768 8.15923084662511 14.365930043734 14.4234432807335 15.256748859699 16.935581940871 17.4480837308444 17.1127009758582 16.8268974744357 15.7328004837036 17.4589723440317 17.945852132944 18.2424243780283 19.0940972108107 19.2672409644494 18.8479758042556 18.5419356272771 17.2947048774132 16.4891198965219 13.8800173539382 17.4226106496958 18.1534969623272 17.0281102840717 15.345114341149 14.5748013716478 15.0911998015184 16.5682706832886 18.2069982381967 18.6528142048762 19.3842628919161 19.2468404036302 18.9287984554584 18.4191298118004 -9999 -9999 -9999 -9999 18.438986998338 17.6402470882122 18.5904031900259 18.6892827840952 19.230679842142 18.8530074999883 4.11833307834772 6.5690937775832 20.5829542600192 20.4644646277794 18.3878978765928 13.812192605092 23.1612735161415 18.4284442112996 19.4884272722098 18.4345857821978 19.1709082401716
14.6650421069219 14.6752961232112 12.6864012938279 11.5424687541448 11.4115601594631 13.8520637658926 10.5195021354235 8.89183385555561 -9999 6.11125458203829 2.76827778724524 7.60623631110558 12.7963336064265 15.6315361903264 15.9992618560791 16.4952553235568 16.6357166583721 16.9817562836867 17.3812725360577 17.6008107112004 18.4377737045288 19.3389064348661 19.6797549174382 19.817691216102 19.6334429520827 19.2590386317326 16.6693599407489 15.8739591011634 16.1135866458599 13.3335983569805 16.3521458552434 14.7529896956224 15.6656326880822 16.0807689520029 14.7734908324022 15.1974154985868 18.7555234615619 18.7266781880305 18.7118531740629 18.7387968210074 18.653898532574 18.6981871678279 -9999 -9999 -9999 -9999 -9999 -9999 19.0964968387897 17.8826684218187 18.3355770019385 19.8067054198338 19.7003302757557 21.3398144061749 20.3956423172584 19.1223581020649 18.5976872810951 21.0787635583144 22.8419099954458 19.0391989854666 19.25250684298 18.5127078019656 19.374722810892
8.82634485684908 8.51365577257597 8.95631217956543 11.3470833118145 12.2703449909504 11.9673955257122 -9999 -9999 -9999 8.15692824583787 7.38472432356614 4.07871638811552 4.04606672433706 8.81630244621864 11.4572420487037 13.9725813132066 16.8795917951144 17.9103538806622 18.8749837141771 18.7030550149771 19.5112555577205 19.5916868356558 19.7418932547936 19.8806089988122 19.7520071176382 17.9358295293955 15.7909628061148 11.6455418513371 15.354296537546 13.1513067392203 14.9707139088557 14.8460790193998 13.6517069889949 14.5905289283166 16.8627983239981 17.649315393888 19.2228130193857 19.2164357258723 18.8111801147461 18.8660465387198 17.6943915440486 -9999 -9999 -9999 -9999 -9999 -9999 -9999 10.3164778030836 15.8538639086943 16.9940253771268 14.346666088471 21.3806432944078 21.3336625099182 21.0342568984398 20.1585025053758 16.6084661483765 13.3278057942024 15.5793412648715 14.6875180647923 16.2390929368826 17.8611330986023 17.6381653638986
5.43076880161579 7.28303487484272 7.7340523646428 10.3417105307946 10.633111843696 -9999 -9999 -9999 -9999 -9999 -9999 7.22798081544729 2.48404597261777 2.53637182024809 6.00457806770618 9.97613683113685 13.6094199327322 17.3385237913865 18.5488501328688 18.439838556143 19.90813768827 19.8514470320482 19.8620518904466 19.8391730235173 19.5388656029334 17.9156619585477 16.8176327485305 18.0209038807796 18.5245366463294 18.118201989394 18.9262117239145 19.3197206350473 19.3398587153508 19.4168089353121 19.238328566918 19.3281058531541 19.4966049194336 19.0418433409471 17.3345269423265 16.8298784402701 -9999 -9999 -9999 -9999 -9999 -9999 -9999 -9999 -9999 4.82700184675363 2.77009348685925 -9999 -9999 -9999 -9999 -9999 -9999 11.1054246609028 9.33095724766071 9.31677705049515 11.8852780048664 12.7363074559432 15.8141280504373
-9999 8.23492479324341 5.11660236578721 5.69190293091994 8.68575943433321 10.140943637261 12.2188400121836 -9999 -9999 -9999 -9999 -9999 5.46650540370208 4.022764980793 2.61869844794273 4.88057753329094 11.0048390902006 12.4506892240964 15.2402980511005 15.449664409344 16.3594654523409 17.0994925132165 18.3301768669715 19.0749872647799 18.873591863192 16.5913216517522 16.8089923858643 18.7049673520602 18.5135762874897 19.4722924599281 20.2282273219182 20.2474120213435 20.2321312244122 19.9706004216121 19.4549619968121 19.4634158061101 19.4358145640447 17.4988033588116 15.4114833244911 -9999 -9999 -9999 -9999 -9999 -9999 -9999 -9999 -9999 -9999 -9999 -9999 -9999 -9999 -9999 -9999 -9999 -9999 -9999 -9999 -9999 7.577091051982 10.2081662508158 12.0138432704485
-9999 -9999 -9999 7.48227570607112 6.63167317097004 4.98011397856932 7.61512637138367 9.83127252872174 11.9843534322885 -9999 -9999 -9999 -9999 8.35971982662494 5.69676307531503 2.79222073004796 2.26443657508263 5.6153532908513 10.5617372806256 11.5311144682077 11.9200262289781 15.3753040753878 14.2981942616976 16.232211956611 17.7833053882305 16.6273915951069 16.8985119599562 17.0992084649893 17.933825639578 19.3095567409809 19.8963084587684 20.2870718149038 20.1592599428617 19.4352006912231 19.1105602704562 18.2271597935603 17.4459436856783 15.739331979018 11.5397993968083 -9999 -9999 -9999 -9999 -9999 -9999 -9999 -9999 -9999 -9999 -9999 -9999 -9999 -9999 -9999 -9999 -9999 -9999 -9999 -9999 -9999 -9999 8.83414356525128 7.79542264571557
-9999 -9999 -9999 8.03355330687303 7.78521787203275 6.52667188644409 9.11270537743202 8.41078422619746 8.97754738881038 10.4627872246962 -9999 -9999 -9999 -9999 -9999 8.65271421579214 6.37266944004939 5.43024090620188 3.76777498653302 4.2685498045041 7.50400420335623 9.78534758090973 11.3227622325604 14.3140686475314 16.0992937821608 17.4959040421706 16.2146257987389 15.3380793791551 16.2140791232769 17.5162363785964 18.798179773184 18.887675505418 18.9733486909133 18.5331963025607 17.1783835337712 15.9439497727614 15.1748135640071 13.67890893496 -9999 -9999 -9999 -9999 -9999 -9999 -9999 -9999 -9999 -9999 -9999 -9999 -9999 -9999 -9999 -9999 -9999 -9999 -9999 -9999 -9999 -9999 -9999 -9999 -9999
-9999 -9999 11.0750031104455 -9999 9.71481704711914 8.20682375247662 8.86229749826285 7.34670761915354 5.9401259972499 7.95262157000028 -9999 -9999 -9999 -9999 -9999 -9999 -9999 8.39210227819589 5.32509055504432 3.30797406801811 2.20312913793784 2.08633985255773 6.59488105315429 10.8708896636963 15.6171737817618 17.0486899889432 15.6097415043758 16.3532705307007 16.2754920079158 15.3043120457576 14.8168214651255 14.8285382344173 14.2828214351947 14.5286177121676 14.0243917245131 14.5703103725727 13.0376779116117 10.7220430740943 -9999 -9999 -9999 -9999 -9999 -9999 -9999 -9999 -9999 -9999 -9999 -9999 -9999 -9999 -9999 -9999 -9999 -9999 -9999 -9999 -9999 -9999 -9999 -9999 -9999
7.07320646139292 -9999 -9999 -9999 -9999 10.8342369519747 8.93718741490291 7.9870877632728 5.51988363265991 5.47871112823486 8.51011422964243 -9999 -9999 -9999 -9999 -9999 -9999 -9999 -9999 -9999 6.77765167676486 1.21166084821408 3.94276864368182 8.16068176352061 13.6558268987215 16.8007946748 15.5024266609779 16.1576025302594 14.2866764068604 13.0244087072519 15.9353711054875 16.6101103562575 16.2797683569101 13.4170464552366 11.796596288681 9.84997147780198 9.25852933296791 10.1388654342064 -9999 -9999 -9999 -9999 -9999 -9999 -9999 -9999 -9999 -9999 -9999 -9999 -9999 -9999 -9999 -9999 -9999 -9999 -9999 -9999 -9999 -9999 -9999 -9999 -9999
8.92558347261869 -9999 -9999 -9999 -9999 -9999 -9999 10.1284635983981 9.26928032361544 9.29036995080801 6.34856887964102 8.50743400133573 10.5580509625948 9.90421141110934 -9999 -9999 -9999 -9999 -9999 -9999 -9999 7.00494914788466 4.96579595712515 6.38325163320853 10.9136373446538 16.2260651221642 17.1959122144259 15.3038525948158 12.5237603187561 12.1971701842088 9.80842496798589 9.68496889334459 9.46124082345229 8.77261545107915 8.61985606413621 8.86918541101309 7.79290401018583 7.25845476297232 -9999 -9999 -9999 -9999 -9999 -9999 -9999 -9999 -9999 6.18127012252808 7.18203212664678 8.81337688519404 9.70168819794288 9.24447785891019 -9999 -9999 -9999 -9999 -9999 -9999 -9999 -9999 -9999 -9999 -9999
11.0786613317636 -9999 -9999 -9999 -9999 -9999 -9999 -9999 -9999 10.6621602865366 8.96358728408813 8.90601161810068 8.7338693692134 10.6610439740694 11.0215603021475 -9999 -9999 -9999 -9999 -9999 -9999 9.60809106093187 5.53009460522578 4.39741573883937 7.88880507762615 12.7761527574979 13.4960414079519 13.2118244171143 11.1635411886068 8.46654338103074 7.57115211853614 6.30367330404428 6.66639333504897 5.79502938343928 7.35494349553035 7.4462391779973 7.7181191444397 7.78516424619235 8.13583531746498 9.20608128034151 -9999 -9999 -9999 -9999 -9999 8.01878228554359 5.85349779862624 6.10668008144085 8.9541199023907 9.45398371036236 10.3177576065063 10.8563011609591 10.109741302637 9.25486509616558 9.03793569711539 11.1482653251061 -9999 -9999 -9999 -9999 -9999 -9999 -9999
9.39283381975614 -9999 -9999 -9999 -9999 -9999 -9999 -9999 -9999 -9999 -9999 9.45702002598689 8.69698979304387 7.51169663209182 9.52100607065054 10.4887053783123 11.4707028682415 -9999 -9999 -9999 -9999 10.4831467041602 5.02074549748347 4.68855894528903 4.3365252659871 8.12367134827834 10.7840433854323 9.52425960394052 7.70663958329421 7.53731738604032 -9999 8.19571073238666 -9999 -9999 7.65370497336754 7.26901109401996 7.56027775544387 8.53450052554791 7.75657631800725 8.15185055365929 8.94909686308641 8.771294263693 8.54608924572284 7.27135252952576 8.01284021597642 5.22148463359246 5.00029829373726 4.8289852142334 6.69242921242347 8.48901579930232 9.82747899568998 11.62367274211 10.644153374892 11.3420018416185 11.0689898637625 9.89539280304542 9.0624518761268 8.68862124589773 10.0247417963468 9.72483388277201 11.3944146082951 11.0048120205219 11.1007475486168
8.80494645925669 -9999 -9999 -9999 -9999 -9999 -9999 -9999 -9999 -9999 -9999 -9999 10.7646342791044 6.98902537272527 8.05086429302509 -9999 -9999 -9999 15.1814722648034 -9999 -9999 8.28594691936786 4.5115953041957 2.75510680217009 3.41821561409877 5.4806214937797 8.11480139769041 -9999 7.87505558820871 -9999 6.39226011129526 -9999 -9999 -9999 7.77117740190946 6.89483708601731 8.07186812620897 8.43266780559833 8.59743800530067 8.68796818072979 6.57322329741258 7.81356833531306 8.25238649661724 7.41840912745549 6.9740779537421 7.18300655254951 6.72682924454029 6.02923869169675 6.36640831140372 9.25414639252883 9.67662426141592 9.61007642745972 10.2886053598844 11.0436376424936 11.2943389965938 10.3142287639471 9.78811418093168 9.33529142233042 9.30425849327674 9.31303504797128 11.3371488497807 11.0421831791218 7.86494737405043
10.6221163089459 -9999 -9999 -9999 -9999 -9999 -9999 -9999 -9999 -9999 -9999 -9999 -9999 -9999 10.3931619570805 -9999 -9999 -9999 -9999 -9999 -9999 10.2738319543692 7.70078281255869 5.55576091546279 4.09169028355525 6.51734359447773 7.7012416949639 8.51788834425119 -9999 -9999 -9999 -9999 -9999 -9999 8.05159880564763 6.47565806829012 6.80879468184251 8.06927350851206 7.26828061617338 6.39665700839116 5.01100872113155 5.06685154713117 6.62656107774148 8.83789918972896 9.48609023827773 10.8344890154325 8.67494945801221 8.18652698283012 9.50235707943256 8.3518328001866 8.29840735288767 6.85013824128188 8.12911447194906 9.38533609647017 9.26614750348605 9.29351641581609 8.22154984107384 8.35126033196082 7.64199840105497 6.61638949467586 5.67270968510554 4.97426416323735 6.23106839106633
12.289680480957 -9999 -9999 -9999 -9999 -9999 -9999 -9999 -9999 -9999 -9999 -9999 -9999 -9999 8.51469263663659 9.82745981216431 -9999 -9999 -9999 -9999 -9999 -9999 -9999 9.32327773020818 7.64695567351121 6.63398746343759 8.71754624293401 8.20444072209872 7.49950034801777 -9999 -9999 -9999 -9999 -9999 9.2672381401062 9.00569853415856 7.2921828856835 8.13933695279635 6.64726532422579 6.0527036190033 4.90980929594773 5.76953777441612 6.28378498095732 8.11572098731995 9.89157075148362 10.8562034093417 9.86890226144057 8.98346756054805 7.92579866086061 8.35722629840557 7.77342096085732 8.50120293177091 8.27736563865955 8.68373990660677 8.84078014813937 7.62119782200226 5.40321492231809 6.80342589891874 8.11660022918995 5.62239503860474 5.28685313004714 4.54971115405743 5.78527806355403
-9999 -9999 -9999 -9999 -9999 -9999 -9999 -9999 -9999 -9999 -9999 -9999 -9999 -9999 11.4228230989896 -9999 -9999 -9999 -9999 -9999 -9999 -9999 -9999 10.116253229288 9.60492273477408 6.06093234282273 6.36673422960135 8.48100834626418 -9999 -9999 -9999 -9999 -9999 -9999 -9999 -9999 7.38939839143019 6.71304317621084 6.65859644229595 5.76032642217783 6.22952043093168 6.81956971608675 6.76083553754366 8.40443363556495 8.82000393133897 8.94352503923269 9.0700340454395 9.05518975624671 8.9681506890517 9.43030720490676 8.75840856478765 9.79245158342215 9.20756831535926 8.52486718159455 6.65696122096135 5.8245885429474 5.30720237585214 5.99361122571505 7.73761011086977 6.41813556964581 9.59301159932063 7.67456491176899 6.96319133501786
-9999 -9999 -9999 -9999 -9999 -9999 -9999 -9999 -9999 -9999 -9999 -9999 -9999 11.6659738834088 12.7146197098952 -9999 -9999 -9999 -9999 -9999 -9999 -9999 -9999 -9999 -9999 10.2105770111084 -9999 -9999 8.46968863560603 8.73232793807983 -9999 -9999 -9999 -9999 -9999 9.89343364422138 8.55553777401264 7.32717910179725 5.08553338967837 4.97573715906877 7.69362288254958 8.20492229094872 7.29736861815819 6.44717419147491 6.13273801253392 6.52548524049612 10.2244924581968 9.63522459910466 8.90988432444059 9.49185351225046 9.28107485404381 8.53430947890648 7.54158865488492 5.90583155246881 3.21152433065268 3.45191561717253 4.25240771128581 4.52011604950978 7.27892176004556 8.02265897163978 7.93287100241734 10.2564535966286 10.4354435411783
-9999 -9999 -9999 -9999 -9999 -9999 -9999 14.0552153220543 11.4736570945153 11.0061469444862 10.4567422133226 9.81847950128409 -9999 -9999 -9999 -9999 -9999 -9999 -9999 -9999 -9999 -9999 -9999 12.3982086181641 -9999 9.53326405011691 4.44019489104931 6.78493228325477 -9999 -9999 -9999 -9999 -9999 -9999 -9999 9.81580580197848 8.98311934104333 6.3567622258113 5.2119686970344 3.59991075442387 3.97450781785525 6.17455983161926 7.44325148142301 4.24003709279574 3.07053499153027 3.39771798482308 3.82166878649822 6.40988406768212 8.62962878667391 9.9202129474053 8.5551845568877 5.99385708111983 3.91798366033114 7.23212122000181 5.51515906762618 4.91990254934017 5.09187975296607 7.32104084124932 6.54420904012827 10.1270785881923 10.2868644824395 8.82577171692481 9.5832207936507
-9999 11.0711168876061 -9999 -9999 -9999 -9999 -9999 -9999 -9999 12.5244315220759 12.4876640759982 11.8107376098633 -9999 -9999 -9999 -9999 -9999 -9999 -9999 -9999 -9999 -9999 -9999 -9999 -9999 10.390865105849 7.82136722711416 7.02291046656095 -9999 -9999 -9999 -9999 -9999 -9999 -9999 -9999 -9999 8.40064367881188 5.43324978534992 3.90919323150928 2.36436078181634 2.45540935488848 4.7629156221564 5.60279690302335 2.5754110417687 0.290917245384592 1.20261295483663 3.42257730777447 7.43405784551914 6.5355486417046 2.65562510490417 5.27237414855223 9.61185370958768 12.6274502827571 9.46779185075026 5.1641475053934 5.94855568042168 7.34433623460623 5.93810710540185 6.13090812242948 5.86103354050563 5.8111209823535 8.50771795786344
8.70893379358145 8.97847747802734 10.9476298185495 12.2597126593957 -9999 -9999 -9999 -9999 -9999 -9999 -9999 13.835250047537 -9999 -9999 -9999 -9999 -9999 -9999 -9999 -9999 -9999 -9999 -9999 -9999 -9999 -9999 -9999 -9999 -9999 -9999 -9999 -9999 11.8028516035814 -9999 -9999 -9999 -9999 -9999 11.3505331919743 10.1889751140888 5.55879693764907 2.06233258889272 3.50472165988042 -9999 -9999 8.08333771045391 1.92159544160733 2.66577122073907 5.79254674453002 3.84057323176127 6.75495710739723 -9999 9.89916838132418 11.5859710253202 7.68162019436176 6.71852772052471 5.68025057132428 5.59289205991305 5.54570788603563 5.38697145535396 5.83612748292776 6.30466565719018 6.18392872810364
8.34754158900334 8.96541830209585 11.0876309321477 -9999 -9999 -9999 -9999 -9999 -9999 -9999 -9999 -9999 -9999 -9999 -9999 -9999 -9999 -9999 -9999 -9999 -9999 -9999 -9999 -9999 -9999 -9999 -9999 -9999 -9999 -9999 -9999 -9999 -9999 -9999 -9999 -9999 -9999 -9999 -9999 -9999 -9999 7.36161217322716 -9999 -9999 -9999 -9999 -9999 4.53857427376967 7.14401237781231 10.0360994338989 -9999 -9999 -9999 -9999 7.1062581722553 6.51744314340445 5.8059095786168 5.71983704200158 5.81867285875174 5.60459388219393 6.0535042652717 5.75795826545128 6.38892714793865
6.92068972954383 7.5061999467703 13.2756192867572 13.6006659361032 -9999 -9999 -9999 -9999 -9999 -9999 -9999 -9999 -9999 -9999 -9999 -9999 -9999 -9999 -9999 -9999 -9999 -9999 -9999 -9999 -9999 -9999 -9999 -9999 -9999 -9999 -9999 -9999 -9999 -9999 -9999 -9999 -9999 -9999 -9999 -9999 -9999 -9999 -9999 -9999 -9999 -9999 -9999 -9999 -9999 -9999 -9999 -9999 -9999 -9999 6.4867603962238 5.24058127403259 5.93013218732981 5.64007793940031 5.86568489441505 5.94019570717445 6.30455625974215 7.53233390588027 8.19298168329092
8.32195553412804 7.68304905524621 13.5628927670992 14.4339178158687 -9999 -9999 -9999 -9999 -9999 -9999 -9999 -9999 -9999 -9999 -9999 -9999 -9999 -9999 -9999 -9999 -9999 -9999 -9999 -9999 -9999 -9999 -9999 -9999 -9999 -9999 10.8755121964675 10.2826548723074 10.8359676507803 12.1997043903057 11.6490194614117 -9999 -9999 -9999 -9999 -9999 -9999 -9999 -9999 -9999 -9999 -9999 -9999 -9999 13.4747033485999 14.1673050660353 -9999 -9999 -9999 -9999 6.71346132571881 6.14764140202449 5.53922985150264 4.97355974637545 5.33448780499972 5.88628235230079 5.54491651975192 8.20852688642649 9.39672624147855
11.3900801218473 12.5494100130521 14.4918639109685 14.6217389473548 -9999 -9999 -9999 -9999 -9999 -9999 -9999 -9999 -9999 -9999 -9999 -9999 -9999 -9999 -9999 -9999 -9999 -9999 -9999 -9999 -9999 -9999 -9999 -9999 -9999 -9999 -9999 -9999 -9999 -9999 -9999 -9999 -9999 -9999 -9999 -9999 -9999 -9999 -9999 -9999 -9999 -9999 -9999 9.9512044099661 11.1553918765141 -9999 -9999 -9999 -9999 -9999 6.24682254057664 5.26333225690402 3.92607947496267 4.25949213137993 5.18870361034687 8.49239070598896 9.16752103658823 9.68512824865488 10.5707776729877
12.4614725479713 13.2892420108502 -9999 -9999 -9999 -9999 -9999 -9999 -9999 -9999 -9999 -9999 -9999 -9999 -9999 -9999 -9999 -9999 -9999 -9999 -9999 -9999 -9999 -9999 -9999 -9999 -9999 -9999 -9999 -9999 -9999 -9999 -9999 -9999 -9999 -9999 -9999 -9999 -9999 -9999 -9999 -9999 -9999 -9999 -9999 -9999 -9999 -9999 -9999 -9999 -9999 -9999 -9999 9.56560740104088 0.783641605996169 2.31569696389712 3.69547691712013 4.62761229735154 7.40062088232774 9.26040972196139 9.77661420748784 10.2761092736171 10.2773639972393
