rasters/bioclim/bio01.asc
NCOLS 720 
NROWS 300 
XLLCORNER -180 
YLLCORNER -60 
CELLSIZE 0.5 
NODATA_value -9999 
[rows 224 to 251 of 300, columns 189 to 251 of 720]
-9999 -9999 -9999 -9999 -9999 -9999 -9999 -9999 -9999 -9999 -9999 -9999 -9999 -9999 -9999 -9999 -9999 -9999 -9999 -9999 -9999 -9999 -9999 -9999 -9999 -9999 -9999 -9999 -9999 -9999 14.8931658818172 13.4906685168927 12.9542095477764 9.77226932232196 7.32184292719914 2.2896577670024 3.79619376475994 4.03817738019503 6.59640352542584 8.88561861331646 7.4712255184467 16.5617906863873 20.6679178384634 21.8694236461933 23.0849563892071 23.1376693432148 23.2408789121188 23.4128536811242 23.6450484349177 24.1646426274226 24.6589365739089 24.7902180598332 24.7416447859544 24.7992201585036 24.8066976987399 24.691310442411 24.3814312861516 23.9361121837909 23.1500376187838 21.8195671668419 22.2561227358305 22.5413767007681 22.6031073056735
-9999 -9999 -9999 -9999 -9999 -9999 -9999 -9999 -9999 -9999 -9999 -9999 -9999 -9999 -9999 -9999 -9999 -9999 -9999 -9999 -9999 -9999 -9999 -9999 -9999 -9999 -9999 -9999 -9999 -9999 14.2724865399874 12.9572924834031 12.4005819467398 10.1018585791955 8.53675038997944 2.7022110407169 2.9396064556562 3.36622806695791 5.23909832881047 8.44769840974074 7.84263508136456 18.3252494518573 21.4775000352126 22.4396193577693 22.9305953979492 22.8421406379113 22.9564028519851 23.1559875194843 23.4565328451303 23.8073051159198 24.2435352618878 24.3196208660419 24.2698745727539 24.3233277247502 24.359946177556 24.2630543342003 23.8936928969163 23.5221450512226 22.9660018040584 21.5774251497709 21.6779427161584 22.243233020489 22.130591906034
-9999 -9999 -9999 -9999 -9999 -9999 -9999 -9999 -9999 -9999 -9999 -9999 -9999 -9999 -9999 -9999 -9999 -9999 -9999 -9999 -9999 -9999 -9999 -9999 -9999 -9999 -9999 -9999 -9999 -9999 14.6624526243943 12.985377898583 11.1160449248094 9.15335977994479 11.4113016862136 4.22778677940369 3.99257267438448 5.02812156310448 5.13766083350548 7.20705564205463 8.00000392473661 14.6836399665246 21.7405163691594 22.5730152130127 22.8273812807523 22.8983857081487 22.9609850369967 23.0499872060922 23.3547407296988 23.5553076817439 23.7004121633676 23.7621888380784 23.6917974031889 23.6916530315693 23.8176275400015 23.6692802722637 23.4053121713492 23.2089431469257 22.7640078617976 21.8948390667255 21.5274410247803 21.6956160618709 22.0942084972675
-9999 -9999 -9999 -9999 -9999 -9999 -9999 -9999 -9999 -9999 -9999 -9999 -9999 -9999 -9999 -9999 -9999 -9999 -9999 -9999 -9999 -9999 -9999 -9999 -9999 -9999 -9999 -9999 -9999 -9999 14.350561435406 13.6310238471398 10.6230385120098 9.23875801379864 9.91780728560228 3.42391058114859 3.69219337976896 4.69816726904649 6.52715033751268 6.9768658051124 11.8783896519588 18.4184432396522 21.4156420781062 22.4080949930044 22.7352424034706 22.9240842965933 22.9178936298077 22.966616997352 23.1594942533053 23.2235620938815 23.3127005650447 23.3840490487906 23.3452562185434 23.3689071948712 23.3779368767372 23.1870429699238 22.9188603621263 22.7642546433669 22.4167649195744 21.7607930990366 21.2248900486873 21.5573674715482 21.767644735483
-9999 -9999 -9999 -9999 -9999 -9999 -9999 -9999 -9999 -9999 -9999 -9999 -9999 -9999 -9999 -9999 -9999 -9999 -9999 -9999 -9999 -9999 -9999 -9999 -9999 -9999 -9999 -9999 -9999 -9999 11.4417186150184 12.7386839939998 9.49785929459792 6.39721045127282 4.40886855125427 4.24194357945369 4.35548837368305 3.29061942834121 3.95378824380728 5.7156881919274 15.6672646449162 19.3292045593262 18.1206320249117 22.2203033153827 22.7339414449838 22.9129663614126 22.9067237560566 22.7342018714318 22.863106067364 23.0582769834078 23.2221622467041 23.2337571657621 23.256129191472 23.265258202186 23.1957638080303 22.9996603452242 22.7532850412222 22.5898305452787 22.2167469904973 21.7496006305401 20.9247075594389 21.1761596386249 21.207431939932
-9999 -9999 -9999 -9999 -9999 -9999 -9999 -9999 -9999 -9999 -9999 -9999 -9999 -9999 -9999 -9999 -9999 -9999 -9999 -9999 -9999 -9999 -9999 -9999 -9999 -9999 -9999 -9999 -9999 -9999 9.16161273075984 10.2180755321796 7.49836136744573 4.31295825884892 2.34974128466386 6.05423553173359 4.53729589168842 4.32366866331834 3.93567244823162 9.46578781421368 16.9647492628831 16.8594144674448 19.7546589191143 21.9312262901893 22.4709072113037 22.5269719637357 22.616938664363 22.3681957538311 22.5356253110445 22.8002441112812 22.9453443380503 22.9323366605319 23.0038303962121 23.0538856799786 22.9150447845459 22.9463961674617 22.780914746798 22.3120633638822 21.3448125399076 21.0473365783691 20.8857716780442 20.9136301187369 20.6843976240892
-9999 -9999 -9999 -9999 -9999 -9999 -9999 -9999 -9999 -9999 -9999 -9999 -9999 -9999 -9999 -9999 -9999 -9999 -9999 -9999 -9999 -9999 -9999 -9999 -9999 -9999 -9999 -9999 -9999 -9999 12.0713804685152 9.8256033383883 5.6574608362638 2.96964522508474 2.18098601928124 3.34608780420744 3.09670189710764 3.77606221345755 8.8662024644705 11.3488949262179 17.1111089266264 19.3637859637921 20.7802122556246 21.8259441669171 22.1976947784424 22.2234271122859 22.2490315070519 22.1416567288912 22.2588376265306 22.3199524512658 22.4481344956618 22.4774049612192 22.6750972454364 22.6774371220515 22.4607448577881 22.8041355426495 22.3119935255784 21.8051608158992 21.0304647592398 20.7100084744967 20.7933465517484 20.7794585594764 20.3573810870831
-9999 -9999 -9999 -9999 -9999 -9999 -9999 -9999 -9999 -9999 -9999 -9999 -9999 -9999 -9999 -9999 -9999 -9999 -9999 -9999 -9999 -9999 -9999 -9999 -9999 -9999 -9999 -9999 -9999 -9999 12.2682701257559 10.3411098626944 5.40339770683875 3.12879356971154 2.41042580054356 4.52656861451956 2.88566619616288 3.29049475376423 9.51304685152494 14.3206440852239 16.2738354756282 19.3371689136212 20.6297161395733 21.7364906897912 21.9951632573054 22.0832349337064 22.0934864924504 22.023205096905 21.9835008474497 21.7971785618709 21.9113859029917 21.9745916219858 22.0872221726638 22.0264963003305 21.9362153273362 22.1084515498235 21.5765708043025 21.198731642503 20.6663900522085 20.2478928199181 20.2385754218468 20.4722643632155 20.0030109698956
-9999 -9999 -9999 -9999 -9999 -9999 -9999 -9999 -9999 -9999 -9999 -9999 -9999 -9999 -9999 -9999 -9999 -9999 -9999 -9999 -9999 -9999 -9999 -9999 -9999 -9999 -9999 -9999 -9999 -9999 13.4953428415152 11.3317356109619 5.88385937764094 1.73598301410675 1.6151181780375 4.56253002240108 5.25370704210721 3.87315350312453 5.8584195283743 13.3382824384249 17.368804198045 18.3399238586426 20.6977090101976 21.5211008512057 21.9314148242657 22.0271371694712 22.007608120258 21.9610939025879 21.708590727586 21.5737067002517 21.5101933112511 21.5869883023776 21.6049597813533 21.6164929316594 21.8311789585994 21.8581877488356 21.6032277620756 21.255037014301 20.7628165024977 20.1420318896954 19.7458258408767 20.0335656679594 19.392364355234
-9999 -9999 -9999 -9999 -9999 -9999 -9999 -9999 -9999 -9999 -9999 -9999 -9999 -9999 -9999 -9999 -9999 -9999 -9999 -9999 -9999 -9999 -9999 -9999 -9999 -9999 -9999 -9999 -9999 14.6961210691012 12.4064721327562 8.72159957885742 4.25955271720886 0.596872621574081 0.80438873057182 3.85005479592543 4.11390632849473 6.08552576945378 9.27249534313495 10.6808616931622 17.6098571190467 19.7531280517578 20.9971849001371 21.3159456986647 21.5640310140756 21.6966740534856 21.6150025587816 21.5609952486478 21.4721252734845 21.3644299140343 21.2565058194674 21.195367372953 21.2026037069467 21.2889721210186 21.5180085989145 21.5943964444674 21.4696146158072 21.293307524461 20.9323275639461 20.4645968217116 20.1549563774696 19.8609497363751 19.2703810471755
-9999 -9999 -9999 -9999 -9999 -9999 -9999 -9999 -9999 -9999 -9999 -9999 -9999 -9999 -9999 -9999 -9999 -9999 -9999 -9999 -9999 -9999 -9999 -9999 -9999 -9999 -9999 -9999 -9999 14.583475112915 12.8281379846426 7.84639611610999 2.79946769200839 0.0918963224841998 2.11699460102962 9.26663501446064 6.84647629811214 11.6200262216421 8.74506656940167 16.2560558319092 19.5032866551326 20.1878663576566 20.8207379854642 21.0802779564491 21.1483192443848 21.254813854511 21.2007424281194 21.1877643878643 21.0730608426608 20.9102852161114 20.8823554699238 20.7722099010761 20.6962966918945 20.9073568490835 21.1745978135329 21.2965645423302 21.3595149700458 21.4913305135874 20.9733770810641 20.4838419694167 19.9688094212459 19.583852327787 19.8636652139517
-9999 -9999 -9999 -9999 -9999 -9999 -9999 -9999 -9999 -9999 -9999 -9999 -9999 -9999 -9999 -9999 -9999 -9999 -9999 -9999 -9999 -9999 -9999 -9999 -9999 -9999 -9999 -9999 -9999 14.5141678590041 12.1815258906438 6.37601907436664 1.92705955872169 0.573052407170717 2.99659373210027 11.5843686323899 12.7515544157762 16.7060139729426 15.9284629088182 17.6878185272217 19.8953622671274 19.8934914515569 20.6186561584473 20.7587394714355 20.7115749946007 20.7279473818265 20.67172901447 20.6380544809195 20.5613181774433 20.4090310610258 20.4603961064265 20.4254794487586 20.4027629265418 20.5137612269475 20.7487537677471 20.9034193479098 20.9956243955172 21.0399695176345 20.7153153052697 20.4869038508489 20.133422264686 19.9971728691688 19.5976113539476
-9999 -9999 -9999 -9999 -9999 -9999 -9999 -9999 -9999 -9999 -9999 -9999 -9999 -9999 -9999 -9999 -9999 -9999 -9999 -9999 -9999 -9999 -9999 -9999 -9999 -9999 -9999 -9999 -9999 13.5799809969389 9.79346267993634 3.66295383526729 2.122757764963 3.56497528002812 5.85860182688786 10.7916192274827 16.3205724862906 18.3341162754939 15.9395762223464 17.5489672147311 18.809816800631 19.5993681687575 20.2968494708721 20.3542949969952 20.3016793177678 20.3214029165415 20.3622410113995 20.2550682654748 20.1311557476337 20.1684416257418 20.1283468099741 20.1285682091346 20.1733753497784 20.3152930919941 20.3924641242394 20.4169811835656 20.4370354872483 20.4068827995887 20.2268896836501 20.2082154200627 20.1958226423997 19.8881910764254 19.3047755314754
-9999 -9999 -9999 -9999 -9999 -9999 -9999 -9999 -9999 -9999 -9999 -9999 -9999 -9999 -9999 -9999 -9999 -9999 -9999 -9999 -9999 -9999 -9999 -9999 -9999 -9999 -9999 -9999 13.2845089252178 12.7164936799269 8.06851563086876 0.877273173286365 2.62600862979889 5.08638899142926 13.1254407442533 8.83800022418682 12.6734159909762 17.5964220487154 17.2688586895282 18.9293713202843 19.547508093027 20.2556620377761 20.2717558053824 19.9891735957219 19.8951109372653 19.9157637082613 19.8839227236234 19.7896006657527 19.7444494687594 19.8568781339205 19.784219448383 19.7637924781212 19.842351766733 19.9529286898099 19.9891599508432 20.0098136021541 19.9882466242864 19.9455236288217 19.8617449540358 19.7420014601487 19.691722869873 19.3128176469069 18.763573719905
-9999 -9999 -9999 -9999 -9999 -9999 -9999 -9999 -9999 -9999 -9999 -9999 -9999 -9999 -9999 -9999 -9999 -9999 -9999 -9999 -9999 -9999 -9999 -9999 -9999 -9999 -9999 -9999 12.6899766921997 8.96994297321026 2.75802019926218 1.05132271922552 4.98357013555673 8.45965968645536 13.8754326747014 11.201862848722 15.5344983614408 18.0869973989633 20.5434719966008 19.8699907156137 19.9213133591872 20.3529209723839 19.9505596160889 18.794596011822 19.426013653095 19.4660613720234 19.4215036538931 19.3486373607929 19.3344736832839 19.4659018883338 19.5089693803054 19.4582598759578 19.5112357506385 19.5384310208834 19.4614160977877 19.520763690655 19.4772214155931 19.3671690133902 19.3088059058556 19.2158443744366 18.965431360098 18.5819138746995 18.340768960806
-9999 -9999 -9999 -9999 -9999 -9999 -9999 -9999 -9999 -9999 -9999 -9999 -9999 -9999 -9999 -9999 -9999 -9999 -9999 -9999 -9999 -9999 -9999 -9999 -9999 -9999 -9999 -9999 12.7031474480262 9.19406039898212 2.88100040875948 -0.763119956048635 6.56237052037166 9.73843391125019 15.9323101777297 15.0023502203134 17.0846108656663 19.9626087775597 20.559641617995 20.5295190077562 20.3775634765625 20.0431088667649 18.5283393859863 17.8260860443115 18.8679458911602 19.0178855015681 18.9522195962759 18.8995333451491 18.9548554053673 19.1040455744817 19.2131827427791 19.1977578676664 19.1792901846079 19.1920538682204 19.1188146151029 19.1825769864596 19.1593183370737 18.9230018028846 18.7566157120925 18.6828476832463 18.8374337416429 18.8332318526048 18.7555098900428
-9999 -9999 -9999 -9999 -9999 -9999 -9999 -9999 -9999 -9999 -9999 -9999 -9999 -9999 -9999 -9999 -9999 -9999 -9999 -9999 -9999 -9999 -9999 -9999 -9999 -9999 -9999 -9999 12.601160636315 9.36483287811279 1.62642914515275 0.156658851183378 10.015919318566 12.4199727865366 16.625408245967 14.5828981399536 18.2807828463041 19.6038922529954 19.9002301142766 20.3599963554969 20.0270875784067 19.5161335284893 16.7250073506282 17.947543657743 18.3596142988939 18.3892853076641 18.3718581566444 18.4780274904691 18.6189550253061 18.7093891730675 18.9365513141339 18.991430576031 18.8750585409311 18.8566986964299 18.8399612720196 18.9281855363112 18.8567193838266 18.4939660292405 18.148040331327 18.1881194481483 18.3054171342116 18.4921051905705 18.5200447669396
-9999 -9999 -9999 -9999 -9999 -9999 -9999 -9999 -9999 -9999 -9999 -9999 -9999 -9999 -9999 -9999 -9999 -9999 -9999 -9999 -9999 -9999 -9999 -9999 -9999 -9999 -9999 -9999 12.2135429382324 8.38132586845985 1.33269136227094 3.61811309594374 8.61950173744789 13.4533975307758 16.8339107219989 15.5506795002864 18.2261227827806 18.629863005418 18.7585506439209 20.1011044428899 19.0413002601037 17.0418165647067 15.2670114957369 17.2953111208402 17.9568243760329 17.9432411193848 17.8611136216384 18.0090020986704 18.2320021115817 18.3383291684664 18.5681811112624 18.784268452571 18.5543350806603 18.4515426342304 18.4580615117 18.4515677232009 18.3897408705491 18.0122371086707 17.865507712731 17.5725800440862 18.0833659538856 18.1548284383921 17.7220221299392
-9999 -9999 -9999 -9999 -9999 -9999 -9999 -9999 -9999 -9999 -9999 -9999 -9999 -9999 -9999 -9999 -9999 -9999 -9999 -9999 -9999 -9999 -9999 -9999 -9999 -9999 -9999 -9999 11.1649003395667 6.22991682932927 -0.485048803572471 3.15587841547452 9.16548516200139 13.9595080155593 15.9091254014235 17.1432304382324 16.9855519808256 18.4074557377742 18.8276179387019 19.9581873967097 16.7604783865122 14.0259230687068 16.2483909313495 17.4485212472769 17.5326316540058 17.3527312645545 17.267817570613 17.5438605088454 17.8616567758413 17.9592492030217 18.1751798483042 18.1972455244798 18.0536132225624 17.9996499281663 18.0031318664551 17.9337613032414 17.9631950671856 17.6599970597487 17.3004273634691 17.4481804187481 17.5270839104286 17.7555208939772 17.6251088655912
-9999 -9999 -9999 -9999 -9999 -9999 -9999 -9999 -9999 -9999 -9999 -9999 -9999 -9999 -9999 -9999 -9999 -9999 -9999 -9999 -9999 -9999 -9999 -9999 -9999 -9999 -9999 -9999 11.2762663914607 7.00335994133582 -0.389643996380843 5.44651273580698 7.06713309654823 13.5971250534058 16.7002289111798 17.5254141000601 18.3328131162203 18.638671875 18.7595888284537 19.3300129817082 17.2241517580472 13.4967151054969 16.7039418587318 17.0738052955041 16.9779202387883 16.9627304077148 16.8876118293175 17.2233596214881 17.5359982710618 17.8171870891864 17.6627198732816 17.7020140427809 17.5738931802603 17.5034478994516 17.5136646857628 17.5362898019644 17.5582460256723 17.2394234583928 16.944859284621 17.4252055241511 17.3386126298171 17.3269845522367 17.4567932715783
-9999 -9999 -9999 -9999 -9999 -9999 -9999 -9999 -9999 -9999 -9999 -9999 -9999 -9999 -9999 -9999 -9999 -9999 -9999 -9999 -9999 -9999 -9999 -9999 -9999 -9999 -9999 -9999 11.5588513887846 8.7664370903602 0.603695530157823 1.30501977755473 7.3715585561899 14.9990650323721 17.3989953261155 18.1032017927903 18.128625869751 18.5381528414213 18.5167318490835 17.4900605128362 17.2556464855488 14.2843410051786 16.0553785470816 16.6783442130456 16.5643784449651 16.5244973256038 16.6245112785926 16.9096035590539 17.2048215132493 17.332267174354 17.3850945692796 17.4117513803335 17.3720353933481 17.3547621506911 17.3795168950008 17.3269183819111 17.2367571317233 17.2053652543288 17.0239445612981 17.1849696819599 17.1766763833853 17.0389551016001 16.9065324343168
-9999 -9999 -9999 -9999 -9999 -9999 -9999 -9999 -9999 -9999 -9999 -9999 -9999 -9999 -9999 -9999 -9999 -9999 -9999 -9999 -9999 -9999 -9999 -9999 -9999 -9999 -9999 -9999 11.897285094628 11.4167167223417 2.73703518280616 -1.58383243817549 6.02798648980948 15.3583396764902 16.9971587841327 17.6455873342661 17.9710575984075 17.5906576009897 15.9726303540743 15.0108816440289 16.1507098858173 14.7903606708233 16.1001502550565 16.5600187595074 16.3583090855525 16.2252493638259 16.5419013683613 16.5583124894362 16.7696239764874 16.9764404296875 17.3171813671405 17.2015625880315 17.0730495452881 17.1335356785701 17.1113391289344 17.0507745009202 16.9823782994197 17.0637824718769 17.0678953024057 16.9427859966572 16.6498335324801 16.3627419838539 16.4973934613741
-9999 -9999 -9999 -9999 -9999 -9999 -9999 -9999 -9999 -9999 -9999 -9999 -9999 -9999 -9999 -9999 -9999 -9999 -9999 -9999 -9999 -9999 -9999 -9999 -9999 -9999 -9999 -9999 12.042960020212 12.3413055126484 2.84377439205463 -2.28031240976774 10.091417826139 14.8422844960139 16.1723778064434 16.9503056452825 17.4776939978966 17.3601176922138 16.0607671004075 15.70052587069 14.8415178885827 15.8535477564885 16.4834706966694 16.5263269131 16.4410829544067 16.2558422088623 16.3634108029879 16.3128087703998 16.363155731788 16.5764469733605 16.8183438227727 16.8557896247277 16.7766372974102 16.7738367227408 16.7918938856858 16.8231598780705 16.8376806699313 16.8828123532809 16.8393516540527 16.5338201522827 16.0736908545861 16.2644962164072 16.4278186651377
-9999 -9999 -9999 -9999 -9999 -9999 -9999 -9999 -9999 -9999 -9999 -9999 -9999 -9999 -9999 -9999 -9999 -9999 -9999 -9999 -9999 -9999 -9999 -9999 -9999 -9999 -9999 -9999 12.8916934820322 12.8460818804227 5.90565993235661 -0.286313865906917 10.4249119391808 13.1836070280809 15.1807235571054 16.470428613516 17.064912209144 17.1017915285551 16.420599423922 15.931094463055 15.9376231707059 16.2612950251653 16.5884436093844 16.5705930269681 16.5081698344304 16.2785791983971 16.1428629801824 16.0148882499108 16.1196903082041 16.2243405122023 16.3976871050321 16.4235083506658 16.4896050966703 16.6430369157058 16.7502190516545 16.6989432114821 16.5884541731614 16.5426197052002 16.4392575484056 16.2024110647348 15.8628578186035 16.0078310599694 16.1881020619319
-9999 -9999 -9999 -9999 -9999 -9999 -9999 -9999 -9999 -9999 -9999 -9999 -9999 -9999 -9999 -9999 -9999 -9999 -9999 -9999 -9999 -9999 -9999 -9999 -9999 -9999 -9999 12.5033423350408 12.2818582241352 11.6043845690214 2.7553176513085 0.477286761769882 9.24378688518818 12.4870802805974 14.9810763872587 16.2270453526424 16.49984058967 16.365458708543 16.1427310063289 16.2043254558857 16.1830944648156 16.4155389345609 16.5573051159198 16.5474651043232 16.3818244934082 16.1140920932476 15.9371327620286 15.9773399646466 15.8696842927199 15.9322063005888 16.0460557204026 16.1458349961501 16.2091111403245 16.4721780923697 -9999 16.7948900369497 16.565665611854 16.5485615363488 16.4895166983971 16.2824894098135 15.8840830876277 15.7555893384493 15.8440163685725
-9999 -9999 -9999 -9999 -9999 -9999 -9999 -9999 -9999 -9999 -9999 -9999 -9999 -9999 -9999 -9999 -9999 -9999 -9999 -9999 -9999 -9999 -9999 -9999 -9999 -9999 -9999 12.3457292410044 12.5167445402879 10.3112423970149 1.61566025935687 5.17009801131028 10.6012374437772 12.506710419288 14.9182920455933 15.9239413188054 16.1193534410917 16.208962220412 16.0758895874023 15.9983730316162 16.0554645978487 16.4057939969576 16.4498230860784 16.3692520581759 16.1543013499333 15.9275990999662 15.7637659953191 15.7792822030874 15.7391961171077 15.7643175125122 15.8367864902203 15.9043286396907 15.9054739291851 16.0431666007409 16.3395483310406 -9999 -9999 16.2074276117178 16.1338076224694 15.9829109632052 15.6514914585994 15.5397935280433 -9999
-9999 -9999 -9999 -9999 -9999 -9999 -9999 -9999 -9999 -9999 -9999 -9999 -9999 -9999 -9999 -9999 -9999 -9999 -9999 -9999 -9999 -9999 -9999 -9999 -9999 -9999 12.2528532468356 12.2712590877826 12.6402113987849 8.52513291285588 4.602519933994 8.54370707731981 11.7054259960468 11.672886628371 12.9154022656954 15.39877979572 15.8433144642757 15.8515734305749 15.7353385778574 15.7069881879366 15.8208680519691 16.183324447045 16.2518461667574 16.1230750450721 15.9124096356905 15.7863905980037 15.6651382446289 15.6163323475764 15.6820709521954 15.7833693577693 15.6270191486065 15.6371980813833 15.5776787537795 15.5736859394954 15.5121837762686 15.5058130117563 15.7397727966309 -9999 -9999 -9999 -9999 -9999 -9999
-9999 -9999 -9999 -9999 -9999 -9999 -9999 -9999 -9999 -9999 -9999 -9999 -9999 -9999 -9999 -9999 -9999 -9999 -9999 -9999 -9999 -9999 -9999 -9999 -9999 -9999 12.0188614038321 12.7215019372793 11.3530809695904 7.71035157717191 6.77836418151855 8.21075637523944 11.0547794195322 9.82964134216309 11.4476644809429 14.6382714051467 15.4401217974149 15.4974228785588 15.4738154778114 15.5143564664401 15.574735054603 15.8476241185115 15.9024537159846 15.8380935375507 15.6382411810068 15.6734806941106 15.4692063698402 15.379313322214 15.4185461631188 15.5308561325073 15.3149616534893 15.2668327184824 15.2013629766611 15.137938279372 15.1108327278724 15.1089280935434 -9999 -9999 -9999 -9999 -9999 -9999 -9999
