rasters/bioclim/bio04.asc
NCOLS 720 
NROWS 300 
XLLCORNER -180 
YLLCORNER -60 
CELLSIZE 0.5 
NODATA_value -9999 
[rows 112 to 139 of 300, columns 315 to 377 of 720]
-9999 -9999 -9999 -9999 -9999 -9999 -9999 -9999 -9999 -9999 -9999 -9999 -9999 -9999 -9999 -9999 -9999 -9999 -9999 -9999 -9999 -9999 -9999 -9999 -9999 -9999 -9999 -9999 -9999 -9999 460.343745304988 525.332155667818 600.467940110427 671.16989839994 715.626662034255 756.807316706731 806.159038837139 805.779404860276 800.805072490986 804.004535381611 787.722891000601 792.260263296274 796.998690091647 806.604294996995 818.479013296274 830.074368990385 843.065678523137 860.995666503906 870.688922588642 865.73444542518 870.443730280949 870.818504920373 869.226323054387 872.513056828426 873.910015399639 878.120506873498 879.226022573618 866.092454176683 850.550964355469 835.352196326623 818.093289888822 798.551818847656 773.41594519982
-9999 -9999 -9999 -9999 -9999 -9999 -9999 -9999 -9999 -9999 -9999 -9999 -9999 -9999 -9999 -9999 -9999 -9999 -9999 -9999 -9999 -9999 -9999 -9999 -9999 -9999 -9999 -9999 457.589860182542 530.131681002103 585.810636080228 633.487584040715 669.66262113131 713.717233511118 754.914250300481 796.600787823017 823.008573091947 810.379657451923 835.282475398137 830.754615196815 828.06977726863 829.731769268329 836.272747333233 844.976139948918 849.390751765324 848.559650127704 864.879878117488 869.203275240385 873.381526066707 876.126286433293 882.692734938401 885.734717735877 885.233867938702 885.818349984976 886.011897160457 888.977928748498 888.901911808894 881.220036433293 869.003525954026 856.577500563401 837.866056002103 816.448946439303 790.301879882812
-9999 -9999 -9999 -9999 -9999 -9999 -9999 -9999 -9999 -9999 -9999 -9999 -9999 -9999 -9999 -9999 -9999 -9999 -9999 -9999 -9999 -9999 -9999 -9999 -9999 -9999 -9999 504.246833214393 554.72648033729 606.521430382362 658.058866060697 691.536719689002 722.339857835036 761.093106783353 798.280264047476 817.547504131611 840.584298940805 859.089050292969 866.356280987079 862.72314453125 865.666733961839 865.017850435697 879.304668719952 879.980661245493 875.155818058894 870.578946627103 867.444514347957 873.369915301983 881.505516639123 882.433236929087 890.495938814603 887.606234036959 890.759934645433 888.708500788762 889.08393742488 892.875746506911 897.115445650541 890.52871469351 883.877352201022 871.513009878305 854.458538348858 837.429110013522 813.520737868089
-9999 -9999 -9999 -9999 -9999 -9999 -9999 -9999 -9999 -9999 -9999 -9999 -9999 -9999 -9999 -9999 -9999 -9999 -9999 -9999 -9999 -9999 -9999 -9999 -9999 -9999 464.029266357422 568.747213510367 637.20225407527 675.445988581731 697.252544696514 731.257319523738 789.655541053185 845.127558781551 854.094787597656 862.554161658654 865.275559645433 875.045424241286 878.628657414363 887.870013897236 895.185349684495 901.042203463041 895.050307053786 889.423015887921 889.878643329327 888.637582632212 891.185326209435 893.841369628906 896.611849271334 892.402850811298 895.326561560998 897.841994065505 896.433462289663 892.794302133413 896.617614746094 902.619769756611 903.390465369591 904.193716195913 899.087064302885 890.127807617188 871.045790452224 855.223149226262 836.703355055589
-9999 -9999 -9999 -9999 -9999 -9999 -9999 -9999 -9999 -9999 -9999 -9999 -9999 -9999 -9999 -9999 -9999 -9999 -9999 -9999 -9999 -9999 -9999 -9999 -9999 -9999 458.565971961388 582.334212083083 682.849416879507 737.463571401743 773.04241004357 809.450340857873 847.467078575721 873.978186974159 855.569664588341 844.929156963642 864.895024226262 887.358637883113 903.695467435397 904.744088979868 925.452786959135 926.967956542969 921.524085411659 909.879141000601 909.832824707031 908.706026517428 908.014878493089 901.182668832632 901.275362454928 905.276447002704 906.46196101262 905.184607872596 906.803612342248 899.403526893029 903.035428560697 907.631563626803 908.64511343149 910.309922438401 904.965350811298 894.033935546875 881.962895320012 865.909916804387 852.01804293119
-9999 -9999 -9999 -9999 -9999 -9999 -9999 -9999 -9999 -9999 -9999 -9999 -9999 -9999 -9999 -9999 -9999 -9999 -9999 -9999 -9999 -9999 -9999 -9999 -9999 295.317165668194 506.413611778846 630.093646709736 720.963012695312 797.534696138822 828.075646033654 851.12655874399 856.683739295373 865.948955829327 853.079214242788 864.522737943209 887.889502892127 906.425400954026 925.289325420673 927.786428598257 945.094815767728 951.235595703125 943.038400503305 936.125896747296 931.823054387019 923.829787034255 921.792602539062 918.212599534255 917.341609074519 916.180969238281 913.47270320012 913.569195087139 913.917931189904 907.078932542067 907.656874436599 911.310889610877 914.850999098558 914.817950908954 912.686345027043 902.659001277043 890.222665640024 878.086510291466 865.988464355469
-9999 -9999 -9999 -9999 -9999 -9999 -9999 -9999 -9999 -9999 -9999 -9999 -9999 -9999 -9999 -9999 -9999 -9999 -9999 -9999 -9999 -9999 -9999 -9999 -9999 326.860534667969 501.507932222807 665.652935321514 710.825228177584 790.060077373798 821.905160757212 840.520479642428 855.377563476562 852.975477952224 861.593829815204 872.340336726262 888.82914851262 909.801635742188 930.488807091346 944.47749211238 952.778080866887 956.692223182091 955.940143291767 952.136272723858 942.422429011418 939.553476186899 936.038301908053 932.849614070012 928.463294396034 924.146625225361 917.904301570012 915.527653620793 913.509131798377 909.098956768329 913.320415790264 917.037419245793 919.66552734375 920.998300405649 912.547659067007 907.326866736779 899.181194598858 890.891897348257 879.295997032752
-9999 -9999 -9999 -9999 -9999 -9999 -9999 -9999 -9999 -9999 -9999 -9999 -9999 -9999 -9999 -9999 -9999 -9999 -9999 -9999 -9999 -9999 -9999 -9999 -9999 -9999 454.821084829477 623.042403001052 728.871445875901 787.305485652043 804.629493126502 832.633389986478 856.66164456881 856.343313363882 874.743445763221 888.602449857272 903.752014160156 921.547325721154 942.174954927885 957.610370342548 963.724031888522 966.571584848257 966.327002892127 959.638324444111 955.175893930288 955.359628530649 949.87653526893 944.328190730168 938.979435847356 931.254366361178 928.324650691106 924.568988506611 920.537874661959 915.924973707933 917.027625450721 919.805114746094 920.554457444411 917.844163161058 914.388084998498 908.578744741587 901.561758188101 891.303255521334 883.990905761719
-9999 -9999 -9999 -9999 -9999 -9999 -9999 -9999 -9999 -9999 -9999 -9999 -9999 -9999 -9999 -9999 -9999 -9999 -9999 -9999 -9999 -9999 -9999 -9999 -9999 418.050753079928 555.758925217849 696.152733435998 709.251427283654 733.51125394381 764.639516977163 803.066579965445 830.788536658654 854.432650052584 876.04110952524 893.208050067608 907.501295823317 926.402794471154 943.589665339543 957.831547663762 972.202740009014 977.668508676382 978.261150653546 975.961637056791 965.474736140324 957.711078350361 952.746765136719 949.741009051983 948.105651855469 938.610314002404 934.359431340144 927.22209754357 924.834726186899 924.143296461839 922.600651667668 922.806889460637 922.233337402344 918.840101975661 912.776963454026 907.620488093449 901.818842961238 895.591008112981 884.775127704327
-9999 -9999 -9999 -9999 -9999 -9999 -9999 -9999 -9999 -9999 -9999 -9999 -9999 -9999 -9999 -9999 -9999 -9999 -9999 -9999 -9999 -9999 -9999 -9999 480.720926138071 579.020747258113 634.372290978065 652.587139423077 680.069791353666 727.972928560697 771.466336763822 807.293574406551 837.72551551232 864.067110501803 883.393503042368 898.239760178786 915.086059570312 928.984900841346 946.043762207031 959.234652005709 970.805941068209 989.476435734676 999.45058969351 989.386629544772 970.179377629207 964.707392765926 958.259328988882 954.712669959435 950.870915339543 947.82868370643 943.807161771334 931.344557542067 928.348684457632 927.608356182392 924.350614107572 923.716097318209 920.667114257812 916.013061523438 912.280099722055 903.475139911358 899.12688269982 894.075092022236 884.880981445312
-9999 -9999 -9999 -9999 -9999 -9999 -9999 -9999 -9999 -9999 -9999 -9999 -9999 -9999 -9999 -9999 -9999 -9999 -9999 -9999 -9999 -9999 -9999 476.018970196064 545.42831655649 615.126065767728 625.746645413912 646.293203500601 687.537907527043 738.985633263221 775.889099121094 804.949908916767 830.750539926382 852.200599083534 874.69924222506 893.714317908654 908.74318753756 923.031897911659 941.969449556791 961.899597167969 971.774122971755 977.563598632812 980.377084585337 974.141723632812 964.484999436599 962.979440542368 961.162968562199 957.094440166767 956.609318659856 952.849247859074 949.909409743089 944.437110314002 939.564138559195 936.236487755409 930.631981482873 922.804241473858 915.873614971454 912.48588679387 904.855412409856 898.821462777945 893.434096116286 889.003479003906 883.245736929087
-9999 -9999 -9999 -9999 -9999 -9999 -9999 -9999 -9999 -9999 -9999 319.944683368389 -9999 -9999 -9999 -9999 -9999 -9999 -9999 -9999 -9999 438.2855858436 493.367046649639 546.980313814603 586.373774601863 615.085254375751 661.285043569712 678.606506347656 711.170142540565 740.246610201322 770.91641000601 802.274578387921 829.75385929988 853.803001990685 873.351388784555 893.608482947716 910.566716120793 922.917471078726 945.841275728666 969.928800142728 979.336759127103 970.597693810096 964.171461838942 961.106562687801 961.853966346154 962.93503511869 958.886474609375 956.463177020733 958.664165790264 956.881727952224 951.55168738732 946.677011343149 941.022047776442 932.955383300781 927.506361741286 920.529710036058 913.612487792969 906.478928786058 900.337012657752 897.52339054988 890.303861177885 883.575322077824 875.911330003005
-9999 -9999 -9999 -9999 -9999 -9999 -9999 -9999 -9999 -9999 -9999 -9999 -9999 -9999 -9999 -9999 -9999 -9999 -9999 -9999 453.281782883864 518.528125469501 566.330622746394 598.965057373047 635.300950270433 659.006507286659 680.436565692608 701.673250638522 726.828204815204 753.886338454026 780.616717998798 807.321073091947 827.496121920072 841.512361966647 862.399184006911 887.33351956881 904.660198505108 917.191579965445 941.633084810697 959.606008676382 969.992750901442 957.91352726863 950.848576472356 953.063392052284 954.693457970252 955.057405911959 952.018038236178 949.760296161358 954.427330603966 952.087468073918 942.781954251803 940.663006122296 935.738947941707 926.951603816106 920.289780836839 915.607050969051 908.558903620793 895.990938626803 892.205449030949 884.63132418119 880.213543231671 874.57868370643 868.49065223107
-9999 -9999 -9999 -9999 -9999 -9999 -9999 -9999 -9999 -9999 -9999 -9999 -9999 -9999 -9999 -9999 -9999 -9999 355.49021089994 428.787778414213 498.89804311899 566.55176955003 610.506016657903 633.314131516677 663.081261268029 681.371553861178 703.285029484676 717.825472318209 741.964834359976 760.687335674579 782.645869328426 805.087153508113 821.593895545373 834.832059420072 856.382737379808 882.051128680889 894.306476299579 908.724308894231 928.940922663762 944.088468111478 954.319490872897 946.333552433894 942.636728140024 945.067293607272 945.216125488281 946.227520282452 943.867286095252 941.931640625 944.273151104267 941.471247746394 936.515789325421 927.275005634014 921.869196965144 914.899306077224 909.221951998197 903.47898043119 893.982853816106 885.594754732572 882.11330472506 875.585289588341 867.85453913762 861.646991436298 858.406996506911
-9999 -9999 -9999 -9999 -9999 -9999 -9999 -9999 -9999 -9999 -9999 -9999 -9999 -9999 -9999 -9999 -9999 -9999 416.325211745042 465.941277137169 531.765857403095 605.834219125601 645.049217810998 660.58210167518 674.417118952824 707.036076472356 717.643958458534 733.065251277043 751.340580866887 764.889582707332 779.653733473558 791.184161846454 806.301715557392 832.68501164363 849.363253079928 865.15190241887 882.138441819411 893.73869910607 907.783034104567 918.114811823918 923.970862755409 928.188753568209 931.212115948017 933.829918494591 931.882803109976 934.257826585036 932.538743239183 930.688692533053 929.393122746394 931.067349947416 926.886005108173 917.217721792368 910.021582970252 904.308382474459 897.986163799579 896.801119290865 888.611295259916 875.463073730469 874.564307579627 865.322716346154 860.621112530048 855.429978590745 849.60063288762
-9999 -9999 -9999 -9999 -9999 -9999 -9999 -9999 -9999 -9999 -9999 -9999 -9999 -9999 -9999 -9999 367.572821983924 420.728081336388 455.269819993239 498.211660531851 555.504467303936 618.164909949669 650.657404972957 669.676837627704 684.273254394531 712.346684382512 724.669954740084 736.835754394531 752.971581092248 761.430668757512 769.316739595853 786.451167179988 804.010760967548 824.673424353966 841.387211726262 859.189518855168 871.367966871995 885.370412973257 895.321030836839 907.231215256911 910.465148925781 913.760493351863 920.092167780949 922.002554086538 922.467519906851 923.261817345252 921.593383789062 919.49811730018 917.736022949219 917.315758338341 908.811936598558 899.182302621695 893.175471379207 885.198782113882 886.207871657151 878.418870192308 876.050832895132 870.220365084135 861.066162109375 860.407522348257 853.767643855168 848.341106708233 846.440584622897
-9999 -9999 -9999 -9999 -9999 -9999 -9999 -9999 -9999 -9999 -9999 -9999 -9999 -9999 -9999 -9999 410.729055551382 463.751385028546 494.975754957933 535.479621300331 584.365377572867 626.947962834285 660.937373234676 679.260770357572 691.135042630709 713.809171236478 726.577833909255 739.975257286659 754.650540865385 761.492379995493 765.491736778846 785.929006723257 802.138676570012 820.877798227163 832.539710411659 849.224905160757 861.055297851562 873.314002403846 885.642155573918 891.770493727464 896.186805138221 902.653644268329 906.383676382212 906.023522010216 906.109177809495 909.331059382512 906.322974571815 906.94233586238 903.747347318209 899.167762169471 892.080218975361 886.939824030949 881.250831017127 881.085172213041 873.383751502404 861.269845815805 861.456970214844 858.523601825421 854.68075796274 853.622366098257 852.364905724159 849.811636117788 844.834270770733
-9999 -9999 -9999 -9999 -9999 -9999 -9999 -9999 -9999 -9999 -9999 -9999 -9999 -9999 -9999 380.61941410945 447.037939218374 498.117438683143 523.616966834435 553.412376990685 594.140425461989 628.766456017127 652.745492788462 672.114116962139 692.095379169171 701.641225961538 717.32177734375 735.79057429387 752.219919057993 758.941781850962 763.787231445312 782.151132436899 801.172058105469 815.566579965445 826.663161057692 838.194077711839 850.07266000601 858.897169846755 867.190293532151 876.784860464243 881.656015249399 887.254864032452 892.984652005709 892.24214054988 892.428166316106 897.09628530649 892.012587327224 892.480088454026 886.376784104567 879.613332895132 870.853661170373 863.656188964844 859.396047738882 857.936936598558 851.381887582632 840.462890625 840.184551532452 839.148892916166 837.235271747296 838.754263070913 839.177396334135 844.198674128606 839.72700383113
-9999 -9999 -9999 -9999 -9999 -9999 -9999 -9999 -9999 -9999 -9999 -9999 -9999 -9999 -9999 415.139040433443 472.262424175556 520.761861947867 546.622138390174 571.606086144081 597.667799729567 626.122154822716 650.287555401142 670.301255446214 687.227210411659 695.342533991887 710.118079552284 724.967810997596 738.645244891827 754.490901066707 763.847008338341 776.546006422776 792.794738769531 805.870544433594 818.395798903245 824.427776630108 836.377155010517 844.979473407452 854.710998535156 862.423264723558 868.986060509315 873.537386380709 875.985403207632 879.769282414363 880.292564978966 879.372403658353 876.986454890324 874.21970308744 866.146226149339 865.771165114183 856.905634953426 844.610628568209 840.095599834736 834.133451021635 821.722275954026 828.629474346454 827.03276179387 819.671508789062 820.952791654147 825.786489633413 827.868689903846 826.707852877103 827.325157752404
-9999 -9999 -9999 -9999 -9999 -9999 -9999 -9999 -9999 -9999 -9999 -9999 -9999 -9999 411.450977032001 451.67336331881 491.448570838341 526.855672983023 556.571580153245 579.723254864032 605.297619159405 628.997675969051 650.136099008413 670.877483661358 684.068368765024 696.712801419772 710.410245455228 724.507817195012 736.286799504207 749.960111177885 760.435326209435 773.665316068209 786.835092397837 794.964162973257 802.86032808744 815.116821289062 822.35993370643 832.498544546274 840.389239971454 848.296677809495 854.289452185998 860.948087252103 860.966167743389 862.160081129808 862.353088378906 863.083533653846 858.763174203726 855.560044508714 846.925015963041 842.804466834435 834.821674053486 825.917231633113 816.981511042668 808.853618915264 801.19082406851 800.478515625 801.150700495793 797.310438889724 801.661334698017 810.716515174279 810.632385253906 814.804574819712 815.264826847957
-9999 -9999 -9999 -9999 -9999 -9999 -9999 -9999 -9999 -9999 -9999 -9999 -9999 380.84135554387 423.392761230469 457.857426570012 495.131887582632 530.044173020583 559.355292687049 586.305872990535 611.131852370042 633.633216271034 650.511775090144 668.17529296875 683.935861440805 698.809776893029 710.61569918119 722.799588716947 732.310556265024 744.836824857272 754.871661846454 768.033221905048 775.801945612981 787.808344914363 793.789114145132 802.316077599159 812.650700495793 818.554546649639 826.262014535757 833.965876652644 836.948331392728 840.751093937801 843.708209698017 846.540724534255 846.37741793119 844.194077711839 841.949406550481 837.883089505709 831.422893817608 822.478773850661 812.942626953125 802.017690805288 791.572035569411 782.434462327224 771.961524376502 769.296513484074 772.422884427584 785.374901404748 790.157639723558 796.556682880108 799.552105243389 798.952293982873 796.878990760216
-9999 -9999 -9999 -9999 -9999 -9999 -9999 -9999 -9999 -9999 -9999 -9999 -9999 406.079608623798 431.442577655499 460.257779634916 495.400707538311 530.097083458534 562.856405404898 593.013462946965 619.833167442909 638.14885535607 652.709707406851 669.826735276442 683.342487041767 695.091641939603 703.778930664062 715.069251427284 726.667245718149 737.959134615385 747.343224158654 758.986332820012 767.764164851262 775.722783015324 785.165400578426 790.622577373798 800.324087289663 805.809809758113 811.441054124099 819.959829477163 820.638535719651 825.211923452524 826.089801494892 827.166395920974 830.265132023738 826.847660945012 825.59323824369 818.996098445012 812.94487116887 805.925898625301 794.460989145132 782.864070012019 771.425044133113 756.365145169772 743.924128605769 740.587623009315 765.045940692608 757.565302922176 759.469942533053 770.001352163462 785.012282151442 787.867525540865 789.369107759916
-9999 -9999 -9999 -9999 -9999 -9999 -9999 -9999 -9999 -9999 -9999 -9999 363.814124474159 402.499673696665 430.17821091872 464.18010535607 499.765117938702 536.192974384014 568.491109994742 604.817138671875 625.067659818209 637.818659855769 654.900245079627 671.60393348107 686.404677170974 692.678476186899 701.690809983474 712.793241060697 724.08647273137 734.291776216947 742.702603853666 750.061049241286 755.345928485577 765.133662297176 772.312528170072 778.162020169772 788.050677959736 794.073495718149 796.096224271334 803.834439791166 804.860698993389 809.49716421274 812.966003417969 812.968552809495 812.488530085637 811.810194749099 807.754211425781 799.817580003005 792.829120342548 787.042949969952 776.205665001502 760.923626239483 749.39211331881 735.760117750901 718.642470139724 705.149254432091 705.577782264123 719.926180326022 725.88771878756 742.526263897236 759.704707219051 768.383681077224 774.817697378305
-9999 -9999 -9999 -9999 -9999 -9999 -9999 -9999 -9999 -9999 -9999 -9999 354.114100529597 392.209798959585 430.653484637921 465.724757267879 504.645106388972 541.348759577824 573.377277080829 606.345111553486 626.269381009615 644.683650090144 658.47902738131 671.028160682091 683.939842810998 690.869985727163 697.763610839844 708.671602689303 714.984943096454 724.558335524339 732.812659630409 736.973722017728 743.963087815505 751.104670597957 758.101717435397 765.181645320012 770.10786320613 775.76120699369 782.973158616286 786.606431227464 788.426673302284 793.259845440204 795.152493990385 796.667536808894 796.11530480018 790.520033616286 786.730867826022 781.516085111178 772.790719839243 768.30557016226 756.949387770433 745.141061636118 731.989004281851 719.84072641226 701.808293269231 692.992591271034 692.527005709135 696.947326660156 707.21523813101 721.300912710337 735.189969576322 751.195594200721 760.498018704928
-9999 -9999 -9999 -9999 -9999 -9999 -9999 -9999 -9999 -9999 -9999 313.032158484826 344.012770432692 386.24599984976 424.409893329327 464.67291025015 503.616811899038 544.385634202224 574.860537015475 608.487727238582 622.410405085637 639.029644305889 651.127206655649 663.088810847356 673.801227276142 682.364013671875 687.524029071514 693.182452862079 702.634192833534 710.127798227163 716.060241699219 722.795170710637 729.914494441106 735.27546105018 739.168827937199 748.689218374399 755.87099984976 761.470834585337 767.073199932392 766.879314716046 772.441213754507 774.637962928185 778.227304311899 775.304973895733 772.156146709736 773.652334359976 769.179898775541 763.488332895132 754.251389723558 747.545269305889 736.821453387921 726.915705754207 716.751385028546 704.843397874099 690.971740722656 686.299555851863 682.800424429087 686.927438589243 693.26164832482 701.070058969351 716.599820650541 729.256122295673 743.074833796574
-9999 -9999 -9999 -9999 -9999 -9999 -9999 -9999 -9999 -9999 -9999 314.9793748122 335.390049861028 378.116112342248 423.464848445012 468.94820697491 508.85975764348 550.822023831881 578.609640268179 610.170367901142 619.419020432692 634.631389911358 645.657545823317 657.444227952224 664.347477839543 673.072307880108 688.041790301983 698.598975548377 707.300086388221 713.984999436599 717.086688701923 712.693204439603 711.802499624399 715.77829683744 723.288531963642 730.356942983774 738.222088153546 743.44973050631 750.741755558894 753.362957294171 751.725576547476 755.366131122296 755.951866736779 754.842928372897 751.363177959736 750.826580341046 747.506061260517 740.599590594952 733.322044959435 726.936551607572 717.469670222356 711.483346792368 702.47467980018 693.53410926232 685.303189791166 678.510629507212 674.624849759615 674.738600510817 684.722754845252 692.112708458534 702.055537297176 715.718529334435 727.873131385216
-9999 -9999 -9999 -9999 -9999 -9999 -9999 -9999 -9999 -9999 -9999 -9999 338.573840801532 381.111872746394 429.925980788011 474.962674654447 515.754037710337 551.699960561899 585.796008770282 613.29692195012 622.355111929087 626.999413123498 637.944645808293 644.953575721154 652.783897986779 665.986731896034 687.788367638221 704.783799391526 713.696443997897 720.207909217248 719.994436410757 704.626779409555 699.242225060096 704.481698843149 710.176847017728 714.508404071514 721.619492750901 726.339505709135 730.944969764123 733.14555476262 732.573570838341 731.896822415865 733.076711801382 731.363501915565 729.346017690805 730.125854492188 724.927649864784 719.940462552584 712.226158728966 710.362262432392 702.09609750601 697.460942195012 692.363173264724 680.478830190805 671.53652719351 668.272568922776 666.14067195012 661.642141488882 666.054185133714 677.210754394531 686.268794133113 702.347787710337 712.70414851262
-9999 -9999 -9999 -9999 -9999 -9999 -9999 -9999 -9999 -9999 -9999 -9999 345.09227341872 385.306192251352 436.654113769531 480.67726956881 520.980506310096 556.585817777193 585.841386061448 605.277686485877 611.055612417368 616.075523963341 626.736173189603 632.20500769982 636.124962439904 648.514934833233 671.725158691406 688.611548790565 699.108830378606 704.469876802885 706.36086331881 706.894179124099 708.674461951623 712.752544696514 715.15569129357 721.512962928185 724.755943885216 729.263484074519 722.012404221755 711.068256084736 710.468604454627 711.604802058293 713.998863807091 716.075984074519 709.585740309495 707.74269925631 704.892319899339 700.828533466046 696.954679048978 690.838045560397 682.408043494591 679.279428335337 671.213669996995 662.232548640324 659.169109637921 654.07326566256 655.149193396935 651.887488731971 655.311927208534 664.550950270433 670.24455848107 690.333871694712 704.617976262019
