rasters/bioclim/bio16.asc
NCOLS 720 
NROWS 300 
XLLCORNER -180 
YLLCORNER -60 
CELLSIZE 0.5 
NODATA_value -9999 
[rows 196 to 223 of 300, columns 189 to 251 of 720]
-9999 -9999 -9999 -9999 -9999 -9999 -9999 -9999 -9999 -9999 -9999 -9999 -9999 178.007475632888 314.760982806866 311.149666419396 302.192192664513 375.929478571965 631.912170410156 692.375389685998 647.442612868089 583.968482384315 574.09914456881 611.436246431791 663.547508826623 700.723031850962 731.539123535156 741.374037522536 754.930631197416 755.569204477163 755.00104698768 755.41306246244 762.580810546875 765.220881535457 759.636662409856 756.215209960938 742.726614145132 729.315101036659 730.599233774038 743.707890437199 767.248239370493 793.668283315805 817.918231670673 835.568007249099 851.422555776743 862.120520958534 862.756310096154 851.884554349459 848.184983473558 863.873164250301 877.888516939603 891.421696589543 886.605877216046 893.977355957031 915.170818622296 936.693415715144 939.228679950421 929.908527080829 921.436537522536 919.223839393029 912.800170898438 896.641362116887 864.637915978065
-9999 -9999 -9999 -9999 -9999 -9999 -9999 -9999 -9999 -9999 -9999 -9999 -9999 95.9081614567683 227.464897742638 395.414722149189 338.423614501953 331.057849590595 706.220491849459 808.950237567608 731.794184758113 640.372220552885 626.586651141827 657.645681527945 684.933396559495 710.316105769231 732.479079026442 753.307466947115 763.016240046574 755.129572941707 748.152310884916 743.061725323017 750.575547438401 756.097285344051 748.690040001502 738.171508789062 722.425569974459 709.031710111178 704.309349646935 716.254366361178 742.76071871244 773.04548058143 809.159663273738 837.157832219051 867.275977501502 864.167165902945 852.868469238281 845.351046048678 851.104290301983 862.904616135817 879.62309382512 889.423541729267 889.008948692909 893.570678710938 902.964322603666 916.885418231671 922.001826359676 927.182945838341 933.900775615986 919.045414851262 894.624183067909 880.642291729267 868.817213792067
-9999 -9999 -9999 -9999 -9999 -9999 -9999 -9999 -9999 -9999 -9999 -9999 -9999 -9999 153.755320035494 473.558751032903 412.803196833684 327.75789466271 382.433349609375 671.521808330829 711.978017953726 717.166302020733 705.401827298678 716.898888221154 719.243023212139 725.70110144982 742.408414400541 765.494938777043 776.484633225661 763.168748121995 747.916053185096 736.102318396935 735.299682617188 741.330092210036 732.133366511418 716.68501164363 702.395371657151 686.010052020733 681.795856182392 690.51127741887 713.397587702824 748.767141488882 784.951744666466 814.220186673678 834.271404559796 841.079547588642 835.97944523738 836.994417630709 844.788658728966 858.536254882812 873.198556753305 884.504037710337 895.812255859375 903.549034705529 899.112741323618 899.097670335036 910.519751915565 933.414095365084 952.339256873498 921.314551720252 878.15185546875 866.451397235577 879.145244891827
-9999 -9999 -9999 -9999 -9999 -9999 -9999 -9999 -9999 -9999 -9999 -9999 -9999 -9999 97.2655275785006 372.119096022386 394.79988685021 308.901108961839 243.836416391226 232.558997521034 709.555415226863 801.053171011118 803.928795447716 797.836083045373 773.158466045673 755.752507136418 752.489032451923 770.356788048377 779.385807917668 759.869140625 736.388662484976 715.986600435697 709.987567608173 708.549095740685 700.665879469651 687.556856595553 675.668175330529 662.523080679087 657.818683330829 662.306030273438 677.988943246695 708.890347994291 746.502173790565 772.990027794471 786.334059495192 788.710026667668 796.860314002404 802.962627704327 817.146592360276 841.574908916767 860.516465407151 883.651540902945 907.054171048678 921.500338040865 915.113553560697 902.880587064303 912.289104755108 937.023132324219 954.157395582933 946.586993877704 922.801382211538 898.584317720853 852.059316781851
-9999 -9999 -9999 -9999 -9999 -9999 -9999 -9999 -9999 -9999 -9999 -9999 -9999 -9999 -9999 199.546555739183 -9999 359.934260441707 282.215612558218 256.695446307843 776.037700946514 899.578134390024 843.93401160607 838.47275015024 793.764085036058 755.331571138822 755.327988844651 778.703406700721 788.002662071815 762.15029672476 717.446185772236 684.066612830529 672.776724008413 676.186053936298 672.698702298678 660.450523963341 650.285151554988 640.186485877404 634.328833946815 631.141948993389 644.866182767428 674.306621844952 700.504263070913 719.364624023438 739.543710561899 750.170644906851 761.05024601863 769.922156700721 784.504314716046 809.510446401743 837.054884690505 864.45807823768 887.365994966947 904.171039287861 909.841411884014 908.927419809195 921.544593224159 937.063467172476 948.404611440805 950.655193622296 941.792325533353 917.907550518329 862.709655761719
-9999 -9999 -9999 -9999 -9999 -9999 -9999 -9999 -9999 -9999 -9999 -9999 -9999 -9999 -9999 140.627932328444 296.443071805514 416.518646240234 424.869678203876 345.697321965144 533.328568678636 776.459026630108 694.612224872296 786.800260103666 764.479257436899 728.539799616887 754.786334698017 803.392010028546 818.575960599459 781.080923227163 708.420837402344 641.392765925481 627.969487116887 644.009084848257 639.999431903546 638.45751953125 630.534818209135 620.920931302584 615.204641488882 611.174058180589 619.970787635216 646.44768348107 642.678433931791 651.767460749699 693.410503680889 749.329218937801 766.699091984676 755.643371582031 756.73916391226 773.54582801232 790.525334284856 810.210313063401 831.130925105168 855.126380333534 880.844670222356 905.801429161659 926.366070087139 944.823876014123 952.050945575421 950.596050555889 938.131896972656 921.204622708834 902.382540189303
-9999 -9999 -9999 -9999 -9999 -9999 -9999 -9999 -9999 -9999 -9999 -9999 -9999 -9999 -9999 -9999 165.211764408992 347.491039569561 437.33993765024 319.899003248948 340.278871976412 478.843353271484 694.45305457482 715.840153620793 683.748436560998 722.021366999699 780.65232027494 839.04836331881 867.55133995643 838.133643517127 752.121314415565 621.20066011869 597.457378680889 625.163912259615 621.052837665264 620.366403432993 615.681316669171 606.789029634916 597.803513746995 602.744685246394 615.987093411959 638.796198918269 647.035611666166 654.012437086839 673.697744516226 697.19187105619 715.433589054988 724.857417179988 735.898578350361 748.589674729567 766.47307410607 783.924048790565 811.486346905048 843.047987717849 877.680743877704 911.918926532452 943.654292179988 962.079909104567 963.268714317909 963.870262732873 956.453848031851 937.749422513522 913.059978778546
-9999 -9999 -9999 -9999 -9999 -9999 -9999 -9999 -9999 -9999 -9999 -9999 -9999 -9999 -9999 -9999 -9999 247.64316030649 434.862382155198 329.037351168119 260.624164287861 295.934686514047 592.867189847506 605.519183819111 558.522608830379 719.42678128756 799.501854529748 893.322960486779 967.334683931791 963.543494591346 881.167795034555 733.910118689904 643.918447641226 620.672659067007 617.639981783353 619.153733473558 616.58733191857 604.152768648588 594.89306640625 604.357609675481 621.363469050481 639.669442983774 662.681358924279 680.25481238732 673.130389873798 654.937612680288 663.348623422476 693.158935546875 716.382648174579 731.709782527043 745.098407451923 766.004896897536 794.18219933143 828.904151329627 869.693932166466 909.73832820012 951.353201059195 978.895550067608 976.881535456731 973.842195951022 966.32028902494 939.609407865084 898.744431715745
-9999 -9999 -9999 -9999 -9999 -9999 -9999 -9999 -9999 -9999 -9999 -9999 -9999 -9999 -9999 -9999 -9999 151.209719731258 350.174014751728 390.095689039964 303.957822359525 291.672020545373 409.062856820913 594.645118126502 437.15519127479 560.048302283654 594.831376295823 813.837834284856 1144.9736328125 1165.86240797776 1031.81162672776 839.368365948017 669.380110520583 611.744154710036 602.551992563101 606.767639160156 614.575035682091 620.869431715745 619.486450195312 624.716646634615 630.488196739784 636.856248121995 638.351435734676 644.259944035457 648.439265324519 656.311715932993 664.177278958834 651.584439791166 656.055997408353 688.438335712139 734.701627291166 753.983360877404 771.744821401743 791.709852952224 806.422771747296 827.456641564002 860.572115384615 927.645803598257 956.398465670072 933.935044508714 917.858262282151 892.640085073618 871.90615609976
-9999 -9999 -9999 -9999 -9999 -9999 -9999 -9999 -9999 -9999 -9999 -9999 -9999 -9999 -9999 -9999 -9999 -9999 225.118861271785 360.402834378756 398.511415921725 366.766909085787 340.586688701923 356.609595665565 332.276462261493 403.741532545823 420.591916597807 524.921325683594 1272.01719313401 1428.07442533053 1289.6980074369 1016.73014479417 760.621783916767 674.95616032527 645.484513502855 640.468341533954 643.72891000601 639.392188439002 635.105417104868 629.443439190204 626.986605130709 619.784090482272 607.570570725661 608.668912447416 617.945997971755 632.196012056791 642.599848820613 629.043865497296 628.267052283654 661.465618426983 704.336646446815 724.842646672176 749.542785644531 769.383357121394 782.720947265625 804.771057128906 838.844055175781 888.125798152043 909.882629394531 896.553786057692 878.675457294171 858.361098069411 832.811391977163
-9999 -9999 -9999 -9999 -9999 -9999 -9999 -9999 -9999 -9999 -9999 -9999 -9999 -9999 -9999 -9999 -9999 -9999 45.4642102168157 220.488976111779 367.815164419321 371.73095703125 303.332283606896 256.315895667443 230.789627075195 274.407753577599 285.225083571214 310.211376483624 571.591017503005 1122.95274939904 1661.21275916466 1312.39909480168 1005.31243896484 830.398475060096 749.226543719952 707.874859149639 681.095867450421 652.402996356671 630.145784818209 617.308420034555 613.789755014273 604.03995689979 568.756817157452 572.258122370793 583.850153996394 597.92685171274 613.57024207482 623.51699594351 641.525963416466 654.679833045373 671.97746863732 690.037405160757 722.098247821514 757.907127967248 780.606323242188 802.577073317308 835.874577448918 862.550987830529 868.21477332482 861.53506234976 839.312701885517 817.738454965445 785.938434307392
-9999 -9999 -9999 -9999 -9999 -9999 -9999 -9999 -9999 -9999 -9999 -9999 -9999 -9999 -9999 -9999 -9999 -9999 17.2579884162316 103.103136209341 279.308800330529 319.013993483323 302.705587533804 264.290662325346 253.84714449369 254.253363389235 285.471965496357 319.606914813702 334.81084383451 400.474001370943 756.052095853365 1071.8957425631 936.530536358173 855.196758563702 785.577031062199 777.369596041166 740.668184720553 686.277216984676 651.982126089243 632.67479294997 625.896723820613 613.714486929087 583.384547306941 567.520451472356 561.08389047476 567.659844031701 569.817356989934 576.942922738882 588.000619741587 610.125084510216 637.403080866887 657.111896221454 693.326336200421 734.064208984375 759.846111591046 775.273587740385 792.906728891226 805.240375225361 810.10732797476 811.756436861478 807.577481783353 797.421414888822 768.691185584435
-9999 -9999 -9999 -9999 -9999 -9999 -9999 -9999 -9999 -9999 -9999 -9999 -9999 -9999 -9999 -9999 -9999 -9999 -9999 45.8933146550105 157.703307518592 262.547791701097 292.526277982272 296.189284104567 329.472778320312 379.907475398137 416.845839280349 427.6788283128 412.904271052434 392.533090444712 -9999 470.997948279748 650.613271859976 735.187157264123 732.691007173978 790.309668907752 774.214641864483 712.178189791166 676.390455979567 667.733759953426 668.310673640324 656.707331730769 614.367811936599 572.955120380108 547.621509258564 538.448803241436 531.407562255859 530.303905780499 541.243492713341 562.396068866436 601.302250788762 627.785686786358 655.423997145433 696.82133601262 722.84714449369 742.056335449219 745.651202862079 745.412283090445 745.213576096755 756.128389798678 770.341322678786 774.255080003005 756.738788311298
-9999 -9999 -9999 -9999 -9999 -9999 -9999 -9999 -9999 -9999 -9999 -9999 -9999 -9999 -9999 -9999 -9999 -9999 -9999 14.357544862307 67.0904309199407 123.509539677547 221.874791071965 294.702342106746 -9999 399.67775785006 447.302760197566 489.444443922776 493.122943584736 468.719510591947 438.328481820913 407.774662898137 370.913553091196 601.416438176082 582.5687889686 708.310748760517 697.177095853365 638.339212270883 623.070467435397 613.982231727013 606.149043156551 620.172889122596 606.623422475962 583.55039860652 540.441486065204 511.588874230018 499.223445012019 511.669020432692 533.343548114483 555.378694974459 577.92379291241 609.493056077224 639.779371995192 672.401648888221 706.64834359976 723.44580078125 717.285541240986 684.202786959135 660.196429912861 666.731722318209 684.738830566406 709.459350585938 728.739276592548
-9999 -9999 -9999 -9999 -9999 -9999 -9999 -9999 -9999 -9999 -9999 -9999 -9999 -9999 -9999 -9999 -9999 -9999 -9999 -9999 13.7425690797659 62.0457487839919 124.35954108605 215.040521474985 270.73142183744 368.037989689754 434.651677058293 477.348761925331 -9999 473.551919790415 442.40329683744 437.310687725361 376.242788461538 476.246856689453 564.767880953275 617.472003643329 612.115023099459 612.654407207782 625.064746563251 628.797330416166 630.389643742488 625.444141094501 603.002197265625 552.371830866887 497.875657301683 469.365398700421 463.25833599384 479.254753699669 503.098130446214 531.173828125 555.247772216797 583.498828594501 613.751258263221 641.997985839844 674.316913311298 692.39887883113 679.255634014423 622.968289888822 583.266383244441 598.175546499399 628.383235051082 661.760807917668 701.708655724159
-9999 -9999 -9999 -9999 -9999 -9999 -9999 -9999 -9999 -9999 -9999 -9999 -9999 -9999 -9999 -9999 -9999 -9999 -9999 -9999 -9999 -9999 47.8725602076604 84.8064991877629 143.665755051833 241.163758497972 317.950678898738 398.021744948167 409.797565166767 422.16355074369 403.731271597055 396.061469444862 362.644890418419 333.409912109375 370.465089064378 560.72553898738 586.600844163161 546.232114351713 631.245610163762 688.078617976262 725.298485389123 697.909189077524 616.257669302133 512.951524000901 433.656597430889 410.135054368239 418.519099308894 441.624734731821 467.369812011719 495.66453904372 522.572016789363 549.674896240234 571.008681077224 601.566913311298 622.496830866887 640.435560960036 618.585590069111 582.608978271484 553.300039438101 573.552297738882 608.417447603666 640.516977163462 683.590101975661
-9999 -9999 -9999 -9999 -9999 -9999 -9999 -9999 -9999 -9999 -9999 -9999 -9999 -9999 -9999 -9999 -9999 -9999 -9999 -9999 -9999 -9999 -9999 -9999 68.8231670673077 100.094879737267 134.009914104755 171.630889892578 328.945965106671 350.712688739483 360.572317270132 384.535351092999 357.806349534255 301.450296255258 252.004223163311 356.108684833233 484.040940504808 481.912456805889 575.497084397536 731.483633188101 818.213965782752 779.601970966046 658.686021071214 529.671123798077 429.436983548678 379.882145808293 384.361135629507 417.751124455379 447.586684006911 485.885838435246 511.50248835637 531.662710336538 549.736149714543 576.854339599609 597.494600736178 617.723754882812 600.992915226863 567.550652137169 550.938565767728 560.02393751878 584.167447603666 614.268517127404 649.245107797476
-9999 -9999 -9999 -9999 -9999 -9999 -9999 -9999 -9999 -9999 -9999 -9999 -9999 -9999 -9999 -9999 -9999 -9999 -9999 -9999 -9999 -9999 -9999 -9999 -9999 -9999 48.4396369640644 73.5121008066031 150.757415184608 -9999 310.37992976262 329.692673903245 343.720358041617 306.671585083008 237.736011211689 246.16794527494 313.579535851112 340.06512099046 352.663821880634 684.267690805288 890.719224196214 834.109482985276 703.056804950421 575.868344820463 445.649512657752 386.3667579064 377.944892296424 401.830143855168 436.070068359375 477.86854670598 504.2642188439 523.468315711388 536.375143197867 551.483867938702 566.422682542067 577.994560828576 577.164952204778 559.387822077824 553.292250413161 558.693950946514 566.312934288612 587.426142765926 613.626666729267
-9999 -9999 -9999 -9999 -9999 -9999 -9999 -9999 -9999 -9999 -9999 -9999 -9999 -9999 -9999 -9999 -9999 -9999 -9999 -9999 -9999 -9999 -9999 -9999 -9999 -9999 -9999 -9999 44.4619253598727 131.459054213304 271.836018488957 309.588945828951 285.045499361478 255.331754244291 217.291414701022 210.416724571815 215.709001981295 277.675366915189 249.708498441256 188.335629389836 247.998381394606 489.715468186599 584.169034517728 533.538301908053 398.889432466947 315.760069627028 321.481646024264 340.743194580078 377.03963294396 417.793271578275 442.505547156701 454.979271521935 463.598160963792 474.105940598708 493.021599402794 512.843632624699 525.944582425631 535.309682992788 547.080226017879 544.723571777344 538.004544771635 560.09377347506 608.656428410457
-9999 -9999 -9999 -9999 -9999 -9999 -9999 -9999 -9999 -9999 -9999 -9999 -9999 -9999 -9999 -9999 -9999 -9999 -9999 -9999 -9999 -9999 -9999 -9999 -9999 -9999 -9999 -9999 14.4915601977935 41.0438836904672 149.883247375488 246.475463867188 230.470591618465 211.180283766526 195.419678908128 196.926634568435 190.961144080529 168.206143305852 251.999712430514 220.276938805213 213.86823448768 211.016740652231 216.318049504207 277.892209566557 406.15321467473 323.480540348933 296.63309772198 305.413151667668 337.720422598032 402.131474421575 419.487365722656 428.714508056641 434.955383300781 441.141568697416 457.030998816857 474.529425987831 492.942378117488 514.331803541917 534.263031005859 534.208047720102 528.757176325871 549.067828838642 604.338608961839
-9999 -9999 -9999 -9999 -9999 -9999 -9999 -9999 -9999 -9999 -9999 -9999 -9999 -9999 -9999 -9999 -9999 -9999 -9999 -9999 -9999 -9999 -9999 -9999 -9999 -9999 -9999 -9999 -9999 -9999 42.9831569378193 145.300027113694 185.127045851487 188.410346397987 178.364081749549 173.138911320613 187.045700073242 144.394943530743 193.234575711764 267.890464195838 277.689781775841 286.508651733398 298.163334773137 333.678433931791 379.918292705829 309.1672069843 283.668673001803 285.230082585261 308.607513427734 353.419222318209 402.085904634916 414.321244459886 432.164409930889 447.216998760517 452.323519193209 460.153177114633 476.552180363582 500.774395282452 520.715461144081 527.986424372746 526.868171105018 547.26413668119 593.446948711689
-9999 -9999 -9999 -9999 -9999 -9999 -9999 -9999 -9999 -9999 -9999 -9999 -9999 -9999 -9999 -9999 -9999 -9999 -9999 -9999 -9999 -9999 -9999 -9999 -9999 -9999 -9999 -9999 -9999 -9999 30.942553116725 88.1050596970778 135.49029482328 156.498254042405 155.30736541748 156.971436720628 165.925050001878 135.981915694017 160.703059856708 220.029827411358 253.659754826472 267.505830031175 343.959829477163 360.229276216947 311.718220637395 246.097619863657 230.37866797814 228.852107121394 249.526334322416 290.522145197942 347.909210205078 374.749568058894 394.139693040114 408.78410926232 415.89508995643 427.284421480619 454.092881422776 489.660658616286 523.237548828125 532.322878324068 528.174849290114 548.569321852464 587.272782545823
-9999 -9999 -9999 -9999 -9999 -9999 -9999 -9999 -9999 -9999 -9999 -9999 -9999 -9999 -9999 -9999 -9999 -9999 -9999 -9999 -9999 -9999 -9999 -9999 -9999 -9999 -9999 -9999 -9999 -9999 23.4205144001887 56.121518942026 101.567442673903 135.536482004019 139.450652489295 141.369639470027 144.859933119554 122.03742980957 118.825721740723 159.150292616624 227.798627413236 234.112884521484 317.374765249399 388.258486234225 285.683634831355 216.55904505803 187.267733060397 181.282393235427 196.721513014573 238.357685969426 290.969962486854 330.862642728365 366.223996675932 379.139751727764 388.840686504657 410.538987379808 442.66252723107 477.66355074369 512.295372596154 525.855133056641 529.257089468149 552.031130277193 584.486396202674
-9999 -9999 -9999 -9999 -9999 -9999 -9999 -9999 -9999 -9999 -9999 -9999 -9999 -9999 -9999 -9999 -9999 -9999 -9999 -9999 -9999 -9999 -9999 -9999 -9999 -9999 -9999 -9999 -9999 -9999 -9999 37.5784510098971 81.9687831585224 120.425023005559 122.093002906212 121.368347754845 129.128003047063 123.705907381498 123.091170090895 150.028707650992 193.4774316641 244.126707810622 321.869704026442 371.450176532452 303.599722055288 231.514822152945 197.386416508601 179.295258742112 179.958697979267 219.053788405198 275.595669086163 323.633955735427 348.621236947867 349.208946814904 368.667663574219 405.021470289964 432.542360745943 457.213552621695 481.857137826773 496.691521277794 511.630986140325 536.378220778245 563.999140812801
-9999 -9999 -9999 -9999 -9999 -9999 -9999 -9999 -9999 -9999 -9999 -9999 -9999 -9999 -9999 -9999 -9999 -9999 -9999 -9999 -9999 -9999 -9999 -9999 -9999 -9999 -9999 -9999 -9999 -9999 -9999 29.7577637892503 70.7384426410382 104.577801044171 110.056654710036 111.517629183256 120.14030456543 113.018174978403 127.328437218299 161.495755709135 170.85040635329 223.950270432692 343.435671292818 387.464104285607 324.95951960637 237.487791794997 188.498802771935 168.786497849685 167.605737539438 208.482416006235 265.00237098107 302.942687988281 320.42922269381 330.748098520132 347.889432466947 394.026644193209 421.036083514874 436.731647198017 452.023036076472 471.003547081581 495.871403620793 528.792081392728 549.903825026292
-9999 -9999 -9999 -9999 -9999 -9999 -9999 -9999 -9999 -9999 -9999 -9999 -9999 -9999 -9999 -9999 -9999 -9999 -9999 -9999 -9999 -9999 -9999 -9999 -9999 -9999 -9999 -9999 -9999 -9999 -9999 26.3968093578632 76.4445005563589 90.6376424936148 99.5151502169096 111.242778484638 117.654192997859 110.714388333834 114.009302286001 144.865250807542 167.993185190054 226.38600393442 344.525423490084 409.966172438401 345.784576416016 252.583016028771 191.165041996883 176.787536621094 191.091491699219 222.578770564153 255.505155123197 284.032744187575 302.466342632587 325.393719012921 353.829812856821 384.635486309345 410.346801757812 419.453852726863 432.138650747446 452.282029371995 478.077394925631 506.703143780048 527.835010235126
-9999 -9999 -9999 -9999 -9999 -9999 -9999 -9999 -9999 -9999 -9999 -9999 -9999 -9999 -9999 -9999 -9999 -9999 -9999 -9999 -9999 -9999 -9999 -9999 -9999 -9999 -9999 -9999 -9999 -9999 -9999 29.894555752094 83.9945702185998 88.8257689842811 98.1952183063214 104.097103999211 118.540059016301 117.345851604755 119.306357163649 128.76268357497 162.76504281851 211.113640418419 385.318016639123 456.647862361028 391.321105957031 287.770843505859 224.823057908278 217.584444486178 233.119052593525 242.797289334811 256.106131920448 268.463739248422 289.442260742188 325.975698617788 366.319551908053 399.292367788462 417.559150108924 422.269167386568 428.674957275391 444.554537259615 466.113591120793 482.161548321064 490.941345214844
-9999 -9999 -9999 -9999 -9999 -9999 -9999 -9999 -9999 -9999 -9999 -9999 -9999 -9999 -9999 -9999 -9999 -9999 -9999 -9999 -9999 -9999 -9999 -9999 -9999 -9999 -9999 -9999 -9999 -9999 -9999 24.065851358267 75.7006700955904 90.7436482356145 101.134555229774 106.005758432242 125.363737839919 128.489636347844 136.494535592886 142.717248769907 162.422956026517 240.200143667368 415.170872614934 492.961599496695 440.876589261568 326.290610680213 267.601489727314 244.270420954778 252.647604135367 265.917264498197 258.45906653771 253.650029109075 280.169732900766 332.314072829026 386.976975661058 418.349257249099 431.461456298828 435.694328894982 443.121950589693 450.737999549279 450.11072246845 454.744760366587 472.702855036809
