rasters/bioclim/bio19.asc
NCOLS 720 
NROWS 300 
XLLCORNER -180 
YLLCORNER -60 
CELLSIZE 0.5 
NODATA_value -9999 
[rows 28 to 55 of 300, columns 630 to 692 of 720]
-9999 16.4022951126099 -9999 -9999 15.5947903486399 13.8270714466388 14.1049798818735 13.350819000831 13.9926725534292 10.7358813652625 11.7333769431481 -9999 10.4276836835421 11.3444160131308 10.9890334514471 10.9532529390775 11.0094414720168 10.2835787122066 10.122709278877 -9999 -9999 -9999 -9999 -9999 -9999 -9999 -9999 -9999 -9999 -9999 -9999 -9999 -9999 -9999 -9999 -9999 -9999 -9999 -9999 -9999 -9999 -9999 -9999 -9999 -9999 -9999 -9999 -9999 -9999 -9999 -9999 -9999 -9999 -9999 -9999 -9999 -9999 -9999 -9999 -9999 -9999 -9999 -9999
-9999 -9999 -9999 -9999 16.3506890810453 14.5791905293098 14.5517199589656 11.6471845186674 12.3602277682378 11.0019217637869 11.0926050039438 10.4262893750117 9.76198453169603 9.81005653968224 11.4846295943627 11.5184077116159 11.3149407597689 10.4075262569464 10.516806941766 11.1850046423765 -9999 -9999 6.72151152904217 14.1567436731779 14.6734535694122 14.7951235771179 15.1028969104473 14.1593586848332 13.1680257870601 12.2532798326932 -9999 -9999 -9999 -9999 -9999 -9999 -9999 -9999 -9999 -9999 -9999 -9999 -9999 -9999 -9999 -9999 -9999 -9999 -9999 -9999 -9999 -9999 -9999 -9999 -9999 -9999 -9999 -9999 -9999 -9999 -9999 -9999 -9999
-9999 -9999 -9999 -9999 -9999 -9999 14.1235976219177 12.9246558042673 10.9275941665356 -9999 -9999 -9999 -9999 -9999 -9999 -9999 -9999 -9999 -9999 -9999 -9999 -9999 -9999 -9999 -9999 -9999 15.7498451379629 15.7108827004066 14.7287979859572 14.6347094682547 -9999 -9999 -9999 -9999 -9999 -9999 -9999 -9999 -9999 -9999 -9999 -9999 -9999 -9999 -9999 -9999 -9999 -9999 -9999 -9999 -9999 -9999 -9999 -9999 -9999 -9999 -9999 -9999 -9999 -9999 -9999 -9999 -9999
-9999 -9999 -9999 -9999 -9999 -9999 -9999 -9999 -9999 -9999 -9999 8.5010534800016 -9999 -9999 -9999 -9999 -9999 -9999 -9999 -9999 -9999 -9999 -9999 -9999 -9999 -9999 -9999 -9999 -9999 -9999 -9999 -9999 -9999 -9999 -9999 -9999 -9999 -9999 -9999 -9999 -9999 -9999 -9999 -9999 -9999 -9999 -9999 -9999 -9999 -9999 -9999 -9999 -9999 -9999 -9999 -9999 -9999 -9999 -9999 -9999 -9999 -9999 -9999
-9999 -9999 -9999 -9999 -9999 -9999 -9999 -9999 -9999 -9999 -9999 -9999 10.3138697995589 11.1952014748867 11.9607663154602 13.8394471682035 -9999 -9999 -9999 -9999 -9999 -9999 -9999 -9999 -9999 -9999 -9999 -9999 -9999 -9999 -9999 -9999 -9999 -9999 -9999 -9999 -9999 -9999 -9999 -9999 -9999 -9999 -9999 -9999 -9999 -9999 -9999 -9999 -9999 -9999 -9999 -9999 -9999 -9999 -9999 -9999 -9999 -9999 -9999 -9999 -9999 -9999 -9999
-9999 -9999 -9999 -9999 -9999 -9999 -9999 -9999 -9999 -9999 -9999 -9999 -9999 -9999 12.5908640256295 12.559477851941 15.3954571210421 -9999 -9999 -9999 -9999 -9999 -9999 -9999 -9999 -9999 -9999 -9999 -9999 -9999 -9999 -9999 -9999 -9999 -9999 -9999 -9999 -9999 -9999 -9999 -9999 -9999 -9999 -9999 -9999 -9999 -9999 -9999 -9999 -9999 -9999 -9999 -9999 -9999 -9999 -9999 -9999 -9999 -9999 -9999 -9999 -9999 -9999
-9999 -9999 -9999 -9999 -9999 -9999 -9999 -9999 -9999 -9999 -9999 12.9359971559965 12.2247059161846 12.1508346704336 13.3194081966694 -9999 -9999 -9999 -9999 -9999 -9999 -9999 -9999 -9999 -9999 -9999 -9999 -9999 -9999 -9999 -9999 -9999 -9999 -9999 -9999 -9999 -9999 -9999 -9999 -9999 -9999 -9999 -9999 -9999 -9999 -9999 -9999 -9999 -9999 -9999 -9999 -9999 -9999 -9999 -9999 -9999 -9999 -9999 -9999 -9999 -9999 -9999 -9999
-9999 -9999 -9999 -9999 -9999 -9999 -9999 -9999 12.0891677232889 10.067741724161 10.0736973835872 10.5644807357054 10.3496292646115 11.1125793090233 10.9368084577414 13.5471402314993 13.5372586983901 15.4516205787659 17.3300783450787 18.1157098916861 17.1581199352558 18.1081943511963 18.7188035524808 18.769596356612 18.808107816256 18.866493665255 18.8508759645315 18.8578153023353 -9999 -9999 -9999 -9999 -9999 -9999 -9999 -9999 -9999 -9999 -9999 -9999 -9999 -9999 -9999 -9999 -9999 -9999 -9999 -9999 -9999 -9999 -9999 -9999 -9999 -9999 -9999 -9999 -9999 -9999 -9999 -9999 -9999 -9999 -9999
-9999 -9999 -9999 -9999 -9999 -9999 -9999 -9999 -9999 10.864657328679 10.7184653603114 11.1558800844046 11.7043960828048 9.08059240763004 12.2439271303324 12.2675563372098 13.2946577805739 16.2061184369601 17.3773395831768 17.6561376131498 -9999 -9999 19.8016554759099 19.7537367160504 20.574924322275 21.576808489286 21.601533302894 21.6966079565195 -9999 23.7883529663086 -9999 -9999 -9999 -9999 -9999 -9999 -9999 -9999 -9999 -9999 -9999 -9999 -9999 -9999 -9999 -9999 -9999 -9999 -9999 -9999 -9999 -9999 -9999 -9999 -9999 -9999 -9999 -9999 -9999 -9999 -9999 -9999 -9999
13.9167224077078 13.3311610496961 13.6614056367141 12.1648689004091 12.3401057995283 13.1894872371967 12.010037779808 10.9087414592505 10.9053118962508 10.8489081538641 10.6001391502527 10.8937273025513 10.473069190979 9.59644247018374 11.1230115340306 11.1325790148515 13.0106437756465 15.0242184859056 16.2834532077496 17.5700306525597 19.8171435869657 20.2378121889555 22.5463038958036 22.8629377071674 22.7071641775278 22.7820990635799 23.8017011789175 23.8782347165621 25.0005990541898 25.5835302793063 25.6824207305908 25.6265050447904 25.7048790271466 -9999 -9999 -9999 -9999 -9999 -9999 -9999 -9999 -9999 -9999 -9999 -9999 -9999 -9999 -9999 -9999 -9999 -9999 -9999 -9999 -9999 -9999 -9999 -9999 -9999 -9999 -9999 -9999 -9999 -9999
11.727383852005 11.8266160488129 10.6317130969121 10.6108946341735 11.6134208349081 11.5862546700698 11.3649866214165 9.5229742710407 8.43161001113745 10.0069487874325 10.54054747178 10.0424432020921 10.5147622548617 11.1045780640382 10.0210428054516 10.8629388625805 12.7195330032936 13.8359683476962 16.0701201512263 18.4810022207407 18.9640579223633 21.4476187045758 23.9825238447923 22.9791578879723 25.9235770885761 26.1336774092454 25.887513087346 26.6319792820857 27.4629095517672 28.235281430758 28.166694347675 28.203329379742 28.2033915886512 26.5558569981502 27.096142402062 27.357778109037 26.6870639507587 27.0345505934495 27.4468664022592 28.8745501591609 26.1786846747765 26.2512292128343 25.312980064979 26.2780689826378 23.1927840893085 23.1632291353666 22.005715736976 23.0082497963539 20.9901847839355 -9999 -9999 -9999 -9999 -9999 -9999 -9999 -9999 -9999 -9999 -9999 -9999 -9999 -9999
11.6545019516578 10.0543100650494 9.93044268167936 11.3957946759004 9.48951209508456 10.1912751449988 10.2407049399156 8.55891790527564 7.17338235561664 7.3106478360983 8.77086628400362 8.62430443672033 9.4744307077848 10.1873758572799 9.24571152833792 10.8175359139076 12.0835074461423 13.7412605652442 16.3200855255127 18.365383368272 20.1565661063561 21.9714624698345 23.7833480101365 26.9795595315787 28.2343571002667 28.3632774353027 27.1624704507681 24.1298756232628 26.5564259749192 26.1798893855168 26.1091582958515 26.585207425631 27.8305702209473 27.471519616934 27.0082818544828 27.2028534228985 28.0376991858849 27.8128296778752 27.3599425095778 26.9356275705191 27.2805755321796 26.4730967008151 26.6467757591834 25.8209225581242 23.9522842994103 23.9498943915734 23.6910484020527 22.7704436962421 21.5740641814012 22.1330414185157 -9999 -9999 -9999 -9999 -9999 -9999 -9999 -9999 -9999 -9999 -9999 -9999 -9999
9.24106880449332 9.53940829863915 9.00481552344102 8.05264192246474 7.80430564513573 6.50935539832482 5.88157272338867 6.18662628760705 6.13373965483445 4.14797714581856 6.12965432497171 5.9776845574379 7.75658407578102 7.55755676673009 7.01804186747624 9.18693459950961 10.5857488742241 11.4828853607178 14.6754104540898 17.4178638458252 20.1690205794114 21.0676800654485 23.8791939662053 26.937503521259 29.0940732222337 29.0781877957858 27.4774086291973 26.2093903468205 24.9730526850774 25.7678364973802 25.81508739178 26.2834801307091 27.5131912231445 27.0483053647555 27.3561342679537 25.599831361037 26.3184846731333 26.961240034837 27.3741792532114 27.7597201420711 28.1479236896221 26.6406641740065 27.0018973717323 25.4168632213886 25.5954764439509 23.8033193441538 23.574525979849 24.7167532994197 23.7566543725821 23.9245484425471 -9999 -9999 -9999 -9999 -9999 -9999 27.3042188057533 -9999 -9999 -9999 -9999 -9999 -9999
8.53850040068993 7.59618890056243 7.50487426023644 7.26468104582566 7.21222114562988 5.43338222687061 6.830297768116 7.53499584931594 7.17466236994817 4.94576428486751 6.34709867147299 10.0475781147297 10.8586810552157 9.56396095569317 7.07054166151927 7.45011503879841 10.6773138229664 14.0392622580895 14.7254787958585 17.2760745195242 18.2619210023146 19.4723474796002 22.7756680708665 24.8638145740216 26.2372272198017 26.2780675154466 25.219033901508 25.4821693713848 25.0189842810998 27.5593894078181 28.5076439197247 28.5979981055626 27.72036082928 29.4027423858643 28.4027950580303 28.4146226736215 28.3947714292086 28.4220089545617 28.6115948603703 27.9512852888841 28.2561156933124 26.7986781780536 28.0920244363638 24.866826570951 25.27136523907 25.6168507796067 25.5872818873479 24.8967216198261 25.7362048809345 26.3312249550453 26.5087164365328 26.6045054655809 26.6458041851337 26.5585203904372 24.1494869085459 23.0952119093675 22.7520724076491 23.1852114750789 23.2321886649499 25.3099139286922 25.6556172004113 26.1228292905367 32.8114754603459
7.62738126057845 7.19024223547715 7.06305024543634 8.70547359608687 5.85288011110746 5.26435239555744 5.00148144135108 7.19047624331254 6.79689818162185 4.28629673329683 4.903161076399 6.32242703437805 7.36541405090919 10.462068264301 10.2490989061502 12.4543692515447 15.1014447579017 17.1388878455529 18.0452274909386 18.7506421896128 19.9144361936129 21.38790673476 22.1803270486685 22.5336696918194 25.0292540330153 25.2537964307345 25.6847883371206 25.8993421701285 27.0606883122371 26.5115149571345 26.3906995333158 28.13299707266 28.1574434133676 28.9933688823993 29.7735503270076 29.8337154388428 29.9196896186242 29.1567765749418 29.3423495659461 28.7399787902832 29.0227030240572 28.7087860107422 27.558375285222 27.2019552084116 27.7258325723501 28.1056449596698 27.9834496424748 28.0593368823712 26.9722656836876 28.8363584371713 28.9933671217698 28.2667698493371 28.426650927617 29.0379445002629 26.398130270151 25.6850713583139 27.9254567072942 28.8816070556641 26.5146632561317 24.0033952272855 22.6718554129967 26.1811717106746 26.578745328463
7.59245479106903 5.88483894788302 5.25953267170833 5.80072921973008 7.39545645163609 8.11616273109729 5.62033585401682 2.19475052958856 8.04861840834984 3.91275394535982 3.15212642573393 4.5458865074011 6.36747765541077 8.38403383126626 15.2399117396428 16.0583486557007 17.7353020447951 20.856619321383 20.0866732964149 20.1473049750695 20.089919090271 21.3407710148738 21.7401500115028 23.2073866770818 22.9359755149254 22.2324696320754 24.7839451569777 26.5333734659048 26.1382786677434 27.5660799466647 28.1375772036039 26.8763333834135 27.7033059046819 28.9093425457294 29.2318261953501 29.5911568861741 30.0088525918814 30.3960431905893 30.640776854295 30.8492701603816 30.2968298105093 29.2832503685584 30.0660390120286 29.8328115023099 30.3999755565937 30.7319617638221 30.4797348609337 30.4507013467642 29.2476322467511 30.0484312497653 31.4273777008057 30.6934512211726 31.7230180593637 31.1983357943021 30.3232040405273 30.5329774709848 31.4319463876578 32.2813896766076 29.3805996821477 30.3060723818265 27.5608073014479 26.2608107053317 25.93094092149
8.59813286707952 9.3815332192641 10.0116032086886 10.5387365267827 8.1484222692939 5.39218924595759 3.98787398464405 4.07920153324421 4.81919517883888 7.68283118651463 6.33701088566047 10.3025905535771 12.3026859210088 10.4854609416081 11.7645466327667 11.6483921729601 12.1390486130348 13.9231952428818 15.6384228926439 18.6316384168772 18.8273945588332 24.1629173572247 25.002292412978 25.0442163760845 22.3415882404034 17.1953409268306 17.1934457558852 17.4636358481187 19.3195234445425 24.7391894413875 26.2591303311861 26.2222973750188 26.5508449994601 29.0263711489164 30.751615524292 31.6519305889423 32.5751372117263 31.7110234774076 34.9921875 33.6539387336144 33.1033235696646 33.5541819058932 33.1122282468356 33.2479085188646 31.3887778062087 30.5471159128042 29.9345277639536 31.1692394843468 29.549196096567 25.0409865746131 26.3332164470966 29.4516443105844 33.5764243786152 33.8206916222206 35.7513402792124 33.4778732886681 30.6325602898231 31.0591504023625 31.7856954427866 32.839986214271 33.8103869511531 33.2999718005841 34.622752556434
10.1503573931181 10.4981781152579 11.5428162354689 11.089413862962 10.303987466372 7.55287785254992 7.14922123688918 4.98062035670647 3.12110400658387 2.76475281268358 6.57643005481133 10.9767033136808 12.4444519923284 10.8398070518787 9.87695304705546 10.3364811264552 9.18415278654832 9.54239812264076 10.6542950433034 16.4691634361561 19.0182716663067 21.794897886423 22.6842371867253 22.5853823148287 21.1341190338135 20.0240854116587 16.8122287896963 17.9972645319425 20.1794920701247 23.895485657912 24.3973468633798 26.0758810776931 26.502522615286 27.8258967766395 31.1989671266996 33.2193949772761 34.0107976473295 34.7389018719013 34.0095712221586 35.911670097938 36.2591563004714 33.256279872014 32.9728505061223 32.045074903048 31.9526728116549 30.195161819458 29.561713878925 31.7000946631798 29.1656541090745 26.6120812342717 27.1474123734694 29.3087938748873 32.688990519597 34.6245592557467 37.2073917388916 34.9685356433575 33.5911138974703 34.6098635746882 35.0810485252967 37.8210224738488 35.5766287583571 34.6764878493089 33.8407360957219
4.32707305596425 7.44159926817967 8.39495922968938 8.59606306369488 8.77101054558387 8.62082602427556 8.39300610468938 7.32505035400391 6.29507798414964 5.09774100780487 3.0959400832653 5.16613251429338 7.21746725302476 9.7163176719959 13.9230280289283 15.1439303251413 14.5850115189186 11.126451749068 9.26505936109103 7.36195560602041 11.5545010566711 11.7664048075676 11.231289102481 15.3920501195467 19.3923496833214 25.3830170264611 25.6739284808819 27.5079473348764 28.0865207085243 25.4587603348952 25.3058403455294 25.9130303309514 27.0865275309636 30.0216488471398 33.7223261319674 34.5323976370005 34.0385120098407 32.9572844872108 34.2397906963642 34.2045977665828 35.9703882657565 31.8668974362887 28.5249652862549 28.6388034820557 30.3345446953407 30.3691932971661 27.661708685068 26.7314379765437 30.1708726149339 32.5981944157527 31.7560882568359 32.0292213146503 32.5565220759465 36.0165662031907 38.633046076848 39.7913627624512 38.4281745323768 40.1309432983398 39.7125583061805 39.1980405954214 38.0824612837571 35.8562068939209 33.2683954972487
5.96940266283659 7.52781198574946 7.77501735320458 9.56747249456552 8.45088821191054 6.37535409743969 5.711074755742 5.96158854777996 5.57752889853257 3.94327509403229 4.70717670367314 3.09428783448843 3.50732514491448 5.70902211047136 9.76915895021879 13.9475614841168 17.2027089779194 16.8211551812979 16.2266833231999 16.3722850359403 12.7013154029846 10.3595708333529 10.2947653715427 11.6885537092502 16.7926061336811 20.478460752047 21.3302565354567 23.3063609783466 26.0346452272855 26.9896687727708 29.0673897082989 28.6304473876953 30.2554071866549 31.1798380338229 33.5289563399095 32.0683430891771 33.4345892392672 30.5175373370831 28.7914660527156 27.3932645504291 27.3627863663893 29.2178943340595 28.9455607487605 28.3656108562763 29.6006682469295 29.5637189424955 30.4886597853441 30.6603773557223 32.6967496138353 32.6662716498742 31.9212358914889 29.8181048173171 29.3501937572773 34.0769351078914 40.1391211289626 38.3882663433368 37.7050486344558 38.6026322291448 36.5205541757437 34.0862837571364 32.1545015481802 26.1373512561505 19.7902458631075
7.89964223825015 8.29270238142747 8.00187543722299 8.28935933113098 8.57220539679894 9.54386263627272 6.29836894915654 5.84959033819345 4.8766638315641 6.28431996015402 5.30552384486565 4.2960787828152 4.9652021252192 6.42020501998755 6.33251782564017 9.41735003229517 11.8838701614967 17.9600004783043 17.9196651898898 20.7020178574782 21.2605222555307 23.3548231858474 21.1586028612577 18.40553687169 13.7134751723363 13.8657136697036 15.1891141304603 16.8396072387695 21.9877686867347 27.8262380453256 30.8187964512752 33.3521534846379 32.807676755465 31.748348236084 31.5621581444374 30.0636920928955 30.3721354557918 28.8814210158128 25.4038934707642 22.7043496645414 21.3747565929706 27.8700372255765 32.1425986656776 30.0905104417067 27.3568135775053 28.8867278465858 35.7179307204026 38.5168575873742 36.8837074866662 33.1541277078482 29.8346705803504 25.8681292167077 25.5656731678889 29.3588994833139 38.3448703472431 38.2229216648982 37.0941954392653 36.7799890958346 34.5374557788555 27.290616108821 22.5095992455116 12.6374239187974 10.0744934070569
9.66848190014179 11.5962045742915 10.5556243749765 10.1602645287147 6.80182641286116 6.95820249043978 7.66823284442608 8.51619188602154 10.2286537610568 11.7557636407705 8.4917153945336 7.98648405075073 6.35561521236713 6.58819819413699 5.99690824976334 8.40435968912565 16.0722070840689 11.5225334901076 14.8984453494732 15.8164501923781 12.5599275735708 11.4386764489687 11.7657581659464 22.5420767710759 20.4099195920504 16.4406246772179 15.4298971249507 16.0342398790213 16.416176539201 22.7443043268644 23.2629223236671 32.1514188326322 37.8303819803091 36.3056464562049 33.1416659721961 29.9687926952655 26.2530705378606 25.3074184564444 26.6944417219896 28.8162527817946 32.6860030247615 35.2373202397273 34.8591805971586 35.3363000429594 32.4465973193829 31.5370493668776 30.6534498654879 32.3286608182467 34.3231434455285 33.4529920724722 35.7686116145207 36.8893095163199 37.5077171325684 34.1857508145846 32.0501968677227 29.7455054063063 26.6088355137752 27.9157881369958 23.2643620417668 16.1738371298863 12.811007641829 10.8964275259238 10.3366033148307
10.3786175434406 11.5866790184608 11.0907507309547 8.79814793513371 7.87989552204426 8.79415926566491 8.40844799922063 9.90687762773954 10.2115761683537 12.2761195989755 11.1001555002653 12.0889504506038 10.7990789413452 10.5708394417396 8.65331119757432 10.0099441821759 10.5264408038213 12.0219345459571 15.3582563400269 16.9563126930824 14.0291162637564 15.1047721275916 11.493855549739 13.7759085435134 20.042833841764 22.7482103201059 21.8187492077167 21.4639568328857 20.4600002949054 18.0892387628555 22.3126927522513 33.4632299863375 41.4232135185829 38.2453114436223 32.4959888458252 31.0167121887207 27.7965431213379 27.3221577130831 32.5831212263841 33.9139875265268 35.7063918480506 36.4220504760742 37.5560258718637 36.8980148021991 37.0013414529654 35.1100752903865 28.8524272625263 24.753002166748 24.0314832100501 26.864539880019 30.3735562838041 33.1461878556472 34.999635549692 31.0885589306171 27.4234631611751 23.9222439252413 21.5131669411292 21.0040090267475 18.2131955440228 13.9301286660708 13.2461893650202 13.0176942875752 12.0621183193647
13.1772201244648 12.4941190206088 12.6624467556293 12.6603166873638 12.4641157663785 10.142621590541 10.1335797309875 9.08949507199801 8.5066032409668 8.28405519632193 10.1824314777668 11.0011072892409 11.7631475008451 14.4877720612746 13.3519328924326 14.533489887531 7.51007053485283 5.94575106639128 11.3950144327604 20.7759964282696 22.3960013756385 19.7396335601807 19.2097993263832 15.0687782947834 11.5999218867375 13.5226418788616 19.9871303851788 27.7270949437068 26.015387901893 21.9986171355614 22.6519587590144 30.6608225015494 38.7993859511155 35.0780683664175 29.4366201987633 28.5769953360924 32.5774461306058 35.3530546335074 40.830050101647 40.8014574784499 38.5695651127742 35.0561667222243 33.4155417222243 32.2354687910814 37.2012205857497 33.0390184842623 27.1283895052396 24.2242398628822 17.7875849650456 12.2061310754373 12.7692825461809 16.6236374561603 19.9674592018127 22.5308854763324 22.5424661636353 20.2363205322853 16.5923676742957 18.5325516032485 22.9215215536264 24.4019506894625 24.302753668565 21.1242202978868 17.0391111763624
15.4027075400719 14.9034521396344 15.2445312646719 15.1084741445688 14.8142407490657 12.7707861020015 10.760880616995 9.23878148885874 8.91771477919358 7.49511993848361 7.20151527111347 7.78961407679778 8.95778822898865 9.79230196659381 14.6609469193679 13.8417195540208 12.5315065383911 12.6265403674199 11.0348049860734 15.069602232713 19.3337089098417 22.683125275832 21.1010774465708 18.3490359966572 15.0834642556997 15.6283079660856 20.4253926643958 23.8558505865244 23.322397672213 25.0165720719558 25.8474846619826 26.1199299005362 25.5903936899625 31.3840192648081 35.0606654240535 32.8658667344313 37.8606878427359 35.9764791635367 36.8224914257343 33.8746368701641 32.6792703775259 33.5079006781945 30.8603342496432 30.6558952331543 31.6474285125732 30.5639073298528 20.2971731332632 12.4096437417544 9.92553968269091 8.46997259671872 8.60939956169862 9.76168043796833 10.6855751596964 12.9830852196767 15.0462283079441 15.255193407719 13.9808091905255 13.6930332046289 15.4584733614555 17.8756342174915 16.8828211931082 17.633196253043 18.1739652523628
20.4072906787579 19.0404821542593 18.4521485842191 19.2767807153555 16.2584659869854 13.6138950861417 13.4580015035776 12.6987419495216 10.3235292067895 8.04426574707031 6.03795561939478 7.75205884529994 8.11943616316869 10.9697107443443 13.1244900043194 17.36082641895 19.4903394258939 19.0421418410081 18.0558949250441 13.3414443089412 14.6132019116328 17.7916972820575 21.4186837856586 22.2749445988582 24.3750066023607 23.0547460409311 17.9587220045236 20.0216519649212 23.725852232713 28.466469177833 29.2691720815805 22.5284811900212 18.923687347999 24.8715094786424 35.3177394866943 40.052582520705 33.7281739161565 34.8357655451848 33.6157841315636 30.3043669187106 28.3160847883958 31.4445862403283 30.3555875924917 29.1018295288086 24.0264343848595 20.4417053369375 10.4743439004971 7.78014716735253 6.91853088598985 7.37316016050485 7.77424808648916 7.84862842926612 9.21454889957721 10.8991903204184 11.9967108506423 12.3990790534478 13.8863864678603 13.7792780307623 15.3436476634099 16.8076507128202 17.7640665952976 20.3606460667573 22.1258237499457
20.2395023932824 18.9003185125498 19.2884987317599 19.6654228797326 18.2653609789335 16.0053567886353 13.9174177463238 14.302267734821 13.1519195850079 12.5834196530856 11.7831005683312 9.2284156863506 8.95624885650781 10.9696701214864 12.3388249965814 13.33748960495 16.7057406718914 17.5948027097262 16.3271083098191 12.9719857711058 12.5051036958511 14.9636655404018 19.5651666567876 25.0369020608755 28.2337825481708 28.8091099078839 21.6252075342032 18.6492639321547 20.0678270413325 26.6715893378625 31.9957626049335 34.2549077547514 33.9970211615929 39.5046310424805 48.3970397068904 45.8311968583327 43.9141515585092 42.2771109067477 39.8364125765287 36.1040198986347 31.743105668288 29.0776089888353 27.6846141815186 19.5145861185514 11.2707414948023 7.90416502035581 6.9173201414255 6.51298555961022 6.34029094989483 7.10690314953144 7.48969524181806 9.87428885698318 13.6270157740666 13.0785299333242 11.9457293542532 13.0253170086787 16.3910495868096 19.9048200662319 24.0201791249789 28.6888129160954 34.0812751329862 38.4493901179387 42.012279510498
20.2131793682392 19.5359208033635 19.0484597132756 18.796090052678 17.709179511437 15.728890639085 15.3837600121131 15.8332107984103 15.3977600977971 16.6851904942439 14.8725005663358 13.2052954893846 8.8257789841065 9.89297362990104 10.9861918541674 11.3062824331797 14.2441937740032 16.1841156299298 15.3514596132132 12.831939302958 14.0701980957618 15.3119214933652 16.3111905684838 21.5580328427828 29.5107794541579 30.9223848489615 24.101540345412 22.0651202568641 21.64980334502 26.9399247536292 33.0537190804115 36.1078012906588 34.9132490891677 39.2802668351394 39.7616304250864 39.0420637864333 46.2121866666354 47.5229591956505 42.2693613492526 34.9239594386174 25.8769570864164 18.8644970013545 13.315785374779 10.7501475994404 7.78349930277238 7.08020186424255 7.12215042114258 7.44144678115845 7.32946179463313 8.02921090676234 9.43226063709993 12.4564406963495 15.4592458789165 14.3548883795738 12.6899586755496 14.8880425852079 22.0877413978943 -9999 38.5113801222581 46.9490896371695 54.0037474999061 54.3736325777494 56.5514702430138
