rasters/bioclim/bio19.asc
NCOLS 720 
NROWS 300 
XLLCORNER -180 
YLLCORNER -60 
CELLSIZE 0.5 
NODATA_value -9999 
[rows 28 to 55 of 300, columns 441 to 503 of 720]
-9999 -9999 -9999 -9999 -9999 -9999 -9999 -9999 -9999 -9999 -9999 -9999 -9999 -9999 -9999 -9999 -9999 -9999 -9999 -9999 -9999 -9999 -9999 -9999 -9999 -9999 -9999 -9999 -9999 -9999 -9999 -9999 -9999 -9999 -9999 -9999 -9999 -9999 -9999 -9999 -9999 -9999 -9999 -9999 -9999 -9999 -9999 -9999 -9999 -9999 -9999 -9999 -9999 -9999 -9999 -9999 -9999 -9999 -9999 -9999 -9999 -9999 -9999
-9999 -9999 -9999 -9999 -9999 -9999 -9999 -9999 -9999 -9999 -9999 -9999 -9999 -9999 -9999 -9999 -9999 -9999 -9999 -9999 -9999 -9999 -9999 -9999 -9999 -9999 -9999 -9999 -9999 -9999 -9999 -9999 -9999 -9999 -9999 -9999 -9999 -9999 -9999 -9999 -9999 -9999 -9999 -9999 -9999 -9999 -9999 -9999 -9999 -9999 -9999 -9999 -9999 -9999 -9999 -9999 -9999 -9999 -9999 -9999 -9999 -9999 -9999
-9999 -9999 -9999 -9999 -9999 -9999 -9999 -9999 -9999 -9999 -9999 -9999 -9999 -9999 -9999 -9999 -9999 -9999 -9999 -9999 -9999 -9999 -9999 -9999 -9999 -9999 -9999 -9999 -9999 -9999 -9999 -9999 -9999 -9999 -9999 -9999 -9999 -9999 -9999 -9999 -9999 -9999 -9999 -9999 -9999 -9999 -9999 -9999 -9999 -9999 -9999 -9999 -9999 -9999 -9999 -9999 -9999 -9999 -9999 -9999 -9999 -9999 -9999
-9999 -9999 -9999 -9999 -9999 -9999 -9999 -9999 -9999 -9999 -9999 -9999 -9999 -9999 -9999 -9999 -9999 -9999 -9999 -9999 -9999 -9999 -9999 -9999 -9999 -9999 -9999 -9999 -9999 -9999 -9999 -9999 -9999 -9999 -9999 -9999 -9999 -9999 -9999 -9999 -9999 -9999 -9999 -9999 -9999 -9999 -9999 -9999 -9999 -9999 -9999 -9999 -9999 -9999 -9999 -9999 -9999 -9999 -9999 -9999 -9999 -9999 -9999
-9999 -9999 -9999 -9999 -9999 -9999 -9999 -9999 -9999 -9999 -9999 -9999 -9999 -9999 -9999 -9999 -9999 -9999 -9999 -9999 -9999 -9999 -9999 -9999 -9999 -9999 -9999 -9999 -9999 -9999 -9999 -9999 -9999 -9999 -9999 -9999 -9999 -9999 -9999 -9999 -9999 -9999 -9999 -9999 -9999 -9999 -9999 -9999 -9999 -9999 -9999 -9999 -9999 -9999 -9999 -9999 -9999 -9999 -9999 -9999 -9999 -9999 -9999
-9999 -9999 -9999 -9999 -9999 -9999 -9999 -9999 -9999 -9999 -9999 -9999 -9999 -9999 -9999 -9999 -9999 -9999 -9999 -9999 -9999 -9999 -9999 -9999 -9999 -9999 -9999 -9999 -9999 -9999 -9999 -9999 -9999 -9999 -9999 -9999 -9999 -9999 -9999 -9999 -9999 -9999 -9999 -9999 -9999 -9999 -9999 -9999 -9999 -9999 -9999 -9999 -9999 -9999 -9999 -9999 -9999 -9999 -9999 23.1581518191558 23.4694300523171 23.4863721499076 -9999
-9999 -9999 -9999 -9999 -9999 -9999 -9999 -9999 -9999 -9999 -9999 -9999 -9999 -9999 -9999 -9999 -9999 -9999 -9999 -9999 -9999 -9999 -9999 -9999 -9999 -9999 -9999 -9999 -9999 -9999 -9999 -9999 -9999 -9999 -9999 -9999 -9999 -9999 -9999 -9999 -9999 -9999 -9999 -9999 -9999 -9999 -9999 -9999 -9999 -9999 -9999 -9999 -9999 -9999 -9999 -9999 -9999 26.6599308527433 27.7972743694599 29.0080606020414 26.7509033863361 27.8052702683669 27.9670280309824
-9999 -9999 -9999 -9999 -9999 -9999 -9999 -9999 -9999 -9999 -9999 -9999 -9999 -9999 -9999 -9999 -9999 -9999 -9999 -9999 -9999 -9999 -9999 -9999 -9999 -9999 -9999 -9999 -9999 -9999 -9999 -9999 -9999 -9999 -9999 -9999 -9999 -9999 -9999 -9999 -9999 -9999 -9999 -9999 -9999 -9999 -9999 -9999 -9999 -9999 -9999 -9999 -9999 -9999 -9999 -9999 26.3183229152973 26.7821056659405 28.8026885252733 28.1057241146381 30.1359470073993 30.2687643491305 32.0910233717698
-9999 -9999 -9999 -9999 -9999 -9999 -9999 -9999 -9999 -9999 -9999 -9999 -9999 -9999 -9999 -9999 -9999 -9999 -9999 -9999 -9999 -9999 -9999 -9999 -9999 -9999 -9999 -9999 -9999 -9999 -9999 -9999 -9999 -9999 -9999 -9999 -9999 -9999 -9999 -9999 -9999 -9999 -9999 -9999 -9999 -9999 -9999 -9999 -9999 -9999 -9999 -9999 -9999 -9999 -9999 -9999 26.1013239347018 25.7620446865375 24.227429830111 26.6673214618976 28.0232402361356 30.6956947033222 31.2623136960543
-9999 -9999 -9999 -9999 -9999 -9999 -9999 -9999 -9999 -9999 -9999 -9999 -9999 -9999 -9999 -9999 -9999 -9999 -9999 -9999 -9999 -9999 -9999 -9999 -9999 -9999 -9999 -9999 -9999 -9999 -9999 -9999 -9999 -9999 -9999 -9999 -9999 -9999 -9999 -9999 -9999 -9999 -9999 -9999 -9999 -9999 -9999 -9999 -9999 -9999 -9999 -9999 -9999 21.5535326886636 22.5684817066559 22.8571592477652 24.0081030680583 24.6000676338489 25.1853430821345 26.68553513747 28.6297765878531 31.1519426199106 33.0111023095938
-9999 -9999 -9999 -9999 -9999 -9999 -9999 -9999 -9999 -9999 -9999 -9999 -9999 -9999 -9999 -9999 -9999 -9999 -9999 -9999 -9999 -9999 -9999 -9999 -9999 -9999 -9999 -9999 -9999 -9999 -9999 -9999 -9999 -9999 -9999 -9999 -9999 -9999 -9999 -9999 -9999 -9999 -9999 -9999 -9999 -9999 -9999 -9999 -9999 -9999 -9999 -9999 26.1742838804538 -9999 23.8614548811546 23.0770134650744 23.6533623750393 25.2777696756216 26.3923727915837 28.7381321100088 30.1616877775926 33.268669128418 35.1925577016977
-9999 -9999 -9999 -9999 -9999 -9999 -9999 -9999 -9999 -9999 -9999 -9999 -9999 -9999 -9999 -9999 -9999 -9999 -9999 -9999 -9999 -9999 -9999 -9999 -9999 -9999 -9999 -9999 -9999 -9999 -9999 -9999 -9999 -9999 -9999 -9999 40.8694695601096 38.5676143444501 -9999 -9999 -9999 -9999 -9999 -9999 -9999 -9999 -9999 -9999 -9999 -9999 -9999 -9999 -9999 24.1068194462703 24.5378572757428 24.6331081665479 24.4819150062708 26.1078962179331 27.3747483766996 29.2531388356135 31.2873598245474 33.4025228940524 35.7159470778245
-9999 -9999 -9999 -9999 -9999 -9999 -9999 -9999 -9999 -9999 -9999 -9999 -9999 -9999 -9999 -9999 -9999 -9999 -9999 -9999 -9999 -9999 -9999 -9999 -9999 -9999 -9999 -9999 -9999 -9999 -9999 -9999 -9999 -9999 -9999 -9999 -9999 -9999 35.5006961455712 35.9244993283198 35.8492950456074 35.7880911093492 33.6327043496645 31.9398625295323 -9999 -9999 -9999 -9999 -9999 -9999 -9999 -9999 -9999 23.0883432168227 24.5642023751369 25.0644604701262 25.7949609206273 27.4338697286753 28.4120350617629 30.3854866027832 32.3419723510742 35.3303642272949 36.2258233290452
-9999 -9999 -9999 -9999 -9999 -9999 -9999 -9999 -9999 -9999 -9999 -9999 -9999 -9999 -9999 -9999 73.2427849402794 73.1391930213341 74.5801825890174 -9999 -9999 -9999 -9999 -9999 -9999 -9999 -9999 -9999 -9999 -9999 -9999 -9999 -9999 -9999 -9999 -9999 -9999 -9999 -9999 -9999 38.5545784876897 36.9430738962614 34.2869491577148 31.4525884894224 29.3269830850454 28.1393087827242 27.2026001123282 25.3092732246105 24.4193729070517 -9999 -9999 -9999 -9999 -9999 -9999 24.1863844211285 25.8485361796159 26.9408368697533 28.8036058866061 30.2393018282377 33.2625839526837 35.1077668116643 36.5963392991286
-9999 -9999 -9999 -9999 -9999 -9999 -9999 -9999 -9999 -9999 -9999 -9999 -9999 -9999 -9999 -9999 72.103088085468 71.2893647413987 -9999 -9999 -9999 -9999 -9999 -9999 -9999 72.1426344651442 71.1019204946665 -9999 -9999 -9999 -9999 -9999 -9999 -9999 54.5858738238995 51.1893659738394 48.7255711188683 45.5981653653658 -9999 -9999 42.0638680091271 38.651000059568 36.4817054088299 34.3118424048791 32.06447828733 30.6287151850187 29.539655648745 27.7837683054117 26.6226992515417 25.4137207911565 24.6231585007447 23.2610018803523 23.0980197466337 23.079912845905 -9999 -9999 -9999 26.7494230270386 28.3470341609075 31.6439364506648 32.3788568790142 35.3355576441838 35.5208163628211
-9999 -9999 -9999 -9999 -9999 -9999 -9999 94.1409495427058 93.2050520089956 88.5126524705153 83.4241397564228 75.0926419771635 -9999 -9999 -9999 -9999 -9999 -9999 -9999 -9999 74.3468132019043 78.0933515108549 76.7952710665189 75.145266019381 68.7632598876953 68.6490337665264 69.5634337205153 70.2556786170373 -9999 71.2695732116699 72.0176685039814 70.6240158081055 67.9831745441143 65.5518088707557 62.2797364455003 57.6637162428636 54.0288163698637 50.7742162851187 50.0677563593938 46.488830272968 44.0067597902738 40.4904804963332 38.408733514639 36.5673445188082 34.8085576937749 32.6988899891193 32.1943855652442 31.256227850914 30.8214021829458 28.91245167072 24.5260228377122 21.6965591907501 20.3236526342539 22.6541801782755 23.4763087492723 24.7172047174894 26.0413351792556 27.8873622600849 29.2453903785119 31.1305370330811 33.7947167616624 35.4656122647799 37.308530660776
93.6184076162485 -9999 -9999 -9999 -9999 -9999 -9999 89.1346012995793 86.6829514136681 84.9553956251878 80.9703116783729 -9999 -9999 -9999 -9999 -9999 76.6924579326923 73.9042868980995 71.5610028780424 73.3611103938176 72.4370343134953 73.8763281015249 72.7167062025804 71.8376693725586 66.8018534733699 64.8443970313439 69.0387191772461 71.4655659015362 72.3302245506873 71.9731932419997 70.4377872760479 71.2202321566068 69.7137747544509 67.611871279203 66.1777020967924 62.0120239257812 59.7064106280987 56.5263924231896 51.917842571552 48.7089768923246 44.5995880273672 41.9376947696392 39.3834844002357 37.1963820824256 36.7080859771142 35.8774171975943 34.4143338570228 33.4258018640371 33.0512541257418 31.4155490581806 25.6394747220553 20.9945970773697 19.863288292518 21.7357392311096 23.3609766960144 24.3696827521691 25.9251086161687 27.7604431005625 30.3652861668513 32.5280251136193 33.426459972675 35.6993007659912 37.3868609208327
110.109155508188 101.032812265249 -9999 -9999 -9999 -9999 80.0618597177359 92.1895857590895 88.6080061105581 -9999 -9999 -9999 -9999 -9999 69.6221074324388 76.0304534618671 77.0723612858699 73.9751167297363 71.8102094210111 71.5120010375977 71.7787669255183 72.2358548091008 71.9229190532978 70.6292533874512 69.9491342397837 67.6274983332707 70.1175909775954 71.8570556640625 72.4421034592849 72.2441262465257 71.8725236745981 71.9296543414776 72.6578210683969 69.8810204725999 69.9247697683481 66.543459378756 62.876408797044 59.371967462393 56.8715277451735 52.4043671534612 49.4729057458731 46.5361649439885 43.8244690161485 42.2710667756888 40.3867835998535 38.3888202447158 35.8771930107704 33.7644051703123 32.1954863621638 29.6112012129564 26.1441289828374 22.9961770681235 22.8290292666509 24.4202079772949 25.558010321397 27.9618436373197 28.1104328448956 29.5144063509428 31.6579060187707 33.6563582787147 34.9575060330904 36.4502249497634 40.1758751502404
122.88344339224 -9999 -9999 -9999 -9999 -9999 -9999 -9999 94.8329585148738 91.5847165034368 83.0619389460637 77.7241480900691 75.8242633526142 72.1343389657827 71.8617759117713 72.1405146672175 74.930539057805 73.6538608257587 72.2234561626728 72.1711246783917 72.4105600210337 72.1211219200721 71.0970335740309 70.522584768442 71.381275177002 70.427977341872 70.9504934457632 71.4163073026217 71.9044506366436 72.4993274395282 72.1888248737042 72.5407289358286 70.4131540151743 70.2664501483624 69.7758196317233 67.4409072582538 63.6529579162598 61.4373116126427 59.6951671013465 58.6872802147498 57.0958260756273 52.9034614562988 50.3030983851506 48.4560052431547 45.1947862735161 41.1634869208703 38.4485843365009 35.5275487166185 31.2651120332571 30.4064707756042 32.6495350324191 32.3966922026414 31.5052254750178 31.3255153069129 31.709686426016 31.3199025667631 31.5310007242056 33.8809331747202 35.1597761007456 36.5701609391433 37.9158005347619 40.3881296011118 -9999
-9999 -9999 103.587587796725 108.821645883413 104.999723581167 98.9354371290941 -9999 93.4520439734826 95.7655545748197 92.3220370366023 88.3511572617751 83.8234229454627 80.6380178011381 77.932262127216 77.151003910945 76.6257215646597 75.2849030127892 74.3191343454214 73.6140617957482 72.8920414264386 73.1447891822228 72.8047902033879 72.6280006995568 73.4473360501803 73.4758042555589 72.7436485290527 71.8839938823993 72.2628836998573 72.9721315824068 73.2864018953764 73.6414392911471 72.9908561706543 71.6546058654785 71.1265748830942 69.9871912736159 69.2911643981934 68.0140099158654 66.0850709768442 65.4120646256667 63.8591563885029 63.3283444918119 60.115693459144 54.9477484776423 50.0271719785837 46.8584389869983 41.2746198544135 40.3088631079747 39.6447723095234 39.0764462397649 39.3282051086426 38.0145067068247 39.4331713456374 38.5000956608699 36.5651007432204 35.6547723916861 35.2530987079327 34.8622907491831 35.5155903742864 37.0275041140043 38.984507047213 40.1734790802002 41.3008823394775 42.9586051060603
125.106951493483 123.966885199914 117.278678894043 115.933305593637 112.446593651405 107.979894784781 103.841208237868 95.3618172865648 92.2413899348332 91.9325391329252 92.8108262282151 89.1077684255747 87.0778512221116 82.466059758113 81.1049590477577 78.6100176297701 77.3842268723708 76.3476556631235 75.3059431222769 75.2596676166241 74.5041559659518 73.163581261268 73.5291243333083 76.6235556969276 75.6266588064341 74.6242702190693 73.6394500732422 73.8881680415227 74.5412940979004 75.3060924823468 75.3346228966346 74.6409571721004 73.8000256465032 72.6289942814754 72.1025292323186 71.0642309922438 69.8043977297269 67.548957824707 66.8164637638972 66.0090672419621 65.2316011282114 61.789637198815 55.4025501838097 49.164486004756 46.1195113475506 45.4097715524527 45.5732418940618 44.2338027954102 45.0586201594426 43.2407773824838 41.8982323866624 40.972318649292 41.2132776700533 40.0965810922476 38.5227014101469 37.5493768545297 36.3475396082952 37.0790833693284 38.1004601992094 40.1001702822172 40.6801028618446 42.3292237795316 43.2799535898062
139.166096027081 135.35281254695 122.624908447266 123.453502361591 118.464796213003 111.591227017916 104.851234436035 98.0157963679387 93.2671590951773 92.6054892906776 92.9747607891376 90.4462817265437 89.2041285588191 89.5224720881535 86.7400242732121 83.2156838637132 79.9073991041917 76.0452907268818 74.2773745610164 75.1019254831167 73.9782304030198 74.7095254751352 75.6051600529597 76.1072199894832 73.4594453664926 73.4571712200458 73.5435573871319 74.2032174330491 75.9854762737568 76.3598339374249 75.1843021099384 75.0166485126202 74.7509530874399 74.4277405372033 75.5596411778377 77.007013971989 78.4271392822266 73.8403791475754 65.3496604332557 58.4927519284762 52.9699834676889 48.5639507587139 49.4471080486591 50.1526530339168 48.4280829796424 48.7571569589468 47.2302348797138 46.5777910672701 45.7484312791091 44.8810410132775 43.3835296630859 41.0310379908635 41.6980084639329 39.6088416759784 39.65111717811 39.0571460723877 38.8116861490103 39.0758367685171 40.4158721336952 41.9653314443735 43.6091178013728 44.7017097473145 48.0870552062988
123.356082035945 127.856186206524 124.060690659743 114.413235591008 117.314950209398 112.860178433932 107.183927095853 100.554421058068 98.7650205172025 98.0519702617939 95.461050767165 94.895498422476 94.3825977032001 93.8292033855732 89.8142879192646 85.8518987802359 81.708193558913 79.6593472407414 78.637023632343 76.3398305452787 76.1574137761043 74.5321526160607 75.5525098947378 76.6368502103365 75.0876532334548 76.1586588346041 76.6759790273813 77.3721551161546 78.6089501014123 78.8358057462252 77.8383844815768 77.7393942612868 78.0365095872145 78.4697708716759 80.1063773815448 81.5371030660776 78.1525767399715 72.6679410934448 65.174774316641 57.1180512354924 52.1065004788912 48.512111223661 48.1143844311054 49.8056353055514 49.4433323786809 50.1503266554612 47.9282663785494 47.5620262439434 45.7487059373122 45.5126105088454 44.4909873375526 44.5385268284724 43.5591994065505 41.934198819674 42.5441441169152 41.8433515108549 42.2450379591722 43.1399635901818 44.2687157850999 46.1696315178504 49.1956282395583 51.0099795414851 53.8395946209247
125.440384498009 134.621550339919 125.954535264235 118.666799105131 119.183070843036 115.123174227201 110.30243565486 103.02352142334 99.9139615572416 103.113487243652 100.942046532264 97.1289171072153 95.0635346632737 93.1963829627404 93.2503418555627 87.8003768920898 85.0351685744066 83.3051643371582 81.4386420616737 79.8222932081956 79.0958868173452 78.9078196012057 79.329093346229 78.2216148376465 78.105354309082 78.7379584679237 78.1927044208233 79.0486274132362 79.7299869243915 78.5187718318059 78.2956498953012 76.6731150700496 79.9385775052584 82.37823339609 82.8539625314566 82.2975111741286 79.6857716487004 70.0960634671725 61.9994630080003 56.7853170541617 54.2978860414945 52.010339150062 52.0997198545016 51.9180691058819 52.3633381770207 50.4758608891414 49.2413737957294 46.0503468146691 45.1328958364633 45.8577293982873 46.810497870812 46.5196565481333 45.3495311737061 43.4658536177415 44.3754020104041 45.6769093733567 46.0089398897611 47.3758568396935 48.9991214458759 51.9668279794546 54.2719571040227 56.6228267963116 59.7283630371094
118.64545910175 121.44603729248 117.789358872634 114.796313359187 111.935707679162 113.836476252629 112.053861764761 111.877004770132 109.996128375714 107.036562992976 105.15129500169 102.017683175894 98.2990370530349 94.6762918325571 93.4654899010291 90.755607018104 89.680547274076 87.8650119488056 83.737539438101 83.9614750788762 82.0535568824181 83.1473840566782 84.1385363065279 82.5514811002291 83.2445596548227 81.9399255605844 81.6035455557016 83.1312323350173 84.5434567378118 82.2925940293532 81.7139739990234 81.0722348139836 84.8278221717248 86.5886895106389 85.2573385972243 84.5154668367826 80.9136601961576 71.4694683368389 63.2716243450458 58.1940080202543 57.8371984041654 54.1301624591534 51.1705442575308 51.1583131643442 51.1430423443134 48.8188391465407 48.120200083806 48.3121384840745 47.1872696509728 49.3817391028771 49.5188017625075 49.2609926370474 47.6007088881273 46.8151732224685 46.547128530649 48.3126580164983 49.004327920767 50.0738044151893 52.2367354172927 54.3915493304913 58.0818578279935 60.8755631080041 59.5949566180889
115.114961477426 109.121139526367 107.400735121507 105.915390601525 111.458540109488 112.711978618915 116.584946265587 111.850514925443 110.084375821627 108.02666414701 103.246919485239 101.316828214205 101.883976862981 99.7238077016977 97.6220397949219 96.0755345271184 93.5329061654898 91.3441514235276 88.2034143301157 85.2939473665678 85.4434054448054 85.5451504633977 85.8529842083271 85.443364070012 86.8363791245681 86.2131010202261 86.850582416241 87.3441038865309 89.6307179377629 88.7114011324369 88.8923788804274 88.6128475482647 90.1332773061899 92.2598037719727 91.1761602255014 89.203182220459 83.9863075843224 76.684077336238 67.5176074688251 64.5216284531813 61.0745262732873 56.7144361642691 52.808711712177 51.5983487642728 50.7677914546086 50.8401266244742 50.437022282527 50.1383411700909 52.0360374450684 51.6823991628794 52.6670655470628 52.3754759568435 51.6881088843712 50.5323304396409 49.7492435161884 51.4562961871807 51.9514553363507 53.8193124624399 56.2072733365572 57.1683601966271 60.3278556236854 60.0674473689153 60.1612983116737
117.382534907414 110.939834594727 105.999403146597 102.352877103365 102.158392099234 102.060830923227 106.136903029222 110.744585477389 111.121236947867 109.697475726788 105.895288907565 104.542821443998 104.366218566895 102.802653972919 101.33055466872 98.6807896540715 97.7274915255033 96.9066637479342 91.2349771352915 90.0066874577449 87.1606621375451 86.5285879281851 86.9153410104605 88.1995708759014 89.4088340172401 89.3300006573017 89.2672855670636 91.6872300368089 92.4323275639461 92.5897345909706 93.8257839496319 94.0603402944712 95.6367134681115 98.4099124028132 95.9070639977088 93.7429915208083 90.4282220693735 80.4918597294734 71.610721881573 67.0695272592398 62.7701360262357 59.4950241675744 55.0082215529222 54.0887131324181 52.2151251572829 52.239440037654 52.5787107027494 52.6878377474271 52.0459852952224 52.6031643794133 54.2382953350361 54.8977426382212 52.8382104726938 52.5296692481408 51.9786934485802 54.6697100125826 54.401848426232 55.1475721505972 55.901606633113 57.5497738764836 57.7720363323505 57.1749760554387 57.2423362731934
118.329466599684 122.964272132287 117.351577171913 106.542081392728 99.2498444777269 101.686298076923 103.244960491474 111.34822845459 109.55772282527 106.76908991887 105.595261206994 104.183971698468 104.570415790264 103.712081322303 103.908893291767 103.750772329477 102.667828486516 100.782838087816 97.1467484694261 92.4977792593149 89.4155358534593 86.9869455190805 87.0176244882437 89.4007935157189 91.1223079974835 92.5702567467323 94.511231642503 95.4217153695913 96.6074623694787 98.7507887620192 98.6903305053711 100.776794433594 101.024500920222 103.477792299711 101.182667658879 100.203970102163 95.4586099477915 83.3123870262733 74.6423263549805 67.9146543649527 62.6927607609675 58.5019050011268 57.0244750976562 56.8260257427509 55.0005871699407 54.9487780057467 54.9873680701623 55.9705625680777 56.0923731877254 55.9154413663424 56.6182858393743 56.2813248267541 53.9975462693435 54.2212093059833 53.5390217120831 54.779533973107 56.1746647174542 54.5272894639235 55.1797992999737 56.3426962632399 56.0282971308782 55.6963973412147 56.0595541733962
