rasters/bioclim/bio18.asc
NCOLS 720 
NROWS 300 
XLLCORNER -180 
YLLCORNER -60 
CELLSIZE 0.5 
NODATA_value -9999 
[rows 84 to 111 of 300, columns 378 to 440 of 720]
312.071591890775 346.095020000751 394.514829195463 417.00919518104 396.691979041466 395.711061917818 422.819577730619 496.788813664363 525.696603628305 552.742565448468 514.929419884315 464.027179424579 449.230370154748 420.558466984675 320.747075007512 251.223814744216 214.837929358849 194.150443443885 187.221243051382 197.869889479417 194.040355975811 200.293810330904 204.323395949144 209.637927715595 217.202284592849 218.962155855619 217.338645348182 213.848189133864 262.409797081581 322.611824622521 343.71783212515 366.54455096905 324.736224834736 287.216745229868 243.822022658128 228.408416748047 216.808231060322 213.009465144231 207.134852482722 202.785864023062 198.73346886268 196.57712496244 189.869301429162 184.406435452975 182.610694298377 176.014825674204 176.357221163236 172.735774113582 166.586357703576 160.666914719802 151.89394906851 144.535248389611 146.933487525353 159.686595036433 166.292955838717 164.966097318209 158.171606210562 154.189557589017 154.472935603215 160.076116708609 160.114181518555 162.012388962966 158.961387047401
437.650756835938 501.869706373948 547.641500619742 507.930194561298 461.095287616436 450.177922175481 451.713409423828 474.711782602163 502.539001464844 527.207599346454 532.721299391526 495.24461716872 438.274876521184 385.168682391827 328.852177546575 267.365525465745 221.876207791842 209.058269794171 187.228248009315 171.739500779372 171.648773193359 178.582581740159 183.652189988356 193.95048053448 202.27828509991 205.964685293344 219.309794499324 247.532201913687 256.975589458759 282.322999220628 288.668783334585 322.530347383939 343.817239614633 319.323513324444 255.727971003606 228.646194458008 229.009712806115 229.31124995305 208.607176560622 196.766155536358 181.3552539532 179.00971867488 171.887275108924 167.946939321665 167.536395733173 162.211039616511 163.618897658128 164.607465303861 158.67422250601 148.724185650165 136.600415743314 131.418219933143 138.272099421575 147.338360126202 166.338204017052 163.224729097806 156.133811363807 148.510469876803 152.042689396785 151.707716721755 153.615209726187 158.265772892879 159.519862248347
635.945176344651 586.111196664663 572.283944936899 498.607759915865 446.521477332482 418.796105018029 408.656275822566 430.956927959736 467.966557429387 506.15584388146 455.906684288612 453.44577730619 419.626530573918 361.374957744892 304.837458683894 266.652910672701 238.409561157227 212.332513662485 190.643715491662 176.909825251653 173.787804236779 182.765464195838 179.729167057918 187.364904550406 193.360740074745 204.56763282189 242.635469876803 304.6240234375 308.146714430589 244.84129685622 246.047284639799 272.805056058443 316.82177734375 312.397334172175 292.270278930664 230.392385629507 228.518373929537 227.652688833383 200.690174983098 188.584817739633 171.995376586914 158.231371366061 150.46996483436 143.50789466271 151.131781944862 157.115300105168 167.930953979492 164.852577796349 150.579556978666 133.283861013559 121.55036515456 120.252265343299 124.401685274564 126.423617436336 138.182029724121 146.781071589543 147.024446927584 152.189967228816 152.540414663462 159.22353891226 162.220440204327 160.180310762846 163.348248995267
531.976696307843 556.834817739633 501.943185659555 446.534977839543 371.706157977764 378.377392108624 385.859137901893 410.522106464093 494.042907714844 484.452897291917 479.05905855619 451.526611328125 443.898237961989 366.205568753756 324.930455134465 277.806389441857 250.887372530424 225.708557128906 204.858540461614 194.741540762094 188.284113957332 189.455480722281 184.368364774264 191.9202540471 195.900604248047 221.649057241587 254.606405404898 293.890500582182 346.165318415715 260.443291297326 249.520731999324 250.98083613469 271.493452805739 271.668005136343 272.741602971004 240.58791410006 218.235666128305 208.68327331543 189.823087252103 175.671369112455 159.798116830679 143.60931455172 -9999 -9999 -9999 -9999 174.766074547401 164.371998713567 144.428970336914 123.436565692608 112.118983928974 107.58522444505 134.846515362079 136.603272658128 142.31014251709 147.84004680927 152.463114811824 151.771965613732 162.376147930439 163.22433589055 167.519305889423 169.261604895959 172.900473961463
328.892202524038 316.834462092473 324.748469426082 298.53783592811 276.126165536734 263.855233999399 266.684045644907 281.603902963492 -9999 359.80281653771 417.870373065655 416.016451322115 405.241241455078 336.65969144381 307.01892559345 285.270871675932 280.558559711163 255.147203885592 225.491212111253 213.897713294396 202.250077467698 198.881171593299 192.631171593299 196.264467679537 201.34952721229 219.839662992037 282.074939434345 302.808051476112 304.261495736929 368.666041447566 293.74007826585 313.672948983999 281.57610144982 265.960895244892 287.279272226187 271.136063795823 204.301183847281 190.901573768029 175.961195725661 160.912303044246 139.58892763578 118.599420400766 -9999 -9999 -9999 -9999 -9999 -9999 141.309830885667 127.417553241436 115.59770496075 108.86125769982 131.415225689228 136.370729886569 141.543620182918 146.362741323618 152.06318957989 153.675954965445 171.603068425105 172.991560715895 174.257576575646 180.138450035682 182.535534198468
206.320620023287 198.743242703951 183.338823758639 176.665282029372 180.805300199069 185.3651169997 -9999 -9999 -9999 257.027624276968 297.734907883864 363.510631854718 380.573573185847 335.349785437951 319.683544452374 306.562842735877 306.087176983173 283.436272254357 255.655293391301 242.789361807016 225.809708815355 216.408493041992 203.907710148738 204.754070575421 219.263671875 261.437165480394 323.771889319787 404.571594238281 314.118106548603 347.708404541016 315.415036714994 323.55915245643 345.199674166166 323.350182166466 256.570995624249 228.569447444035 192.413135235126 174.034663273738 165.237241304838 150.174897413987 122.143384493314 -9999 -9999 -9999 -9999 -9999 -9999 -9999 138.995120708759 131.004429156964 123.537842970628 117.228698730469 113.775813762958 115.597783015325 119.393006544847 130.423412616436 147.050227238582 163.608372614934 178.514350304237 181.149020855243 185.981175349309 195.55180476262 204.387546245868
227.781106802133 182.665024977464 156.986128586989 142.646965026855 143.789617685171 -9999 -9999 -9999 -9999 -9999 -9999 299.207599346454 318.203371488131 322.415499173678 312.138653094952 315.505284236028 309.671231783353 291.517012376052 273.477337176983 282.540441659781 238.851648183969 221.360436072716 216.257805457482 224.412618783804 229.160220806415 261.290704580454 276.506195068359 239.561508178711 223.778211153471 232.372923630935 234.663840660682 243.174930279072 241.599021324745 226.050869281475 212.121822650616 196.744154710036 185.736512404222 164.854079026442 147.97007047213 130.892223651593 -9999 -9999 -9999 -9999 -9999 -9999 -9999 -9999 -9999 128.806516794058 142.305360060472 -9999 -9999 -9999 -9999 -9999 -9999 177.025272075947 196.85290644719 213.089842576247 220.013532198392 232.823140070989 237.913164578951
-9999 144.333555955153 164.491188636193 152.900166438176 142.920311560998 138.072303771973 140.671367938702 -9999 -9999 -9999 -9999 -9999 207.954749474159 245.85799231896 285.551957350511 299.595991868239 286.189217200646 299.708212045523 281.044708251953 292.352636483999 288.471123328576 279.934293306791 259.936616163987 242.187384972206 229.959823608398 269.349893423227 231.605280949519 189.053660466121 197.409827599159 207.423209557166 225.142741276668 230.951644897461 230.887960580679 223.687022282527 208.676332913912 193.783194908729 181.720287616436 156.560591477614 127.744451669546 -9999 -9999 -9999 -9999 -9999 -9999 -9999 -9999 -9999 -9999 -9999 -9999 -9999 -9999 -9999 -9999 -9999 -9999 -9999 -9999 -9999 263.731960590069 276.738223736103 279.903300358699
-9999 -9999 -9999 109.406853895921 109.838132418119 135.768731924204 162.325084979718 165.855326725886 154.805077185998 -9999 -9999 -9999 -9999 164.201785747822 210.110308133639 237.901401226337 262.771857628456 283.341274554913 287.980960552509 280.159901545598 275.221998948317 284.581533578726 264.626770019531 247.893510084886 223.527270977314 246.255136343149 224.629400400015 195.793307964618 176.845020587628 189.558225191556 198.510638897236 207.215391892653 210.762939453125 204.177511361929 194.649396456205 186.471928523137 173.469234759991 151.585702749399 126.2816895705 -9999 -9999 -9999 -9999 -9999 -9999 -9999 -9999 -9999 -9999 -9999 -9999 -9999 -9999 -9999 -9999 -9999 -9999 -9999 -9999 -9999 -9999 293.015608567458 289.812361497145
-9999 -9999 -9999 79.2261097247784 87.5716989957369 107.186588580792 134.99040222168 166.16684957651 178.937536386343 146.006889930138 -9999 -9999 -9999 -9999 -9999 155.054379976713 186.495552649865 211.214321429913 253.490560678335 282.44066795936 284.12039067195 262.66364464393 259.100746741662 260.091819176307 241.788526094877 206.90086716872 230.12104679988 242.287934523362 217.07661320613 200.489406879132 194.642483051007 196.93540250338 194.219532893254 182.707477276142 180.425942054162 168.803135798528 152.033194908729 136.284751305213 -9999 -9999 -9999 -9999 -9999 -9999 -9999 -9999 -9999 -9999 -9999 -9999 -9999 -9999 -9999 -9999 -9999 -9999 -9999 -9999 -9999 -9999 -9999 -9999 -9999
-9999 -9999 56.9072338984563 -9999 77.3715720543495 96.4547330416166 108.185698876014 134.708920405461 176.27569932204 156.394433828501 -9999 -9999 -9999 -9999 -9999 -9999 -9999 164.420072115385 208.130173903245 241.646870539739 247.187930767353 256.43105844351 252.197329007662 208.031935471755 208.884696373573 205.667378352239 233.070982712966 235.042190551758 216.947192852314 218.153821505033 217.901978712815 220.721914438101 221.049999530499 194.462586622972 183.505067091722 151.069259056678 132.140070401705 116.780105003944 -9999 -9999 -9999 -9999 -9999 -9999 -9999 -9999 -9999 -9999 -9999 -9999 -9999 -9999 -9999 -9999 -9999 -9999 -9999 -9999 -9999 -9999 -9999 -9999 -9999
91.6080961961013 -9999 -9999 -9999 -9999 73.1903375478891 93.5437727708083 111.478969867413 151.480437058669 156.436122013972 128.72945521428 -9999 -9999 -9999 -9999 -9999 -9999 -9999 -9999 -9999 188.608889066256 216.450169489934 204.66178894043 201.79207435021 183.045020470252 182.715119581956 205.672090970553 215.74907038762 227.602064866286 227.880007230319 186.610964261569 164.112270648663 161.200229351337 144.541094266451 136.47377542349 125.038823641264 116.281265845666 102.878998389611 -9999 -9999 -9999 -9999 -9999 -9999 -9999 -9999 -9999 -9999 -9999 -9999 -9999 -9999 -9999 -9999 -9999 -9999 -9999 -9999 -9999 -9999 -9999 -9999 -9999
57.9780035752517 -9999 -9999 -9999 -9999 -9999 -9999 95.5595838106596 110.577983562763 113.456939697266 130.223878126878 112.000788762019 100.358458298903 105.354114825909 -9999 -9999 -9999 -9999 -9999 -9999 -9999 172.052869356596 173.024457491361 175.802492581881 159.979424696702 136.533468980056 132.677852924053 153.940630399264 185.090275691106 179.623891390287 189.541566115159 179.25191791241 144.89315032959 123.380178011381 104.712962223933 94.3088044386644 91.3920018122746 101.199379554162 -9999 -9999 -9999 -9999 -9999 -9999 -9999 -9999 -9999 152.293858454778 148.4200392503 138.956892160269 128.824587308444 124.687091533954 -9999 -9999 -9999 -9999 -9999 -9999 -9999 -9999 -9999 -9999 -9999
37.601691025954 -9999 -9999 -9999 -9999 -9999 -9999 -9999 -9999 97.7767498309796 109.645827073317 109.844456012432 113.341620812049 97.3230984027569 96.7776248638447 -9999 -9999 -9999 -9999 -9999 -9999 149.32226386437 150.464600783128 133.995060847356 119.571513249324 124.492671673114 125.851905235877 113.347991356483 121.003601661095 133.613323505108 132.024303729718 131.27748636099 117.234174875113 110.124553973858 87.2692196185772 91.0335892897386 81.1020047114446 72.2891211876502 79.197077531081 97.4447901799129 -9999 -9999 -9999 -9999 -9999 136.085773761456 136.818922189566 127.612883347731 117.772950392503 112.814632122333 103.903018071101 103.914114732009 95.1749772291917 93.9206695556641 102.193834744967 155.414399367112 -9999 -9999 -9999 -9999 -9999 -9999 -9999
60.4601868849534 -9999 -9999 -9999 -9999 -9999 -9999 -9999 -9999 -9999 -9999 108.363954984225 111.696373572716 111.980963486892 99.9020068828876 91.3585480910081 86.9679923424354 -9999 -9999 -9999 -9999 124.235040517954 136.186320965107 118.783246553861 119.699316758376 112.514416621282 89.4869179358849 84.3316304133489 87.4006570669321 94.2871803870568 -9999 81.249265230619 -9999 -9999 62.7716624920185 81.4934369600736 75.4920416611891 79.787844144381 75.9770581172063 84.0478034386268 81.4851978008564 104.573922377366 125.798446068397 122.339958190918 106.580404428335 94.4020652770996 93.4443867023175 93.3144604609563 84.1718764671913 74.7487464317909 71.6728178171011 78.1324049142691 78.7890269939716 73.6972497793344 78.8505172729492 90.8376194880559 100.655707139235 100.045734112079 93.6600688054011 100.09351172814 103.59001159668 115.183794461764 121.583682133601
61.6347899803748 -9999 -9999 -9999 -9999 -9999 -9999 -9999 -9999 -9999 -9999 -9999 90.5493809626653 108.966448270358 95.9955074603741 -9999 -9999 -9999 95.651177919828 -9999 -9999 124.170384333684 138.771202674279 122.418269817646 104.2479394766 96.1510273860051 97.8964121891902 -9999 74.3743048447829 -9999 71.7988310593825 -9999 -9999 -9999 67.7153910123385 58.9396177438589 58.7402009230394 56.8218284020057 59.0336582477276 63.236988067627 78.108835367056 75.0809625478891 82.0584989694449 81.0889379061185 75.0124576275165 66.7523768498347 60.6973005441519 62.9215393066406 55.842639042781 53.830913396982 55.2723605816181 59.7365945669321 62.1164697500376 60.260141812838 59.6271887559157 61.3773633516752 67.3002002422626 67.7763381371131 54.0555890890268 54.4334826836219 60.949152139517 64.303027519813 69.6353407639724
50.0875929318942 -9999 -9999 -9999 -9999 -9999 -9999 -9999 -9999 -9999 -9999 -9999 -9999 -9999 84.0092251117413 -9999 -9999 -9999 -9999 -9999 -9999 81.9081444373498 107.377747168908 98.0996310894306 99.3022848275992 70.7786383995643 60.7814075763409 62.8865177447979 -9999 -9999 -9999 -9999 -9999 -9999 33.6097915355976 43.5194570101224 49.7372304476224 44.1940815265362 51.2128131573017 53.7231154808631 58.1935460017278 66.2940010657677 53.627960058359 52.5676926832933 50.9910715543307 47.9352830740122 41.3411916586069 42.012238575862 37.7383792583759 37.3792476654053 42.965270115779 44.6102729210487 50.9914740048922 52.3104418241061 52.3006252875695 52.0372895460862 50.4629691197322 39.8909926781288 29.1531139520498 25.9997112567608 30.1089479006254 33.6635404733511 38.0352775867169
44.4021706214318 -9999 -9999 -9999 -9999 -9999 -9999 -9999 -9999 -9999 -9999 -9999 -9999 -9999 87.5879862858699 80.8770100520207 -9999 -9999 -9999 -9999 -9999 -9999 -9999 69.5743695772611 74.0683960547814 67.2570548424354 48.7272209754357 51.1531856243427 49.0657433729905 -9999 -9999 -9999 -9999 -9999 19.2982091536889 17.646460716541 30.8529085012583 33.7833809485802 40.0193359668438 39.3331017127404 49.5940384498009 51.3117329524114 44.0861842815693 46.8532207195575 47.3338338411771 42.7560084416316 35.2965030670166 30.3921932807335 28.6007928664868 29.3311467262415 30.8453308252188 38.2261638641357 42.0948185553918 48.5113548865685 42.5628180870643 43.2620990459736 38.5832322927622 27.7439974271334 18.1999890254094 21.0570104305561 23.4546149327205 28.521965613732 31.5207722003643
-9999 -9999 -9999 -9999 -9999 -9999 -9999 -9999 -9999 -9999 -9999 -9999 -9999 -9999 68.4223462618314 -9999 -9999 -9999 -9999 -9999 -9999 -9999 -9999 44.1342239379883 55.8912629347581 64.0856728186974 47.0894188514123 38.1901314075177 -9999 -9999 -9999 -9999 -9999 -9999 -9999 -9999 24.8443348224346 31.4939029400165 35.5106494610126 37.8712021754338 41.9201061542218 41.6411718221811 45.748158968412 47.5821471581092 49.2628434988169 44.7549790602464 37.3531636458177 29.9353610552274 27.3308025140029 25.4031080099253 27.3798957971426 31.8347876622127 36.197508591872 39.7815792377178 39.2094575441801 34.6735364473783 29.7517932011531 26.3286847334642 15.7266288170448 12.737632898184 14.4420934823843 19.1648233120258 19.1283108637883
-9999 -9999 -9999 -9999 -9999 -9999 -9999 -9999 -9999 -9999 -9999 -9999 -9999 62.8619443453275 55.6471944955679 -9999 -9999 -9999 -9999 -9999 -9999 -9999 -9999 -9999 -9999 35.6511598733755 -9999 -9999 33.0962040240948 29.021185361422 -9999 -9999 -9999 -9999 -9999 9.93773947312282 16.5830905254071 27.8790786449726 33.9858986781194 36.0259170532227 35.5693510495699 37.9015797101534 43.2536195608286 44.982931137085 50.8185960329496 47.01790868319 42.6175100619976 34.6418069692758 26.3521706874554 24.587533730727 25.2587004441481 25.9648124254667 27.1352863311768 32.80349951524 34.1334681877723 29.6278866987962 24.5919399261475 21.3147715055026 13.6442656883827 9.20152071806101 10.1423452817477 9.49362912544837 9.569747704726
-9999 -9999 -9999 -9999 -9999 -9999 -9999 41.3474621405968 44.3284653883714 42.5224732619065 45.3242904956524 49.9516120323768 -9999 -9999 -9999 -9999 -9999 -9999 -9999 -9999 -9999 -9999 -9999 27.1566974199735 -9999 35.3748546013465 58.7995895972619 39.4551884577825 -9999 -9999 -9999 -9999 -9999 -9999 -9999 19.9028047414926 14.1617097487816 27.022550876324 30.4871968489427 35.7038126725417 39.1863152430608 40.6480120145358 27.6248324467586 36.2068592951848 41.4040120931772 34.2398816622221 34.0674909444956 29.286916586069 26.0967769989601 24.4914629734479 27.2788238525391 28.1314548345713 29.9778869335468 36.3808059692383 32.4947829613319 24.988916690533 16.280779838562 9.86784234413734 6.99087025569035 5.64770095164959 5.20209752596342 6.34649469302251 6.27627809231098
-9999 51.8866472977858 -9999 -9999 -9999 -9999 -9999 -9999 -9999 34.410746207604 35.0291706231924 37.4146567124587 -9999 -9999 -9999 -9999 -9999 -9999 -9999 -9999 -9999 -9999 -9999 -9999 -9999 33.0013164006747 38.3588881859413 37.6527834672194 -9999 -9999 -9999 -9999 -9999 -9999 -9999 -9999 -9999 14.6785522607657 20.7142706650954 28.8004368268527 38.0366225609413 44.7560410132775 29.4627376703116 20.9945796453036 29.1877916776217 38.1933536529541 33.8268194932204 26.91369166741 26.5771979185251 27.7510221921481 37.7481288909912 32.6022256704477 53.2058976980356 59.331307044396 45.124945127047 18.0102481108445 8.24786891387059 7.70333293768076 5.30440517572256 3.33774175093724 4.37684420438913 6.39367503386277 5.84399685492882
48.5143503042368 46.6056762108436 45.9088403261625 42.8132843604455 -9999 -9999 -9999 -9999 -9999 -9999 -9999 38.5951198431162 -9999 -9999 -9999 -9999 -9999 -9999 -9999 -9999 -9999 -9999 -9999 -9999 -9999 -9999 -9999 -9999 -9999 -9999 -9999 -9999 10.951406112084 -9999 -9999 -9999 -9999 -9999 8.50362188999469 17.5604101419449 26.8017311829787 41.2271806276762 31.1134156447191 -9999 -9999 25.8158299372746 36.9852666121263 31.4920050914471 25.2747938908063 31.0410988881038 27.6422233581543 -9999 34.4620538858267 51.2070068946252 51.4565092233511 25.3887356978196 7.87499702893771 5.34413031431345 2.34587762676753 2.50229091827686 4.8358357319465 4.62818732628456 3.74825375813704
50.1444259056678 45.3556072528546 40.8306616269625 -9999 -9999 -9999 -9999 -9999 -9999 -9999 -9999 -9999 -9999 -9999 -9999 -9999 -9999 -9999 -9999 -9999 -9999 -9999 -9999 -9999 -9999 -9999 -9999 -9999 -9999 -9999 -9999 -9999 -9999 -9999 -9999 -9999 -9999 -9999 -9999 -9999 -9999 19.7892588101901 -9999 -9999 -9999 -9999 -9999 27.1788960970365 22.7787471917959 19.5802136201125 -9999 -9999 -9999 -9999 53.5514620267428 26.2270862872784 3.97966950673323 1.26731481037747 1.1933819261881 1.83610168672525 2.17141731885763 4.37415504455566 5.11524163759672
55.7404221754808 48.3375314565805 35.5390759981596 33.2537985948416 -9999 -9999 -9999 -9999 -9999 -9999 -9999 -9999 -9999 -9999 -9999 -9999 -9999 -9999 -9999 -9999 -9999 -9999 -9999 -9999 -9999 -9999 -9999 -9999 -9999 -9999 -9999 -9999 -9999 -9999 -9999 -9999 -9999 -9999 -9999 -9999 -9999 -9999 -9999 -9999 -9999 -9999 -9999 -9999 -9999 -9999 -9999 -9999 -9999 -9999 23.2948894500732 13.80538551624 4.12328932835506 0.746810493560938 1.03253172810834 1.15793982037128 1.96998799534944 2.05840218984164 2.29979345202446
43.9296599168044 40.7933830848107 33.8638656322773 34.3976874718299 -9999 -9999 -9999 -9999 -9999 -9999 -9999 -9999 -9999 -9999 -9999 -9999 -9999 -9999 -9999 -9999 -9999 -9999 -9999 -9999 -9999 -9999 -9999 -9999 -9999 -9999 13.4033255393688 18.5246614309458 14.2989801076742 12.4889669303711 12.7018591715739 -9999 -9999 -9999 -9999 -9999 -9999 -9999 -9999 -9999 -9999 -9999 -9999 -9999 17.5856257952177 14.0281438460717 -9999 -9999 -9999 -9999 11.1055851716262 5.89987399027898 1.99451912366427 1.50840894534038 1.14929346829796 1.12044238312452 1.81165843858169 1.13313319906592 0.463419286964031
29.3627983973576 28.4469101245587 34.912071448106 37.5253010529738 -9999 -9999 -9999 -9999 -9999 -9999 -9999 -9999 -9999 -9999 -9999 -9999 -9999 -9999 -9999 -9999 -9999 -9999 -9999 -9999 -9999 -9999 -9999 -9999 -9999 -9999 -9999 -9999 -9999 -9999 -9999 -9999 -9999 -9999 -9999 -9999 -9999 -9999 -9999 -9999 -9999 -9999 -9999 11.3334508675795 10.9075062091534 -9999 -9999 -9999 -9999 -9999 5.40607679807223 1.55061973975255 1.02853405074431 1.71651385151423 2.08140061451839 0.490173145130169 0.475214629290769 0.415114769855371 0.376069436852749
28.5959551884578 25.3889133746807 -9999 -9999 -9999 -9999 -9999 -9999 -9999 -9999 -9999 -9999 -9999 -9999 -9999 -9999 -9999 -9999 -9999 -9999 -9999 -9999 -9999 -9999 -9999 -9999 -9999 -9999 -9999 -9999 -9999 -9999 -9999 -9999 -9999 -9999 -9999 -9999 -9999 -9999 -9999 -9999 -9999 -9999 -9999 -9999 -9999 -9999 -9999 -9999 -9999 -9999 -9999 6.35262313255897 3.89987472387461 1.71071364329411 0.846929489993132 0.548174237402586 0.293805888065925 0.363226203964307 0.410752883324256 0.446338891409911 0.439209984472165
