rasters/bioclim/bio11.asc
NCOLS 720 
NROWS 300 
XLLCORNER -180 
YLLCORNER -60 
CELLSIZE 0.5 
NODATA_value -9999 
[rows 196 to 223 of 300, columns 189 to 251 of 720]
-9999 -9999 -9999 -9999 -9999 -9999 -9999 -9999 -9999 -9999 -9999 -9999 -9999 15.9860101846548 11.0164639399602 8.54570572192852 11.3585097973163 17.9665226569543 22.1624276087834 23.5483278127817 24.3978170248178 24.8225138737605 24.5710679567777 23.9639932192289 24.67758838947 24.8090560619648 24.5578092428354 24.459649012639 24.4061949803279 24.3955107468825 24.3308265392597 24.3510102492112 24.4588163816012 24.7140966562124 24.534747343797 24.8667731651893 25.0442717625545 24.9216864659236 25.1830654144287 25.2052263113169 25.1402552678035 25.0083195612981 24.8953443673941 24.6803760528564 24.652868270874 24.6672574556791 24.553924707266 24.3805113572341 24.3564894749568 24.4085231194129 24.4411754608154 24.482265325693 24.5062418717604 24.5463553208571 24.5708816234882 24.6116001422589 23.996715252216 23.2560889904316 22.9636535644531 23.1546107072097 23.4082506619967 23.7104299985445 23.5263721759503
-9999 -9999 -9999 -9999 -9999 -9999 -9999 -9999 -9999 -9999 -9999 -9999 -9999 15.9284368661734 15.2110583231999 7.10798905445979 11.2699997975276 13.7912962986873 21.4457194988544 22.6477234180157 23.7595429053673 24.4301983759953 24.6011936481182 24.3841742002047 24.2328640864446 24.5934950021597 24.4117538745587 24.3330284998967 24.2824566180889 24.2477405254657 24.2222655369685 24.228121977586 24.4614477891188 24.5895171532264 24.5828113555908 24.8509876544659 24.9177601154034 24.8267942575308 25.001894730788 25.1576837392954 25.0394074366643 24.9007323338435 24.8872337341309 24.774119743934 24.5288735903226 24.4830656785231 24.4457731980544 24.2351336845985 24.2616590353159 24.4226584801307 24.4104617192195 24.3997823275053 24.543115909283 24.5541601914626 24.5845728654128 24.5861641810491 24.3808501316951 23.8952786372258 23.3772073892447 23.1690101623535 23.199089050293 23.2797864767221 23.4173174638015
-9999 -9999 -9999 -9999 -9999 -9999 -9999 -9999 -9999 -9999 -9999 -9999 -9999 -9999 16.7083853208102 6.65529302450327 6.88643528864934 12.1811679693369 18.4652991661659 21.0385661491981 21.831880569458 23.8624321864201 24.2693691253662 23.8698944678673 23.9925868694599 24.1524574573223 24.156790806697 24.0689754486084 24.2432899475098 24.1061823918269 24.2038362943209 24.2149892953726 24.3104532681979 24.4384651184082 24.5532723940336 24.6723116361178 24.9121805337759 24.8721184363732 25.0796193342942 25.0573866917537 24.8888036287748 24.7974585019625 24.9250228588398 24.5998486738939 24.3565885103666 24.1462984818679 24.1931122999925 24.2703342437744 24.0039234161377 24.3079508267916 24.0652817946214 23.9806336622972 24.1988019209642 24.3442124586839 24.3281863285945 24.0328910534198 24.4615990565373 24.2420071821946 23.8942477886493 23.5472660064697 23.2148406688984 23.2103368318998 23.5286359053392
-9999 -9999 -9999 -9999 -9999 -9999 -9999 -9999 -9999 -9999 -9999 -9999 -9999 -9999 16.621929021982 11.9953955136813 5.10985090182378 8.44614879901593 12.9701836659358 16.3796384517963 21.3416633605957 23.5107055077186 23.8074511014498 23.8140525817871 23.6803248478816 23.79214991056 23.6502304077148 23.7562126746544 23.9082232255202 23.7547500316913 23.8961092141958 23.8731004274808 24.0487678234394 24.1950768690843 24.4457871363713 24.6433241917537 24.9325206463154 24.9393112476055 25.1477749164288 25.1616951869084 25.0513486128587 24.8594278188852 24.8651403280405 24.5240638439472 24.4855169149546 24.2905719463642 24.3052315345177 24.2668380737305 23.8537040123573 24.1102834848257 23.9399276146522 23.9085677220271 23.9526186722976 23.9281977139986 24.2519457890437 23.8308539757362 23.9335911090557 23.9994035867544 24.1468001145583 24.0901003617507 23.5417888347919 23.2751667316143 23.4833579430213
-9999 -9999 -9999 -9999 -9999 -9999 -9999 -9999 -9999 -9999 -9999 -9999 -9999 -9999 -9999 15.1907448401818 -9999 3.4403908436115 8.57728264882014 12.5097794899574 20.6518315535325 23.0495884235089 22.6811990004319 23.5979507152851 23.5548378871037 23.5116716531607 23.4720899141752 23.4540612147405 23.4374401385968 23.3776943500225 23.385927933913 23.7707557678223 23.9469941946176 24.1368446350098 24.3629882519062 24.5980190863976 24.8337829296405 25.0241969181941 25.1204217764047 25.0360830747164 24.9879856109619 24.6853055220384 24.5049567589393 24.1999923999493 24.3426518073449 24.1404091761662 24.0312153742864 23.9229640960693 23.8293558267447 23.8550554422232 23.8052117274358 23.8148636451134 23.8773676065298 23.7934520427997 24.0657039055457 23.8849543057955 23.5805386763353 23.5089501600999 23.5734927837665 24.135137117826 24.0999610607441 23.7526286198543 23.3465294471154
-9999 -9999 -9999 -9999 -9999 -9999 -9999 -9999 -9999 -9999 -9999 -9999 -9999 -9999 -9999 15.578210243812 11.3344646600577 3.373694896698 4.18462833991418 9.19137719961313 17.5174873058613 20.6477231245774 19.964473430927 22.6450274540828 23.3264267261212 23.2572303185096 23.1888405726506 23.2550220489502 23.1822930849515 23.0211791992188 22.9889372312106 23.0408276778001 23.2881927490234 23.8837856879601 24.0350900796744 24.4457357846774 24.7925450251653 25.0815793550931 25.268803523137 25.1582245459923 25.0803158099835 24.5299955514761 23.5532698998084 23.5923233032227 23.8258328071007 23.999606352586 24.0014655773456 23.9737710219163 23.8636613992544 23.8367916987492 23.8569283118615 23.7667994866004 23.7784664447491 23.8364967933068 23.9862375992995 24.0334732349102 23.7265761448787 23.2700356703538 23.6169514289269 24.0725037501409 23.6182005955623 23.4711987422063 23.4126641200139
-9999 -9999 -9999 -9999 -9999 -9999 -9999 -9999 -9999 -9999 -9999 -9999 -9999 -9999 -9999 -9999 14.8302301260141 5.36558279624352 1.77607748141656 6.21859080974872 14.6449623841506 17.5444011688232 21.7807213709905 21.7676032139705 21.4537770197942 22.8888133122371 22.9654595301701 22.8867395841158 22.8514278118427 22.6168515132024 22.5167001577524 22.5991546924298 22.8202668703519 23.3281609461858 23.7773443368765 24.2928050114558 24.641358595628 24.8843515836276 25.1130928626427 25.264505973229 25.1550045013428 24.7312321296105 23.9719302837665 23.4547359759991 23.638768856342 23.6821936093844 24.0643460200383 24.1150787060077 23.9187330099253 23.7894926804763 23.8475504655104 23.4489349952111 23.286680661715 23.8516615354098 23.8618579277625 23.7824252201961 23.8750536992 23.1635991610014 23.3252117450421 23.9214775378887 23.7043498112605 23.7174713428204 24.1615436260517
-9999 -9999 -9999 -9999 -9999 -9999 -9999 -9999 -9999 -9999 -9999 -9999 -9999 -9999 -9999 -9999 -9999 10.6859379548293 0.40294045324509 3.25646486649146 8.91564992757944 13.9296729748066 20.6693986745981 19.1155671339769 19.0735825758714 21.8279938331017 21.8942385453444 22.1200012793908 22.5893978705773 22.4902596106896 22.3970379462609 22.5895360799936 22.8123736748329 23.22379053556 23.7215469066913 24.2208489638108 24.5481278346135 24.7413602975699 24.884822845459 25.1657339242788 25.1313252082238 24.7942386040321 24.5719564878024 24.5529669248141 24.2918190589318 23.7658367156982 23.5039718334491 23.9325771331787 23.9757129962628 23.7198034433218 23.5037212371826 23.2779329740084 23.0935526627761 23.7021704453688 23.8414435753456 23.6857962975135 23.8923323704646 23.1923986581656 23.1504102853628 23.778049322275 23.5260498340313 23.7062681638278 24.1640176039476
-9999 -9999 -9999 -9999 -9999 -9999 -9999 -9999 -9999 -9999 -9999 -9999 -9999 -9999 -9999 -9999 -9999 13.747188274677 6.56452718147865 1.77953850764495 5.19254238788898 13.31005859375 16.642332810622 19.6546457730807 16.7455561711238 18.459116422213 17.0682754516602 18.1986147073599 21.5445785522461 22.2485282604511 22.4073644784781 22.6973863748404 22.9300556182861 23.2217542208158 23.5439950502836 23.7375956315261 24.1219577789307 24.4675885714017 24.6393065819374 24.856388092041 24.9044771928054 25.0041091625507 24.8532741253193 24.6796941023607 24.6059414790227 24.3263730269212 24.0833471738375 23.7714545910175 23.4933222257174 23.6547754727877 23.7999298389141 23.213496868427 23.5033237750714 23.7840353158804 23.6786076472356 23.8040739206167 23.7694292802077 23.5718599466177 23.4099605266864 23.8419104356032 23.2512314136212 23.719870200524 24.225346491887
-9999 -9999 -9999 -9999 -9999 -9999 -9999 -9999 -9999 -9999 -9999 -9999 -9999 -9999 -9999 -9999 -9999 -9999 11.9180426964393 4.68816353724553 1.39025902920044 5.74589268977825 9.649474804218 15.9263919683603 15.6199363561777 16.4328685907217 12.8471496288593 13.0647768607506 20.0847891294039 20.8410637195294 22.2878762758695 22.6601835397574 22.9592081216665 23.204936834482 23.3080282944899 23.5054501753587 23.9271401625413 24.2112218416654 24.3804789323073 24.6423379457914 24.7384713979868 24.8352266458365 24.8510200793927 24.5908264747033 24.5462592198299 24.4251113304725 24.3390262310322 23.9171805748573 23.5810583554781 23.4526396531325 23.4315429100624 23.1477887080266 23.565345617441 23.6690302628737 23.5643448462853 23.6786663348858 23.7331556173471 23.7396260775053 23.5910354027381 23.9635127140925 23.4029624645527 23.9310785440298 24.2166510361892
-9999 -9999 -9999 -9999 -9999 -9999 -9999 -9999 -9999 -9999 -9999 -9999 -9999 -9999 -9999 -9999 -9999 -9999 14.640268105727 8.83049744826097 1.90608714177058 2.02396242435162 8.27931704887977 12.3020148644081 10.7145592616155 6.30057903436514 5.37237592843863 8.54995096646822 12.2816649950468 16.6309566497803 20.381144450261 21.5063690772423 22.0384559631348 22.9569697746864 23.2353098942683 23.5182932340182 23.8645530113807 24.0504264831543 24.1494051126333 24.2657711322491 24.4194611769456 24.5060153374305 24.6323808523325 24.5018424987793 24.1996329380916 24.2084591205303 24.078791985145 23.9943340008075 23.8189653249887 23.4285212296706 23.0322002997765 22.4263282189002 22.9002804389367 23.1666950812707 23.2149498279278 23.3923838688777 23.6482602632963 23.9279579749474 23.6269880441519 23.8924271510198 23.4937271705041 23.6676725240854 24.1114996396578
-9999 -9999 -9999 -9999 -9999 -9999 -9999 -9999 -9999 -9999 -9999 -9999 -9999 -9999 -9999 -9999 -9999 -9999 15.1928147536058 13.042538862962 5.42490511674147 4.10110147182758 5.47039307080782 9.06834466640766 7.03798924959623 6.41232919692993 6.39662108054528 7.0186978486868 3.25806720440204 5.39652395248413 12.7384167451125 17.0963287353516 18.5032884157621 21.1166568169227 22.0358914595384 23.3011518625113 23.6737513908973 23.7965080554669 23.8680309882531 23.9493469825158 24.1561436286339 24.3379836449256 24.4240486438458 24.3102576916034 24.0185209421011 23.9758561941294 23.5266528496375 23.6332432673528 23.6472201714149 23.464913881742 23.3442777486948 22.2968884981596 22.4514928964468 22.8818466479962 22.9960209773137 23.1685663369986 23.5265320997972 23.9183126596304 23.7553116725041 23.549798818735 23.5748791327843 23.627238200261 23.6551898075984
-9999 -9999 -9999 -9999 -9999 -9999 -9999 -9999 -9999 -9999 -9999 -9999 -9999 -9999 -9999 -9999 -9999 -9999 -9999 14.5032730836135 12.5003260098971 6.33414000731248 4.3477027966426 5.63597099597637 4.71748586801382 4.01483464241028 4.86927993480976 5.20349271480854 4.64793990208552 2.31216753446139 -9999 4.30352383393508 13.0384177428025 17.716152044443 19.8785866957444 22.2260353381817 23.3458689176119 23.537725008451 23.6519800332876 23.7784156799316 23.9596010354849 24.0309570019062 24.0016926985521 23.9455195206862 23.8550415039062 23.6793415363018 23.4114410693829 23.3573219592755 23.4702823345478 22.8402203779954 23.3452656085675 22.9994520040659 22.2355635716365 22.1322546738845 22.5197077531081 23.0006036024827 23.4425515394944 23.9531710698054 24.0047522324782 23.9091752859262 23.5719020550068 23.6138844123253 23.1229658860427
-9999 -9999 -9999 -9999 -9999 -9999 -9999 -9999 -9999 -9999 -9999 -9999 -9999 -9999 -9999 -9999 -9999 -9999 -9999 14.5366268157959 14.9869147814237 11.5916755382831 5.67125962330745 3.19386707819425 -9999 1.16509468280352 1.77173597079057 3.3293825846452 4.53562355041504 5.28288276378925 5.38204163771409 4.07907034800603 2.7407078742981 15.1244386526255 18.1672399961031 21.6670364966759 22.4533826387846 23.2919035691481 23.4063747112568 23.5454292297363 23.6780169560359 23.7399695469783 23.5688187525823 23.4286686823918 23.4171641423152 23.2413198030912 23.0586445148175 23.0221952291635 23.1015915503869 22.6015705695519 22.2384376525879 22.7496775113619 22.3187164893517 22.4537818615253 23.2497141911433 23.9000374720647 23.9752760667067 24.3012240483211 24.1269516578087 23.8671518472525 23.3171625870925 22.7691647456242 22.8664910243108
-9999 -9999 -9999 -9999 -9999 -9999 -9999 -9999 -9999 -9999 -9999 -9999 -9999 -9999 -9999 -9999 -9999 -9999 -9999 -9999 14.3207560319167 13.6416442577656 10.7015237808228 6.00073396242582 5.85698813658494 1.74008566599626 1.25149162457539 0.931649224116252 -9999 1.65537794736715 6.32190308204064 6.53311355297382 4.66677221885094 12.5532246369582 18.7445784348708 20.426963365995 20.7606673607459 22.570454964271 23.008661710299 23.1332978468675 23.190491602971 23.161811535175 23.0368292881892 22.814302444458 22.7585356785701 22.6838167630709 22.4861056988056 22.5870287968562 22.5705716059758 22.8684124579796 22.8404049506554 23.1639791635367 23.0763030418983 23.2058180295504 23.7489067957951 23.9035979050856 24.1777161818284 24.0549872471736 24.3322949042687 23.3426946493296 23.0907195164607 22.7212737156795 23.0537929534912
-9999 -9999 -9999 -9999 -9999 -9999 -9999 -9999 -9999 -9999 -9999 -9999 -9999 -9999 -9999 -9999 -9999 -9999 -9999 -9999 -9999 -9999 13.7740966356718 10.4412783109225 11.2837396034828 6.90182300714346 5.77536469239455 1.29137168939297 1.32149040240508 1.46743828058243 5.12424322275015 5.06616342984713 5.57370758056641 4.70142043553866 11.1278375478891 18.8377349560077 19.4244978978084 19.7011106931246 22.2798671722412 22.6536517510047 22.6546773176927 22.5662527817946 22.4691955859845 22.2668832632212 22.1838832268348 22.0449783618634 22.0515494713416 22.1194682488075 22.1959501413199 22.5271763434777 22.964422079233 23.0035150968111 22.641658782959 23.5514177175669 23.6601318946251 23.7578500600962 23.7460817190317 23.9281720381517 24.4202651977539 24.2038411360521 23.1822481888991 23.0792713165283 22.7710927816538
-9999 -9999 -9999 -9999 -9999 -9999 -9999 -9999 -9999 -9999 -9999 -9999 -9999 -9999 -9999 -9999 -9999 -9999 -9999 -9999 -9999 -9999 -9999 -9999 14.5049062875601 14.2607878171481 14.8202312176044 11.6318217791044 2.42834394711715 1.42098343830842 2.19184077703036 5.15537416017972 5.90198164719802 5.36698609132033 2.96809755838834 12.0797664202177 17.4225940704346 18.1446966024546 20.1192133976863 21.8976019345797 21.9414687523475 21.8568820953369 21.7940907111535 21.7337065476638 21.6687855353722 21.3019827329195 21.3227084233211 21.8379183549147 21.9396934509277 22.7629253680889 23.0778265732985 23.1129454099215 22.7700168903057 23.6859647310697 23.8164006746732 23.786250774677 23.893580363347 24.0768780341515 24.2255180065448 24.3459356748141 23.3573893033541 23.4192835000845 23.1107928936298
-9999 -9999 -9999 -9999 -9999 -9999 -9999 -9999 -9999 -9999 -9999 -9999 -9999 -9999 -9999 -9999 -9999 -9999 -9999 -9999 -9999 -9999 -9999 -9999 -9999 -9999 15.7505454283494 15.1111525755662 11.1572369795579 -9999 0.831818289911518 2.55391755470863 5.11775798064012 4.95760268431443 5.21430884874784 8.16594725388747 11.1644612092238 14.2260038669293 15.7399685199444 20.2040876241831 21.1844517634465 21.5253483698918 21.4505178011381 21.4205366281363 21.3024438711313 21.4476470947266 21.4972884838398 21.7057030017559 21.9132995605469 22.706705386822 22.9031317784236 23.2613469637357 23.449437214778 23.5007061591515 23.521571966318 23.5427555671105 23.6244564056396 23.7250737410325 23.8696045508751 23.9976266714243 24.0283365983229 23.2566576737624 22.4416096027081
-9999 -9999 -9999 -9999 -9999 -9999 -9999 -9999 -9999 -9999 -9999 -9999 -9999 -9999 -9999 -9999 -9999 -9999 -9999 -9999 -9999 -9999 -9999 -9999 -9999 -9999 -9999 -9999 14.6758334820087 11.6424542206984 5.29372163919302 1.53347535316761 3.70249953636756 5.32890925040612 5.37152913900522 6.18161377540001 5.36475229263306 9.022124510545 8.41602915983934 12.2894341395451 14.779564343966 18.9644688826341 20.8054545475886 20.7242229168232 20.794518837562 21.3878432053786 21.6707090231088 21.721065227802 21.7943788675162 22.2978195777306 22.4892911177415 22.8808802091158 23.1877902104304 23.2686858543983 23.2431649428148 23.2768785036527 23.3505303309514 23.5086102118859 23.5783462524414 23.6972557948186 23.8077997060922 22.7583613762489 22.0832124856802
-9999 -9999 -9999 -9999 -9999 -9999 -9999 -9999 -9999 -9999 -9999 -9999 -9999 -9999 -9999 -9999 -9999 -9999 -9999 -9999 -9999 -9999 -9999 -9999 -9999 -9999 -9999 -9999 15.0304780373207 14.5883794197669 12.8087458977332 3.04145488372216 2.86547435246981 4.13230501688444 5.01281708937425 6.57593154907227 6.43898454079261 4.68749574514536 11.6759036137508 10.0574237383329 11.6030027682965 12.5408654579749 16.38848561507 17.85406934298 20.8746406848614 21.4407099210299 21.5661544799805 21.7105519221379 21.858035160945 22.1653961768517 22.1599084413969 22.247395001925 22.7301844083346 22.9517210446871 23.0914962475116 23.0723648071289 23.1600435697115 23.2191484891451 23.2939657064585 23.373088983389 23.427379314716 22.865959754357 22.0674315232497
-9999 -9999 -9999 -9999 -9999 -9999 -9999 -9999 -9999 -9999 -9999 -9999 -9999 -9999 -9999 -9999 -9999 -9999 -9999 -9999 -9999 -9999 -9999 -9999 -9999 -9999 -9999 -9999 -9999 -9999 14.4860336597149 7.56983093115 0.634334474372176 4.00627061036917 4.24671037380512 5.52614087324876 6.34562752797053 3.87326887937692 7.11138035700871 12.943270609929 13.4169927010169 14.4180133526142 15.0838493934044 16.7079602755033 20.4652288877047 21.2688118861272 21.5330471625695 21.7059848491962 21.8202118506798 21.2334578587459 21.2035397749681 21.0733079176683 21.767002252432 22.4870970799373 22.9225286337046 22.9841013688308 23.0942420959473 23.0506050403302 23.0070931361272 23.0451523707463 23.0219898223877 22.6503480764536 22.4034551473764
-9999 -9999 -9999 -9999 -9999 -9999 -9999 -9999 -9999 -9999 -9999 -9999 -9999 -9999 -9999 -9999 -9999 -9999 -9999 -9999 -9999 -9999 -9999 -9999 -9999 -9999 -9999 -9999 -9999 -9999 13.927205159114 9.91697788238525 2.09787246814141 3.13804404552166 4.72981357574463 5.22180120761578 5.83319799716656 4.43321825907781 5.88739604216356 9.54501210726225 13.5913244394156 14.0819644194383 15.6721203877376 17.6626465137188 20.5831358982966 21.1495362795316 21.3466158646804 21.4999210651104 21.5960672818697 20.9615641373854 21.4284440554105 21.6243572235107 22.147678228525 22.5014124650222 22.5913351499117 22.6887780703031 22.7895594376784 22.7931302877573 22.7914433112511 22.7958978506235 22.6680404956524 22.1453473017766 22.5701446533203
-9999 -9999 -9999 -9999 -9999 -9999 -9999 -9999 -9999 -9999 -9999 -9999 -9999 -9999 -9999 -9999 -9999 -9999 -9999 -9999 -9999 -9999 -9999 -9999 -9999 -9999 -9999 -9999 -9999 -9999 13.7514170866746 11.0652291224553 3.81913643616896 2.94744581442613 5.01576104530921 5.29122213216928 5.22888168921837 3.67004014895512 3.24245111758892 6.78756614831778 12.2344925220196 12.5579184752244 15.2758618134719 18.9326050098126 19.5361499786377 20.836852147029 20.976603434636 21.0171769949106 21.0733193617601 21.2071073972262 21.368498141949 21.605065712562 21.8674893012414 22.1964014493502 22.2700945047232 22.3126653524546 22.4776486616868 22.5722480187049 22.5409381573017 22.5616747049185 22.1997928619385 21.4639406937819 22.0147800445557
-9999 -9999 -9999 -9999 -9999 -9999 -9999 -9999 -9999 -9999 -9999 -9999 -9999 -9999 -9999 -9999 -9999 -9999 -9999 -9999 -9999 -9999 -9999 -9999 -9999 -9999 -9999 -9999 -9999 -9999 -9999 11.9086208343506 6.18323923991277 1.31100721084155 4.41283004100506 4.64141981418316 4.99990287193885 3.66426152449388 2.18670966075017 5.55190482506385 9.19995366610014 12.4229906522311 15.2813535837027 17.6408054645245 18.3962678175706 20.180400114793 20.4462033785306 20.5381835057185 20.5501984816331 20.7292173825778 20.9085319225605 21.1805606255165 21.4828859475943 21.9235967489389 22.143184368427 22.1903258103591 22.2552898113544 22.2720524714543 22.2510713430551 22.2546840080848 21.3855850513165 21.5419720869798 21.162938778217
-9999 -9999 -9999 -9999 -9999 -9999 -9999 -9999 -9999 -9999 -9999 -9999 -9999 -9999 -9999 -9999 -9999 -9999 -9999 -9999 -9999 -9999 -9999 -9999 -9999 -9999 -9999 -9999 -9999 -9999 -9999 12.5721459755531 8.48959357921894 1.78971315347231 3.99390919391926 5.06978746560904 5.56645859204806 4.68149122825036 5.59333643546471 8.67756550128643 8.68507620004507 11.3874560869657 15.7221780923697 17.3134872729962 18.2793780106765 19.287435238178 19.603630065918 19.9259781470666 19.9881263146034 20.5356728480412 21.0492602128249 21.2102218041053 21.467254785391 21.7963799696702 22.1231478177584 22.0290273519663 21.9899814312275 21.9279138124906 21.8697383587177 21.7363957625169 21.3464530064509 20.8662468836858 20.6730782435491
-9999 -9999 -9999 -9999 -9999 -9999 -9999 -9999 -9999 -9999 -9999 -9999 -9999 -9999 -9999 -9999 -9999 -9999 -9999 -9999 -9999 -9999 -9999 -9999 -9999 -9999 -9999 -9999 -9999 -9999 -9999 12.4881512568547 10.4780644636888 1.96095534471365 2.26443847326132 4.83389693040114 5.39261762912457 5.58816704383263 5.04258423585158 9.04736724266639 9.6491641998291 12.4269697482769 15.1538008909959 16.9420777834379 17.9633011451134 18.8274289644681 19.0561042198768 19.3874699519231 19.6540829585149 20.2565121283898 20.7875002347506 21.0902866950402 21.3076955355131 21.5939096304087 21.8155011397142 21.7828228290264 21.5886484292837 21.1310454148513 21.2914356818566 21.2547814295842 20.6436500549316 20.3245011843168 20.4602018503042
-9999 -9999 -9999 -9999 -9999 -9999 -9999 -9999 -9999 -9999 -9999 -9999 -9999 -9999 -9999 -9999 -9999 -9999 -9999 -9999 -9999 -9999 -9999 -9999 -9999 -9999 -9999 -9999 -9999 -9999 -9999 12.9326755083524 11.2145655705379 1.89066813542293 2.13774903003986 2.37825753138616 3.79969510665307 4.23062064097478 4.20862527994009 6.50913686018724 9.53087887397179 10.8534130683312 15.3724379906288 16.9752465761625 18.1153050936185 18.5267446958102 18.8063843066876 18.8897561293382 19.389108804556 20.0564673497127 20.5621233720046 20.827322446383 21.1142337505634 21.3358579782339 21.50134570782 21.5117133213924 21.1862941155067 20.6057696709266 20.5541188166692 20.0004865206205 19.9093057192289 20.1869715177096 20.2605885725755
-9999 -9999 -9999 -9999 -9999 -9999 -9999 -9999 -9999 -9999 -9999 -9999 -9999 -9999 -9999 -9999 -9999 -9999 -9999 -9999 -9999 -9999 -9999 -9999 -9999 -9999 -9999 -9999 -9999 -9999 -9999 11.3028498429518 10.1163875873272 3.23795287425701 0.277180994717548 -0.553214229070223 1.09021297326455 1.85965850720039 3.20268146808331 6.02664580711952 7.16676319562472 10.6915447528546 14.5182493649996 15.7618031868568 17.8205479841966 18.1824106069712 18.3837950779841 18.6672834249643 19.1942143073449 19.878773029034 20.3638854393592 20.6334636394794 20.8187351226807 20.9854001265306 21.149416410006 21.1634615384615 20.8553016369159 20.2741232651931 19.8673402346097 18.9269573505108 19.4839546497052 19.9513269571158 20.2382743542011
