rasters/bioclim/bio11.asc
NCOLS 720 
NROWS 300 
XLLCORNER -180 
YLLCORNER -60 
CELLSIZE 0.5 
NODATA_value -9999 
[rows 112 to 139 of 300, columns 315 to 377 of 720]
-9999 -9999 -9999 -9999 -9999 -9999 -9999 -9999 -9999 -9999 -9999 -9999 -9999 -9999 -9999 -9999 -9999 -9999 -9999 -9999 -9999 -9999 -9999 -9999 -9999 -9999 -9999 -9999 -9999 -9999 11.5695951168354 10.6566886901855 9.87126533801739 8.54552100254939 7.01201915740967 6.69699577184824 5.2152582682096 6.45817877696111 6.58720273237962 5.89813944009634 6.71144936634944 6.3336936877324 6.07299082095806 5.96275590016292 5.66121409489558 5.56174912819496 5.18851476449233 4.5673281779656 4.35012085621174 5.48407829724825 6.12833400873038 6.5066448358389 7.1330179801354 7.88806489797739 8.93661223925077 9.66621978466327 10.0730860783504 10.4716673630934 10.3448122464694 10.1974234214196 10.1985112703764 10.4312718464778 10.5630755057702
-9999 -9999 -9999 -9999 -9999 -9999 -9999 -9999 -9999 -9999 -9999 -9999 -9999 -9999 -9999 -9999 -9999 -9999 -9999 -9999 -9999 -9999 -9999 -9999 -9999 -9999 -9999 -9999 12.1108177625216 11.2357301712036 10.0575007658738 8.90403054310725 8.35975668980525 6.61567412889921 3.644015954091 3.426898424442 4.93928892795856 7.46746019216684 5.5684668467595 5.83810131366436 6.04977006178636 6.09474724989671 5.90592325650729 5.52774715423584 5.65087644870465 6.31799364089966 5.37769192915696 5.65018705221323 6.03797817230225 6.74944969323965 6.91263987467839 7.226058446444 7.66438234769381 8.4439598597013 9.10324635872474 9.7534578029926 9.98783074892484 10.129279430096 10.1374305578379 10.1032532912034 10.2636956434983 10.455887060899 10.6491208443275
-9999 -9999 -9999 -9999 -9999 -9999 -9999 -9999 -9999 -9999 -9999 -9999 -9999 -9999 -9999 -9999 -9999 -9999 -9999 -9999 -9999 -9999 -9999 -9999 -9999 -9999 -9999 11.9013644731962 11.5349002984854 10.9028014403123 9.70098810929519 9.2745229280912 8.76701956528884 6.71359256597666 3.86351748613211 4.67590339367206 5.32211090968205 5.23289409050575 5.45814363773053 6.16958401753352 5.88516037280743 5.87137214954083 5.18604142849262 5.38390412697425 6.28148012894851 7.02995821145865 7.46770741389348 7.37013204281147 7.33558365014883 7.80378169279832 7.87821340560913 8.34973038159884 8.80252863810613 9.49062747221727 10.0355868706336 10.2067420666034 10.2074153606708 10.3221402535072 10.1597688381489 10.1599383720985 10.2566476968619 10.323568710914 10.4470961644099
-9999 -9999 -9999 -9999 -9999 -9999 -9999 -9999 -9999 -9999 -9999 -9999 -9999 -9999 -9999 -9999 -9999 -9999 -9999 -9999 -9999 -9999 -9999 -9999 -9999 -9999 12.3519681783823 11.3057958896344 10.800149330726 10.9141104037945 10.9341546572172 10.1241270212027 7.09491190543542 2.24977905933674 1.85459269927098 2.92532269771282 5.30256212674654 6.54970216751099 7.4677347770104 7.70463118186364 7.35433486791757 6.41777585102962 7.10387703088614 7.58971680127657 7.66079451487615 7.87806327526386 7.70942695324238 7.60360618738028 7.73410041515644 8.42920391376202 8.52642077666063 8.56564254027147 9.32090674913847 10.0655753795917 10.4337048163781 10.2718621767484 10.316599038931 10.2824604327862 10.1052132386428 10.041637640733 10.2057315386259 10.2577499976525 10.3847519067618
-9999 -9999 -9999 -9999 -9999 -9999 -9999 -9999 -9999 -9999 -9999 -9999 -9999 -9999 -9999 -9999 -9999 -9999 -9999 -9999 -9999 -9999 -9999 -9999 -9999 -9999 11.381868655865 11.5025165264423 11.2235138232891 10.9147134927603 9.24088228665865 6.05811295142541 1.9931213259697 0.557682883710815 4.50155170147236 7.48033794989953 7.70217528709999 7.726149559021 8.14277003361629 9.53583805377667 9.24639588135939 8.35811273868267 8.255989918342 8.49022758924044 8.25278428884653 8.1710246526278 8.22684761194082 8.8649776165302 8.83380541434655 8.53231815191416 8.56844337169941 8.70770271007831 9.06996334516085 10.3250830723689 10.6499505409828 10.6647502459013 10.652572118319 10.6076338841365 10.602071248568 10.6003489861122 10.4872111540574 10.6456129367535 10.6051974663368
-9999 -9999 -9999 -9999 -9999 -9999 -9999 -9999 -9999 -9999 -9999 -9999 -9999 -9999 -9999 -9999 -9999 -9999 -9999 -9999 -9999 -9999 -9999 -9999 -9999 12.7668371934157 9.34686792813815 9.09160441618699 7.80649265876183 4.14081606498131 4.22552013397217 3.38061640812801 4.85247479952299 5.32599157553453 8.07851615318885 8.65577041185819 8.04914236068726 8.35821569882906 8.39506380374615 9.95518471644475 9.69841348207914 8.93788667825552 8.8873259471013 8.92592543822068 8.67444995733408 9.08689366854154 9.01169149692242 9.08512405248789 8.90957560906043 8.54111510056716 8.57767592943632 8.69962949019212 9.06304128353412 10.3182637141301 10.7697870547955 10.7870666063749 10.7170661045955 10.6068011063796 10.4258896754338 10.557727593642 10.5429862829355 10.6871508818406 10.7123172466572
-9999 -9999 -9999 -9999 -9999 -9999 -9999 -9999 -9999 -9999 -9999 -9999 -9999 -9999 -9999 -9999 -9999 -9999 -9999 -9999 -9999 -9999 -9999 -9999 -9999 12.5012848927425 9.89699224325327 7.38589958044199 8.25116087840154 5.08138056901785 6.73764027082003 8.16805344361525 7.91035930926983 9.12698283562293 9.82944591228778 10.2012299024142 10.1677202811608 10.025235249446 9.97479497469389 10.2175547526433 10.432582121629 10.0510940551758 9.73311681013841 9.56965468480037 9.61971547053411 9.47442887379573 9.39677212788508 9.32537170556875 9.12195814572848 9.05332576311552 8.94426602583665 9.32902222413283 10.1733652261587 10.7722600790171 10.832210614131 10.7794483624972 10.6996311041025 10.6167778602013 10.533055965717 10.4627084732056 10.3835280491756 10.368036710299 10.5243584559514
-9999 -9999 -9999 -9999 -9999 -9999 -9999 -9999 -9999 -9999 -9999 -9999 -9999 -9999 -9999 -9999 -9999 -9999 -9999 -9999 -9999 -9999 -9999 -9999 -9999 -9999 12.6911746538602 9.84524829571064 7.34596289121188 6.01585905368511 8.46258647625263 9.39413628211388 9.28648438820472 10.536087843088 10.5394906264085 10.6325691663302 10.7377381691566 10.5026553960947 10.1937707754282 10.4516527469342 10.714569238516 10.6316636892465 10.4370276377751 10.2525352331308 10.1369047898513 9.78136282700759 9.64296858127301 9.62841294361995 9.45926699271569 9.5125681070181 9.36709946852464 9.62853255638709 10.3059924199031 10.9370767886822 11.061972618103 10.9010461660532 10.8788184386033 10.8555804766141 10.7678282077496 10.6937461999746 10.6072832254263 10.5942679185134 10.4888911614051
-9999 -9999 -9999 -9999 -9999 -9999 -9999 -9999 -9999 -9999 -9999 -9999 -9999 -9999 -9999 -9999 -9999 -9999 -9999 -9999 -9999 -9999 -9999 -9999 -9999 13.0959004622239 10.2912220588097 7.06438941221971 9.07129973631639 10.615635578449 11.5473442077637 11.6832020099346 11.7620707291823 11.6471539277297 11.3604726791382 11.4108868378859 11.4540871840257 11.1856265434852 11.1045728096595 10.7923920704768 10.6975236305824 10.5964641571045 10.5650078700139 10.5163022554838 10.7041397094727 10.923394716703 10.6171624843891 10.1385798087487 9.79466518988976 9.87363411830022 9.8951404278095 10.5458043171809 10.7370060407198 10.9598678442148 11.0882205963135 10.9939625813411 10.9466334856473 10.9979398433979 11.0249097530658 10.9075742868277 10.6297710858859 10.3979820104746 10.5434071467473
-9999 -9999 -9999 -9999 -9999 -9999 -9999 -9999 -9999 -9999 -9999 -9999 -9999 -9999 -9999 -9999 -9999 -9999 -9999 -9999 -9999 -9999 -9999 -9999 13.5692124733558 10.759818810683 9.53499251145583 10.6820766008817 12.0463862785926 12.1800322899452 12.1930162723248 11.9000778931838 11.7674093980056 11.4893886126005 11.5745380841769 11.6233001855704 11.6007758654081 11.5109539765578 11.3339366179246 11.1519607397226 10.9975403272189 10.7273490612323 10.579055419335 10.7473906003512 11.2641954421997 11.5224571961623 11.1786927443284 10.7312141565176 10.4212750654954 10.010991023137 9.9971703015841 11.0776235873883 11.1201087511503 11.1371129842905 11.2899201466487 11.3186564812293 11.2168847597562 10.9484386444092 10.8123805706318 11.1296344903799 10.8154189770038 10.4192258394681 10.2994102331308
-9999 -9999 -9999 -9999 -9999 -9999 -9999 -9999 -9999 -9999 -9999 -9999 -9999 -9999 -9999 -9999 -9999 -9999 -9999 -9999 -9999 -9999 -9999 14.2885704040527 13.592047397907 11.7385658117441 12.4213672784659 13.0224050375131 12.976287988516 12.388510630681 12.3363546224741 12.5762076744666 12.6476827034583 12.8722969201895 12.6961655249962 12.5902413588304 12.4810518118051 12.3301431949322 12.1434680498563 11.8141530843881 11.6747729228093 11.7229358232938 11.5670336943406 11.8541878186739 12.0426186048068 11.7962175515982 11.3380264135507 11.0294624475332 10.5918737558218 10.248452259944 10.1987748512855 10.5623347942646 10.7069556162908 10.7853172742403 11.1336462314312 11.2773783757136 11.4991568051852 11.265768638024 11.3663976375873 11.1560735702515 10.8765118672298 10.6806094829853 10.1504811507005
-9999 -9999 -9999 -9999 -9999 -9999 -9999 -9999 -9999 -9999 -9999 12.1213725163386 -9999 -9999 -9999 -9999 -9999 -9999 -9999 -9999 -9999 15.3835741923406 14.8989422871516 14.122970360976 14.0069224284245 13.8306477620051 12.4825368294349 13.0439304938683 13.0745924436129 13.2766693555392 13.3323844762949 13.1358611767109 13.1015209784875 13.0208157759446 12.9418500753549 12.8055640000563 12.6691908469567 12.5758300194373 12.4001648242657 12.1450030987079 11.9696997129 11.9752644025362 11.9571880193857 12.4943283521212 12.3022948044997 11.9616262729351 11.8364770595844 11.5433214627779 10.8066377639771 10.7037276488084 10.6721586814293 10.7478626691378 10.8818370378934 11.2291293511024 11.3551511764526 11.435708119319 11.5242314705482 11.4247952241164 11.5538986646212 10.9783793229323 10.8319520216722 10.8375811943641 10.5838550420908
-9999 -9999 -9999 -9999 -9999 -9999 -9999 -9999 -9999 -9999 -9999 -9999 -9999 -9999 -9999 -9999 -9999 -9999 -9999 -9999 15.240501330449 14.4761461111215 14.1463782237126 14.0224471459022 13.4501526172344 13.326671233544 13.3347310286302 13.4891459391667 13.4691182650053 13.3139194341806 13.2698544722337 12.9888370220478 13.164064847506 13.7831345338088 13.6644457303561 12.9595874639658 12.8316589502188 12.6893431590154 12.4667598284208 12.8671775230995 12.6992202171913 12.8977706615741 12.9747965152447 12.8300024912908 12.6482375218318 12.4180027888371 12.3196126497709 12.1855029326219 11.6056814193726 11.9485914523785 12.1990968997662 11.9022803673377 11.5709773577177 11.8218989739051 11.7392754921546 11.4000568389893 11.3264591510479 11.9187080676739 11.7172486965473 11.7124743828407 11.5700421700111 11.2682618361253 10.7409606346717
-9999 -9999 -9999 -9999 -9999 -9999 -9999 -9999 -9999 -9999 -9999 -9999 -9999 -9999 -9999 -9999 -9999 -9999 15.6557075793927 15.5533566841712 15.4308478282048 14.9141161258404 14.6502794119028 14.6961012620192 13.8473691940308 13.7609008642343 13.567818568303 13.8549075493446 13.4830858524029 13.6550504977886 13.5727313848642 13.4930623127864 13.7114055340107 14.2990758602436 13.9541871731098 13.2032420085027 13.0945896735558 12.9529022803673 12.7652510863084 13.1694966096144 13.0023601238544 13.2906555762658 13.3780928391677 13.2335227085994 13.1571565774771 12.9170654737032 12.9396649140578 12.9570958797748 13.0239673761221 13.4520565179678 13.6038210208599 13.3169439755953 12.87002490117 12.5660010851347 12.1693783539992 11.8108937190129 11.7823796639076 12.1171801640437 11.7210312623244 12.1237434240488 12.1570731676542 11.9503944103534 11.5532820774959
-9999 -9999 -9999 -9999 -9999 -9999 -9999 -9999 -9999 -9999 -9999 -9999 -9999 -9999 -9999 -9999 -9999 -9999 15.7395654091468 15.7618791873638 15.4724704302274 15.1112630550678 15.1611722799448 14.9065374227671 14.8578703220074 13.4070265843318 13.5599564772386 13.6493123127864 13.5721558057345 13.9137676679171 14.2888575333815 14.9285209362323 15.1229550288274 14.446613751925 14.208993765024 14.1067149822529 13.8142568881695 13.8344270999615 13.6857759035551 13.6653914818397 13.6837167006273 13.8488204662616 13.7383282734798 13.6351421062763 13.6661399694589 13.5532412162194 13.7234969505897 14.0546292525071 14.2145104775062 14.148355777447 14.1973846875704 13.8213918392475 13.1957048269419 12.8373225285457 12.3122031138493 11.5338031328641 11.219806597783 11.9030049397395 11.4770117539626 11.8963215167706 11.8697109956008 11.9279143993671 11.8843359580407
-9999 -9999 -9999 -9999 -9999 -9999 -9999 -9999 -9999 -9999 -9999 -9999 -9999 -9999 -9999 -9999 16.9588713279137 16.3254994612474 16.2448265369122 16.2370729446411 15.7749627920297 15.2821289942815 15.440542441148 15.2830400466919 15.237641114455 14.0458109929011 14.056747509883 14.1815283115094 14.28451024569 14.8706756738516 15.5587351138775 15.5458541283241 15.5001054910513 14.8506152813251 14.4694608541635 14.3090879733746 14.2059217599722 14.0218434700599 13.9394657428448 13.9568745539739 14.2135804983286 14.2031891896175 14.0903534522423 14.0221479856051 14.0116678384634 14.0719335996188 14.1461422993587 14.4166427025428 14.5218263772818 14.4531475213858 14.5106488007766 14.2273943974422 13.5475977384127 13.2633108725915 12.2150924389179 11.7591539529654 11.2047147750854 11.1799658995408 11.3952432779165 11.1868933897752 11.0285610785851 11.5386581420898 11.3113800929143
-9999 -9999 -9999 -9999 -9999 -9999 -9999 -9999 -9999 -9999 -9999 -9999 -9999 -9999 -9999 -9999 16.5454542453472 16.2572826238779 16.2025149418758 15.8525714140672 15.3810541446392 15.3642196655273 15.1296677956214 15.272241298969 15.3530509655292 14.7310997889592 14.6280827889076 14.6256409425002 14.5163464179406 15.315214743981 16.0819743963388 15.6875924330491 15.605166215163 15.0472915355976 14.8597128941463 14.6792303965642 14.5839624404907 14.4613546958336 14.1834242894099 14.434536420382 14.5635826404278 14.4855796373807 14.4099982335017 14.7293192056509 14.7156920799842 14.4158159402701 14.5209264755249 14.4340381622314 14.5807306583111 14.5325471437894 14.5937191889836 13.7893459613507 12.6920827718881 11.5445995330811 11.4839806189904 12.0971461076003 11.2702701275165 10.8777376321646 10.785173196059 10.2363000282874 10.1483761714055 9.73672283612765 10.3823611919697
-9999 -9999 -9999 -9999 -9999 -9999 -9999 -9999 -9999 -9999 -9999 -9999 -9999 -9999 -9999 17.4115999661959 16.7763265463022 16.5987997055054 16.6031315876887 16.3198304543128 15.7896291292631 15.8691439995399 16.0043944578904 15.9650463691125 15.7498869529137 15.9447282644419 15.6944999694824 15.0806132096511 14.9501097752498 15.6262964835534 16.3781058971698 16.0101042527419 15.606428366441 15.2497123571543 15.1492449687077 15.0748223524827 14.8690591225257 14.9098799045269 15.0217182452862 14.9074522165152 14.8308414312509 14.7224776194646 14.7045882298396 14.9212160110474 14.9724644147433 14.6899949587308 14.8029458706196 14.5176493571355 14.7189344993004 14.5982026320237 14.488757280203 14.1355171203613 13.102621445289 11.8277397155762 11.9489966172438 12.3862466078538 11.6524703686054 11.2882204055786 11.2198723279513 10.6613970536452 10.4087931559636 9.45613853748028 9.9978137749892
-9999 -9999 -9999 -9999 -9999 -9999 -9999 -9999 -9999 -9999 -9999 -9999 -9999 -9999 -9999 17.4940428367028 16.9787961519681 16.5949714367206 16.5586209663978 16.5422155673687 16.6102407162006 16.6774451182439 16.6169347029466 16.5021541302021 16.4671788582435 16.7302751541138 16.6676602730384 16.4090364162738 16.2451055966891 16.1194202716534 16.2087431687575 16.1998010782095 15.7126890329214 15.5392226439256 15.4249893335196 15.6522108224722 15.4752724720882 15.3555374145508 15.2284886286809 15.1390381592971 15.0889098827656 14.9341029387254 14.9494325931256 14.9324305607722 14.9448625124418 15.0331746614896 15.0219562237079 14.8802939928495 14.8681017802312 14.1687514231755 13.9343457588783 14.0131989992582 13.2668525255643 12.6073144032405 13.0421394201425 11.0499778160682 10.5390575115497 11.2614462925838 11.1971834622897 10.6989813584548 10.5490514315092 10.5821005747868 10.5487053944514
-9999 -9999 -9999 -9999 -9999 -9999 -9999 -9999 -9999 -9999 -9999 -9999 -9999 -9999 17.393988095797 17.1984759110671 16.9902041508601 16.8781133064857 16.8356260886559 16.9672471559965 17.1368730985201 17.1226172080407 17.1766644257766 16.9354234108558 16.9929384818444 17.1018912242009 17.0248003739577 16.9358860162588 16.7231312531691 16.5987449792715 16.4517633731549 16.1996591274555 15.9032736558181 15.9869962105384 16.0955264751728 15.8737608102652 15.769951233497 15.6072989243727 15.506032870366 15.3772000532884 15.2908320793739 15.0627257273747 15.1791663536659 15.1584324469933 15.175211759714 15.2752749369695 15.2473357273982 15.0233399317815 15.1602108295147 14.4036171252911 14.378765472999 14.0605907440186 13.7492276705228 13.0408212221586 12.1649449421809 11.1179831578181 10.7279561849741 11.7260388594407 11.376796062176 10.9994682165293 11.0388384598952 10.969595175523 10.9640101652879
-9999 -9999 -9999 -9999 -9999 -9999 -9999 -9999 -9999 -9999 -9999 -9999 -9999 18.0148793000441 17.5167374977699 17.4555761630719 17.5133764560406 17.2762487851656 17.4268633035513 17.4689658238338 17.5633398202749 17.5668447934664 17.579063635606 17.5289367529062 17.4628449953519 17.3605209497305 17.297550201416 17.1986588698167 17.1341221882747 16.8556301410382 16.7069270794208 16.3374164287861 16.1837306389442 15.98550928556 16.1497424932627 16.0921421051025 15.9228080602793 15.8479276803824 15.7107712672307 15.5792509959294 15.5168055020846 15.4638966780442 15.4054368826059 15.3660116929274 15.3940471502451 15.4289676226102 15.2221134625948 15.0286393532386 14.8064415271466 14.5881784879244 14.5348441784198 14.661218056312 14.5236992469201 13.6149272185106 12.941216982328 11.6782888999352 10.4792311741756 9.42300257316002 9.88602920678946 10.5295491585365 10.9575961919931 11.7499706561749 12.7403323100163
-9999 -9999 -9999 -9999 -9999 -9999 -9999 -9999 -9999 -9999 -9999 -9999 -9999 17.9157441946176 17.6860688282893 17.8087096581092 17.848429606511 17.762993152325 17.9287706521841 17.9255139277532 17.7978829603929 17.9229467832125 17.9467610579271 17.8552262232854 17.7983140211839 17.7028485811674 17.6396862910344 17.5326006229107 17.2491663419283 16.9591187697191 16.8128725932195 16.4812873693613 16.3425716253427 16.1772815997784 16.0744104385376 16.0858856347891 16.0046986799974 16.0262787892268 15.8507697032048 15.616537974431 15.7167525658241 15.6607892696674 15.614911372845 15.623459815979 15.597754918612 15.5453007037823 15.2498419101422 15.2340626349816 14.8827910056481 14.6092654741727 14.6609180890597 14.8843681628887 14.8229766992422 14.133866750277 13.6045274000901 11.2825628427359 7.98846824352558 9.75807035886324 11.2103038200965 11.9227429903471 10.9871285511897 11.5426136163565 12.2428282224215
-9999 -9999 -9999 -9999 -9999 -9999 -9999 -9999 -9999 -9999 -9999 -9999 18.0397601494422 17.4448049985445 17.7466583251953 17.6885575514573 17.8141642350417 18.0190828763522 18.1904227917011 17.9969844818115 18.0027495164138 18.3002096322867 18.2087176396297 17.7847853440505 17.521501321059 17.8579374460074 17.766907618596 17.4521967814519 16.9820687954242 16.8445650981023 16.6949589802669 16.5492064402654 16.4053415151743 16.1983338135939 16.0279122132521 15.9143427335299 15.7623266073374 15.7434038749108 15.8603059328519 15.7171945571899 15.896139218257 15.8487332417415 15.7127472070547 15.7889150472788 15.6843767166138 15.5407994343684 15.6337267068716 15.7786595271184 15.8204912772545 15.3346128463745 15.5272207260132 15.7645341433012 15.8744520040659 14.9769045756413 14.2461902911846 13.3560269429133 12.6390973604642 12.2397597386287 13.5434877689068 13.5804035480206 12.4727844825158 12.3894959229689 13.1376013389001
-9999 -9999 -9999 -9999 -9999 -9999 -9999 -9999 -9999 -9999 -9999 -9999 18.079279092642 17.6251159081092 17.5321419055645 17.9359211554894 18.128568649292 18.1904106140137 18.4878721970778 18.3585819831261 18.2925255115216 18.0246828519381 17.8908122136043 17.717500099769 17.4532455297617 17.5487879973191 17.4451678349422 17.284144621629 17.1676997404832 17.0121542857243 16.8226584654588 16.7097889826848 16.4999107947716 16.3573201252864 16.1939955491286 16.0073890686035 16.0503854017991 16.2610593942495 16.1090638820942 16.0746318376981 16.1323248056265 16.0970467053927 16.0688789074238 15.854442009559 15.548651108375 15.7819820550772 15.8389405470628 15.9494419831496 16.1375164618859 15.6538665478046 15.8572585766132 16.04510813493 16.2375573378343 15.5261988273034 14.9284669435941 14.2230635422927 13.847144640409 14.1219861690815 14.6730944560124 14.4777838633611 13.8453199680035 13.1156804011418 13.2231601568369
-9999 -9999 -9999 -9999 -9999 -9999 -9999 -9999 -9999 -9999 -9999 18.0126410264235 18.2004225804256 17.8470253577599 18.3189648848314 18.7010988088755 18.9016622396616 18.8223442664513 18.994026184082 18.3051175337571 18.6055538470928 18.3656227405255 18.2863939725436 18.075017782358 17.9664708651029 17.8857939793513 17.826357621413 17.722528897799 17.5366466228779 17.3688272329477 17.252185528095 17.0675805165217 16.8608834926899 16.727258682251 16.578880750216 16.3761167526245 16.2197405741765 16.0985366381132 16.0312304129967 16.4304739145132 16.5592806889461 16.5010971656212 16.2584570371188 16.2523568226741 15.8743476867676 15.3976901127742 15.4626986430242 15.5581704653226 15.7501292595497 15.7947936424842 16.0112939247718 15.9714195544903 16.1930345388559 15.7634909703181 15.7254489018367 15.8021708268386 15.8983201980591 15.4390103266789 16.0079422730666 15.6858560121976 15.2949903194721 14.9306917190552 14.1577971531795
-9999 -9999 -9999 -9999 -9999 -9999 -9999 -9999 -9999 -9999 -9999 18.0047523791973 18.4131234975962 18.4692862584041 18.7832607856164 18.9472229297345 19.2465768960806 19.0192766923171 19.1322884192834 18.3595573718731 18.8848787454458 18.6054366185115 18.4863177079421 18.2547211280236 18.2320412855882 18.1487632164588 18.0060907510611 17.8967431875376 17.7499406521137 17.5946130018968 17.4531611662645 17.3145030828623 17.1481089225182 17.1554696743305 16.9691844353309 16.6826671453623 16.5118474960327 16.3745657113882 16.237310556265 16.4403814169077 16.8123077979455 16.7493377832266 16.5411693866436 16.3391277606671 16.0464899356549 15.6151762008667 15.6864023208618 15.7982315650353 15.9937462439904 16.041206066425 16.1929005109347 15.8760950381939 15.8890052208534 15.8093219170204 16.141226548415 16.1833966328548 16.3649134269127 16.4323365138127 15.8531480202308 15.9802787487323 15.9149883710421 15.2792072296143 14.7866016534659
-9999 -9999 -9999 -9999 -9999 -9999 -9999 -9999 -9999 -9999 -9999 -9999 18.4595128572904 18.8166902982272 18.9987335205078 19.3967685699463 19.699271275447 19.7216138106126 19.4246617830717 18.5444447444035 18.5986794691819 18.8173468663142 18.6673764448899 18.6383493863619 18.5467344430777 18.1872224074144 18.1696139115554 18.1250294905442 17.9833331474891 17.7957142316378 17.6734538445106 17.5574879279503 17.4374704360962 17.2477126488319 17.0842213263878 16.9381205485417 16.7715186339158 16.635427915133 16.5019981677716 16.4793830284706 16.9318067844097 16.8991407981286 16.7991214898916 16.4655284147996 16.2129611235399 15.7161290828998 15.7627846644475 15.8521648553702 15.9889090611384 15.5608057608971 15.8092296306904 15.722102018503 15.4207764405471 16.1303085180429 16.7919184611394 16.8719880764301 16.945710842426 17.5074693973248 17.4616977985089 16.7607899445754 16.6715388664832 15.7112035751343 15.5214782127967
-9999 -9999 -9999 -9999 -9999 -9999 -9999 -9999 -9999 -9999 -9999 -9999 18.7113717886118 19.0493395878718 19.3160216991718 19.7954892378587 20.0986128586989 20.0433100186861 19.677341901339 18.9428066840539 18.927143243643 19.0890583625207 18.9087116534893 18.8115273989164 18.7832477276142 18.5891895294189 18.4284810286302 18.3285190875714 18.2013602623573 18.0781043126033 17.9493441948524 17.8221186857957 17.6274739778959 17.5025455768292 17.371485049908 17.1739080869235 17.0068982931284 16.8669179769663 16.8237083875216 16.7270370630118 17.1421573345478 17.2170049960797 17.1288979603694 16.5474325326773 16.5389865728525 16.0528341440054 16.0068140029907 15.6615383441632 15.3958471738375 15.3683774654682 15.6369063304021 15.6182950093196 15.7849283218384 16.8585947476901 17.1070043123685 17.4949689278236 17.2724712078388 17.7465647917527 17.7139467826256 16.9887590408325 16.8444393598116 15.2472196725699 14.6741035901583
