rasters/bioclim/bio19.asc
NCOLS 720 
NROWS 300 
XLLCORNER -180 
YLLCORNER -60 
CELLSIZE 0.5 
NODATA_value -9999 
[rows 84 to 111 of 300, columns 378 to 440 of 720]
126.129669189453 123.718554570125 135.908343388484 133.405539879432 122.846830514761 147.286223778358 175.86108985314 228.405482365535 229.746572641226 233.267430232121 210.259225698618 174.51037128155 175.696125910832 175.109657874474 131.449547400841 117.707984924316 116.054086538462 100.947293795072 102.621024498573 117.968063354492 115.380186814528 104.882663433368 91.0942206749549 86.4101709219126 92.9081397423377 106.482210012583 116.585230313815 116.615705636831 142.175071129432 149.439840463492 148.239202646109 155.655519925631 120.387303278996 77.4958686828613 50.0878307635968 48.7782007364126 52.8401993971605 65.424495110145 72.6081328758827 74.8551729642428 75.3768231318547 73.6976893498347 70.2364003108098 71.1108278127817 68.6958929208609 68.9403639573317 68.1006727952224 67.6513190636268 72.0560519878681 76.1008855379545 79.9594339224008 84.3309516906738 92.9291857205904 97.1134725717398 95.8801439725436 91.6742277878981 87.6026165301983 81.345331632174 83.6721960214468 88.3558783897987 88.8582241351788 88.9065645658053 87.8427423330454
208.117682823768 243.869512704703 333.345649132362 325.288926344651 271.102651742788 253.415373582106 263.471567007212 303.771397517278 298.611391507662 300.310359074519 278.112729586088 240.423880943885 182.922925508939 144.494027944712 121.276424701397 121.535712608924 108.476858285757 109.887363727276 102.805604787973 98.9737073458158 91.7899568997897 89.8120774489183 81.845831650954 86.5462499765249 93.4335385836088 97.7433195847731 109.725054814265 122.53218958928 122.615885807918 124.096207251916 123.409831707294 132.022365863507 135.26903123122 108.390514080341 54.8702577444223 42.1266431074876 47.3604400341327 60.4464539747972 70.7843909630409 75.7797710712139 72.3538081829364 72.9305739769569 71.7986916762132 72.0456669147198 74.3015415485089 69.8997594393217 66.8044454134428 64.6342529883752 65.0720147352952 69.6284299997183 69.6464262742263 75.8499380258413 82.6791437589205 86.136842580942 92.3087950486403 86.0670309800368 77.6270182682918 75.8962152921236 78.2632208604079 81.9832520118127 87.8109794029823 94.7030862661508 89.4612497182993
456.681100698618 438.279987041767 476.950894869291 442.983342097356 316.700296255258 348.65132023738 362.047771747296 337.777712308443 335.174142690805 336.282036414513 245.472029465895 211.83718754695 169.584727360652 137.438994774452 111.754248985877 113.019628084623 106.672254122221 97.3437347412109 93.7667365440956 89.4773313082182 85.3383507361779 80.3600035447341 80.3794461763822 84.2488749577449 93.7234397301307 95.7022159282978 98.7546955988957 123.869449908917 122.420168950008 84.8962003267728 88.8317706768329 98.9487357506385 115.899307250977 107.839871920072 86.5140022864709 42.6628231635461 50.6465203211858 59.6726461557242 66.2475700378418 74.2154276921199 73.3844660245455 73.6155231182392 75.4310141343337 79.3442520728478 77.2084773137019 73.4250585115873 69.2726070697491 65.2643611614521 63.7017349830041 61.0796969487117 61.8918885451097 62.7032045217661 66.8881739102877 65.5401314955491 66.7930846581092 68.5413325383113 96.4995134793795 93.3802733788123 80.41185936561 86.9511305002066 91.2065021808331 94.5362930297852 93.6030461237981
404.488858736478 454.689328707182 433.276893028846 417.594036395733 277.085797823392 343.525430532602 334.054553692157 365.396573580228 449.522860013522 391.607520470252 373.112154447115 261.440758338341 231.357842078576 186.063200730544 152.724186237042 139.722423260029 129.557899475098 117.094133230356 102.855839069073 102.163375854492 92.9268423227163 82.9592426006611 80.7578465388371 87.7083886953501 95.2015193058894 98.395023052509 103.089819688063 106.500752962553 125.071201031025 75.2465870197003 70.0250088618352 75.2799374507024 80.9557377741887 83.0846956693209 75.2958004291241 60.0459565382737 52.9139815110427 55.9291038513184 63.6278824439416 73.7174239525428 71.4925129230206 72.180959554819 -9999 -9999 -9999 -9999 71.0797524085412 66.0447205763597 67.4067602891188 66.5618573702299 68.9197883605957 65.076180091271 124.553248478816 116.610559316782 77.6654334435096 82.6305421682505 91.1106796264648 98.9528497549204 91.4519289456881 99.2136570857121 99.3082897479718 102.509912931002 98.714716397799
260.633709247296 274.727959266076 287.084736750676 267.81176170936 242.195239727314 217.262999314528 245.943666898287 290.298242422251 -9999 394.994901216947 412.714733417218 321.667048527644 266.636533297025 214.223301814153 197.769633366511 179.06061730018 166.491877629207 143.583458533654 121.311706542969 112.184900137094 104.596113351675 100.050545325646 93.6243027907151 96.8793710561899 100.424250089205 99.6401930588942 112.526098398062 111.244777972882 95.3310881394606 113.53747852032 74.626582805927 99.2947593102088 81.9150220430814 72.78276854295 92.801274226262 89.6654616135817 53.5854302919828 54.0486816993127 66.5364773090069 73.9833573561448 63.9648102980394 56.0536785125732 -9999 -9999 -9999 -9999 -9999 -9999 84.3433186457707 83.2230001596304 80.4591853802021 78.3802625215971 91.8061042198768 87.3256982656626 84.9242715101976 93.2388666593111 102.008613586426 98.1366923405574 112.216255774865 116.26218355619 116.908991300143 120.926077035757 111.710212120643
242.651465782752 223.485983041617 188.347334641677 172.980453491211 161.450380178598 163.297049302321 -9999 -9999 -9999 307.96165231558 384.161142202524 417.244013859675 395.700063852163 295.832932692308 252.148495013897 218.339497492864 198.613768357497 169.515662560096 151.00473844088 134.186693044809 120.472535353441 113.889876732459 111.786980849046 108.944467984713 105.076193002554 110.785358135517 126.070979778583 154.949680034931 118.009238609901 132.508176950308 112.4191601093 106.200048593374 114.305522038386 104.463392991286 85.0952174846943 74.1905831557054 56.9344969529372 55.0511380709135 66.2864808302659 72.8857163649339 61.3982009887695 -9999 -9999 -9999 -9999 -9999 -9999 -9999 104.269592285156 97.3448275052584 94.4463301438552 90.1101637620192 77.9488396277794 72.591371682974 75.3851066002479 90.6053243783804 108.847365746131 128.056015014648 140.085808974046 142.106722318209 139.769872225248 152.853698730469 141.814571087177
290.920309213492 256.386172954853 219.101123516376 186.855715238131 159.213869535006 -9999 -9999 -9999 -9999 -9999 -9999 312.911625788762 426.028681828425 387.535853459285 313.676940917969 271.901685274564 216.540439312275 186.746795654297 181.5899611253 162.285283015325 151.986180232121 141.184517493615 133.688356252817 123.746702340933 112.873823312613 110.921633793758 109.545975318322 96.7002504788912 90.5600362924429 88.1504909808819 79.9764474722055 77.6834957416241 75.3365774888259 76.1782863323505 76.1014336806077 69.618526165302 62.3301564730131 58.2897089444674 64.5119758019081 63.7953080397386 -9999 -9999 -9999 -9999 -9999 -9999 -9999 -9999 -9999 134.740004319411 146.286023066594 -9999 -9999 -9999 -9999 -9999 -9999 168.337735689603 194.482623760517 207.688095092773 207.209371713492 199.319598858173 175.561079758864
-9999 270.722997812124 242.13869535006 214.333411583534 197.252140925481 167.875627957858 146.456708467924 -9999 -9999 -9999 -9999 -9999 298.666115394005 345.111511230469 357.095005915715 319.172912597656 256.630023662861 219.799335186298 194.78566800631 185.757958045373 172.587515024038 157.682169987605 148.932678222656 135.144441457895 117.704091585599 110.21448810284 99.8848337026743 83.9292664161095 77.3230963486891 73.3587132967435 69.7328370901255 69.8990132258489 69.8142676720252 74.2980202894944 80.2735334543081 71.4814403240497 65.5877987788274 64.3872208228478 62.1325598496657 -9999 -9999 -9999 -9999 -9999 -9999 -9999 -9999 -9999 -9999 -9999 -9999 -9999 -9999 -9999 -9999 -9999 -9999 -9999 -9999 -9999 272.198661217323 198.874712430514 173.143475459172
-9999 -9999 -9999 239.795153104342 217.249139639047 198.560564481295 189.803207397461 186.045103806716 183.67410160945 -9999 -9999 -9999 -9999 277.486121544471 329.999784029447 328.544217623197 309.566774808443 289.771737905649 264.028604360727 232.635283250075 219.011734008789 181.655992948092 177.463029127855 155.249861497145 126.820743854229 107.958563584548 94.5241752037635 83.4746064406175 76.3300960247333 70.9841041564941 69.2624687781701 72.4285058241624 74.3540385319636 77.2968594477727 80.0403656592736 79.1067792452299 76.7188846881573 75.8583649855394 76.5725385225736 -9999 -9999 -9999 -9999 -9999 -9999 -9999 -9999 -9999 -9999 -9999 -9999 -9999 -9999 -9999 -9999 -9999 -9999 -9999 -9999 -9999 -9999 291.852313701923 173.261538578914
-9999 -9999 -9999 245.089645385742 231.027668879582 213.529016348032 202.478958716759 204.240342947153 201.270185030424 193.635434664213 -9999 -9999 -9999 -9999 -9999 305.045340904823 371.665231557993 396.886729313777 338.928077110877 289.344799335186 266.578372661884 252.702846820538 209.557005662185 171.20118361253 137.807172335111 105.5098730234 85.2754149803748 78.601930471567 73.9706326998197 74.8122978210449 77.4435662489671 83.3098297119141 85.3497930673452 83.5820588331956 84.6643902705266 84.0916818472055 85.6141533484826 81.8842025169959 -9999 -9999 -9999 -9999 -9999 -9999 -9999 -9999 -9999 -9999 -9999 -9999 -9999 -9999 -9999 -9999 -9999 -9999 -9999 -9999 -9999 -9999 -9999 -9999 -9999
-9999 -9999 320.296142578125 -9999 213.823391254132 215.46468764085 227.793583796575 231.971684382512 210.90183199369 214.883543748122 -9999 -9999 -9999 -9999 -9999 -9999 -9999 380.934769850511 388.514988825871 356.295694204477 319.065602229192 273.244806142954 234.475496732272 192.995788574219 141.231271597055 102.273752652682 80.1062745314378 69.3004443828876 65.2650803786058 79.0971603393555 91.535023029034 108.656862699069 114.957626342773 102.06571490948 108.333118145282 93.8058151831994 92.9794995234563 95.4954810509315 -9999 -9999 -9999 -9999 -9999 -9999 -9999 -9999 -9999 -9999 -9999 -9999 -9999 -9999 -9999 -9999 -9999 -9999 -9999 -9999 -9999 -9999 -9999 -9999 -9999
240.397167499249 -9999 -9999 -9999 -9999 224.108150775616 247.359291663537 255.761154174805 217.765122633714 222.495411799504 211.686309814453 -9999 -9999 -9999 -9999 -9999 -9999 -9999 -9999 -9999 467.460083007812 298.225664578951 260.737277691181 194.358362051157 136.748400761531 101.529512845553 88.4755783081055 81.8331624544584 90.0370096059946 102.773499708909 86.4823338435246 84.6722790644719 94.8606995802659 98.6462155855619 101.298286731427 105.836250305176 119.299030597393 120.622337341309 -9999 -9999 -9999 -9999 -9999 -9999 -9999 -9999 -9999 -9999 -9999 -9999 -9999 -9999 -9999 -9999 -9999 -9999 -9999 -9999 -9999 -9999 -9999 -9999 -9999
206.13387122521 -9999 -9999 -9999 -9999 -9999 -9999 286.529470590445 283.404210017278 264.789071890024 227.66094149076 204.009688157302 174.640000563401 169.400951678936 -9999 -9999 -9999 -9999 -9999 -9999 -9999 405.862954946665 269.60941021259 194.440912099985 141.566633371206 100.705717233511 93.2500281700721 105.86618746244 120.909018296462 121.78084564209 149.682339594914 161.745245126578 148.853904137245 146.208358177772 139.318163358248 137.820631173941 144.292454059307 162.639001112718 -9999 -9999 -9999 -9999 -9999 -9999 -9999 -9999 -9999 198.276728703425 165.705535301795 128.904697124775 127.090538024902 127.028991699219 -9999 -9999 -9999 -9999 -9999 -9999 -9999 -9999 -9999 -9999 -9999
207.064461341271 -9999 -9999 -9999 -9999 -9999 -9999 -9999 -9999 265.107419527494 249.149618295523 228.576286902794 206.647127591647 183.521680391752 182.255011925331 -9999 -9999 -9999 -9999 -9999 -9999 343.807506854718 285.887692964994 213.838186410757 160.671210655799 122.075444148137 113.304227975699 113.594152597281 116.638572692871 132.366828331581 152.226650531475 171.626508859488 188.931401179387 193.592681884766 162.748131972093 167.916251549354 165.970073406513 155.887101980356 201.22278888409 240.812659630409 -9999 -9999 -9999 -9999 -9999 183.051619896522 234.112629817082 180.578722440279 114.573192009559 80.9111545269306 82.7873655465933 87.0355468163123 86.6217821561373 99.0027096088116 131.742017305814 181.928424541767 -9999 -9999 -9999 -9999 -9999 -9999 -9999
236.947156465971 -9999 -9999 -9999 -9999 -9999 -9999 -9999 -9999 -9999 -9999 243.318830049955 228.543764554537 218.218538724459 211.789736234225 196.697244497446 194.909308213454 -9999 -9999 -9999 -9999 350.091775747446 314.066479022686 251.348298292894 201.024728628305 150.36431826078 125.30616584191 120.500341562124 126.835369403546 147.414307227501 -9999 177.331856360802 -9999 -9999 184.044805673453 189.530989426833 220.280315692608 219.372401310847 207.991208589994 208.739320021409 221.401482215294 192.004817669208 171.328528771034 158.67727132944 128.417374244103 151.316224905161 167.378797677847 155.909964341384 105.414612696721 67.9281940460205 65.9744074894832 66.9151804997371 71.1097309405987 80.3924692594088 97.7611571091872 116.106515150804 132.729245112492 139.978851318359 139.676801828238 143.715410085825 125.094696044922 115.415627112755 112.492298419659
240.453464214618 -9999 -9999 -9999 -9999 -9999 -9999 -9999 -9999 -9999 -9999 -9999 238.068818312425 248.489059448242 242.617963350736 -9999 -9999 -9999 201.480355482835 -9999 -9999 427.257969782903 357.150986891526 309.723925076998 249.30297264686 179.415941678561 144.681536160983 -9999 146.321533203125 -9999 232.593961275541 -9999 -9999 -9999 232.688610370343 247.317630474384 248.469057523287 232.346028254582 233.034791212815 213.956861055814 236.52940251277 147.52932211069 113.965091998761 114.459974729098 107.301453810472 102.147384350116 115.24212881235 115.630661010742 85.9723343482384 59.1480960845947 61.7110974238469 79.0175493680514 80.5253207866962 78.6046007596529 81.0531164316031 87.8195416377141 101.01897254357 109.386468153733 113.981860234187 110.663830683782 90.4451604989859 72.3263893127441 81.9849665715144
223.443500225361 -9999 -9999 -9999 -9999 -9999 -9999 -9999 -9999 -9999 -9999 -9999 -9999 -9999 271.296379676232 -9999 -9999 -9999 -9999 -9999 -9999 269.725281935472 468.058424729567 404.464435283954 299.403956486629 237.840870783879 163.815145639273 144.461195138785 -9999 -9999 -9999 -9999 -9999 -9999 265.13730093149 282.834625244141 271.874870887169 228.869740412785 217.057944664588 208.75396493765 232.19394155649 209.796794011043 111.263736137977 79.9273132911095 80.1789016723633 71.1927364055927 71.8837013244629 74.275639460637 67.1736893287072 67.8905199491061 66.7581621316763 98.3259708697979 88.8159543550932 77.9542673551119 74.3003856952374 76.4152374267578 84.0361248896672 89.3235658498911 101.51314662053 118.059433570275 117.808381300706 121.117436922514 104.433849921593
201.393282376803 -9999 -9999 -9999 -9999 -9999 -9999 -9999 -9999 -9999 -9999 -9999 -9999 -9999 309.814948448768 291.468620887169 -9999 -9999 -9999 -9999 -9999 -9999 -9999 421.123990572416 355.188685490535 270.466930682843 202.708156879132 174.547940767728 271.278658353365 -9999 -9999 -9999 -9999 -9999 294.96276972844 306.663501446064 285.192447368915 234.661734947791 224.085713313176 237.851877065805 239.654145460862 180.303380526029 113.416737483098 86.2912468543419 76.1738780095027 72.3053263150729 64.1809214078463 69.4351460383489 76.5469709543081 91.5431759174053 88.6678906954252 97.3249505849985 91.2146565363957 78.4790106553298 76.9334461505596 76.8959655761719 78.8595223060021 78.5534486037034 106.528162442721 115.811827439528 127.91357245812 127.93579688439 165.639451246995
-9999 -9999 -9999 -9999 -9999 -9999 -9999 -9999 -9999 -9999 -9999 -9999 -9999 -9999 321.341994065505 -9999 -9999 -9999 -9999 -9999 -9999 -9999 -9999 282.800274188702 377.3687110314 299.749384953425 236.830733079177 205.927358774038 -9999 -9999 -9999 -9999 -9999 -9999 -9999 -9999 327.08973811223 276.501821664663 245.810438889724 254.764454768254 213.396466768705 146.596199622521 111.417880718525 94.559211730957 106.523171058068 87.9698603703425 64.5928905193622 64.1175337571364 76.4474833561824 83.1256678654597 90.4082025381235 92.2961818988507 73.0583560650165 68.3828952495868 77.5327441875751 83.9109907883864 85.4835715660682 90.7048181387094 121.795059790978 140.575420673077 107.311376718374 126.984276111309 149.599946828989
-9999 -9999 -9999 -9999 -9999 -9999 -9999 -9999 -9999 -9999 -9999 -9999 -9999 280.891418457031 301.275754488432 -9999 -9999 -9999 -9999 -9999 -9999 -9999 -9999 -9999 -9999 319.958592341496 -9999 -9999 240.954086303711 234.174701397236 -9999 -9999 -9999 -9999 -9999 337.22259756235 349.106905423678 325.603149414062 293.033245380108 250.890332735502 186.84476177509 138.404168935922 144.546347398024 162.906530526968 165.770958533654 121.770116952749 80.0126926715557 71.8635808504545 72.8175600492037 81.1219764122596 73.6802406311035 79.4198009784405 85.9654972369854 92.92430466872 108.331324063815 114.167048821082 110.250715695895 115.858448028564 117.671777578501 130.782292879545 145.552852924053 164.44729086069 165.810648404635
-9999 -9999 -9999 -9999 -9999 -9999 -9999 175.767619206355 169.560529268705 172.446940495418 179.074694119967 209.122861422025 -9999 -9999 -9999 -9999 -9999 -9999 -9999 -9999 -9999 -9999 -9999 280.913702157828 -9999 353.812507042518 356.858713003305 312.41607431265 -9999 -9999 -9999 -9999 -9999 -9999 -9999 285.210910503681 366.572056696965 383.221390944261 375.150259164663 331.149022028996 227.933709951547 168.201049804688 171.970508282001 206.127379197341 201.61448434683 201.486956082858 156.022296612079 106.14017369197 74.3923289959247 64.1695181039663 68.8054695129395 78.8538102370042 119.029412783109 185.010189349835 190.309604351337 182.132520235502 150.519772456242 158.106662456806 214.489591158353 195.459735576923 198.094427255484 202.824033297025 184.748075045072
-9999 209.446932279147 -9999 -9999 -9999 -9999 -9999 -9999 -9999 180.653688870944 188.254653930664 226.115469125601 -9999 -9999 -9999 -9999 -9999 -9999 -9999 -9999 -9999 -9999 -9999 -9999 -9999 360.729360727163 363.487091064453 336.720681997446 -9999 -9999 -9999 -9999 -9999 -9999 -9999 -9999 -9999 417.543395996094 538.274660550631 450.930227426382 283.742394080529 210.580815241887 184.614559467022 341.820685753456 283.803125234751 273.820159912109 266.711592454177 189.557401216947 89.6625791696402 86.7720471895658 117.199423569899 215.085669884315 341.915060190054 284.619554959811 287.409481342022 267.919556837815 217.936767578125 189.998072697566 197.766456017127 205.078883244441 199.724286592924 204.619100717398 198.085856511043
255.02587890625 221.164392324594 188.15557039701 166.505835313063 -9999 -9999 -9999 -9999 -9999 -9999 -9999 208.833612295297 -9999 -9999 -9999 -9999 -9999 -9999 -9999 -9999 -9999 -9999 -9999 -9999 -9999 -9999 -9999 -9999 -9999 -9999 -9999 -9999 301.873789860652 -9999 -9999 -9999 -9999 -9999 481.198723426232 534.207212007963 398.177849402794 252.215671245868 234.163612952599 -9999 -9999 497.723369891827 319.877346332257 261.929709801307 179.330186110276 169.000994168795 247.508922870343 -9999 347.704247107873 317.353745680589 336.036468505859 295.812389667218 215.957487839919 177.316331129808 169.855986375075 169.047555776743 172.463985736553 174.356239905724 167.658128004808
227.501960167518 204.663030771109 171.975432175856 -9999 -9999 -9999 -9999 -9999 -9999 -9999 -9999 -9999 -9999 -9999 -9999 -9999 -9999 -9999 -9999 -9999 -9999 -9999 -9999 -9999 -9999 -9999 -9999 -9999 -9999 -9999 -9999 -9999 -9999 -9999 -9999 -9999 -9999 -9999 -9999 -9999 -9999 431.982447697566 -9999 -9999 -9999 -9999 -9999 325.586273193359 267.381107036884 254.666508601262 -9999 -9999 -9999 -9999 396.712850717398 287.683755727915 176.265406681941 154.707145104041 143.382548405574 137.093225919283 134.064073415903 143.124420166016 143.261852557843
211.809408334585 197.774095975436 138.465456449069 131.089800321139 -9999 -9999 -9999 -9999 -9999 -9999 -9999 -9999 -9999 -9999 -9999 -9999 -9999 -9999 -9999 -9999 -9999 -9999 -9999 -9999 -9999 -9999 -9999 -9999 -9999 -9999 -9999 -9999 -9999 -9999 -9999 -9999 -9999 -9999 -9999 -9999 -9999 -9999 -9999 -9999 -9999 -9999 -9999 -9999 -9999 -9999 -9999 -9999 -9999 -9999 404.955707256611 280.239318847656 180.238427969126 136.901963454026 118.236493037297 108.768446115347 102.886887183556 97.4119732196514 99.2739322368915
155.611684945913 151.496729924129 123.178315969614 116.842479999249 -9999 -9999 -9999 -9999 -9999 -9999 -9999 -9999 -9999 -9999 -9999 -9999 -9999 -9999 -9999 -9999 -9999 -9999 -9999 -9999 -9999 -9999 -9999 -9999 -9999 -9999 340.527266282302 389.609605055589 329.578364445613 290.595873319186 301.965994027945 -9999 -9999 -9999 -9999 -9999 -9999 -9999 -9999 -9999 -9999 -9999 -9999 -9999 175.78017953726 200.685502272386 -9999 -9999 -9999 -9999 395.885361891526 235.71182016226 167.613325852614 128.096304673415 101.985835148738 92.7681919978215 95.9842951847957 81.3968318058894 70.4066619873047
102.034398592435 103.579146751991 102.654318002554 101.353103050819 -9999 -9999 -9999 -9999 -9999 -9999 -9999 -9999 -9999 -9999 -9999 -9999 -9999 -9999 -9999 -9999 -9999 -9999 -9999 -9999 -9999 -9999 -9999 -9999 -9999 -9999 -9999 -9999 -9999 -9999 -9999 -9999 -9999 -9999 -9999 -9999 -9999 -9999 -9999 -9999 -9999 -9999 -9999 277.587574885442 228.046558086689 -9999 -9999 -9999 -9999 -9999 390.47599205604 245.813380314754 179.047767052284 126.725576547476 92.8204040527344 75.6016047551082 62.8014705364521 57.1854705810547 57.5350089439979
81.2101575411283 81.2669331477239 -9999 -9999 -9999 -9999 -9999 -9999 -9999 -9999 -9999 -9999 -9999 -9999 -9999 -9999 -9999 -9999 -9999 -9999 -9999 -9999 -9999 -9999 -9999 -9999 -9999 -9999 -9999 -9999 -9999 -9999 -9999 -9999 -9999 -9999 -9999 -9999 -9999 -9999 -9999 -9999 -9999 -9999 -9999 -9999 -9999 -9999 -9999 -9999 -9999 -9999 -9999 472.231602595403 421.777050311749 277.702040452224 169.991147554838 105.16967186561 65.4828667273888 55.1858350313627 59.4986002995418 55.0166995708759 52.8961328359751
