rasters/bioclim/bio13.asc
NCOLS 720 
NROWS 300 
XLLCORNER -180 
YLLCORNER -60 
CELLSIZE 0.5 
NODATA_value -9999 
[rows 224 to 251 of 300, columns 567 to 629 of 720]
-9999 -9999 -9999 -9999 -9999 -9999 -9999 -9999 -9999 -9999 -9999 -9999 -9999 -9999 -9999 -9999 -9999 -9999 -9999 -9999 -9999 -9999 62.7890604459322 63.6477581904485 66.4539020244892 70.003350184514 71.3126561091496 73.4151265070989 76.5488548278809 86.2819284292368 85.5089205228365 80.2059073814979 74.2326739384578 70.9042343726525 70.3143668541541 72.4008073073167 73.7320178105281 76.5611991882324 81.6078943105844 87.6235193105844 90.6193002554087 87.2704872718224 83.2633314866286 79.2243693425105 74.5545322711651 70.9216376084548 67.0991475031926 64.9231341435359 66.304511143611 67.5544556837816 68.8553006098821 70.7752814659706 75.0189258868878 79.360287299523 80.8153880192683 81.4527702331543 80.1571426391602 79.7013009878305 79.6974493173452 78.9899735083947 78.0159806471605 77.19292479295 74.8568452688364
-9999 -9999 -9999 -9999 -9999 -9999 -9999 -9999 -9999 -9999 -9999 -9999 -9999 -9999 -9999 -9999 -9999 -9999 -9999 -9999 58.2597547677847 56.4049525627723 59.8560975881723 60.7243367708646 61.6497697096605 62.2488344632662 63.2590208787185 64.2300596970778 68.415214245136 75.4515897310697 77.1991289578951 74.9011969933143 72.2457595238319 70.2451453575721 66.7071363008939 66.7734956007737 67.0908053471492 69.033386523907 73.6098817678598 82.5261793870192 84.7210517296424 83.3309954129733 79.4526120699369 74.8927468519944 71.8139428358812 69.3698466374324 65.6977269099309 63.2417878371019 62.5494907085712 63.1751488905687 64.4481606116662 66.4771631681002 71.1447357764611 75.0535827049842 75.6825403066782 76.9067171536959 77.7479529747596 78.187007023738 76.2630940950834 76.1785219632662 73.4121733445388 71.5482418353741 71.0779371995192
-9999 -9999 -9999 -9999 -9999 -9999 -9999 -9999 -9999 -9999 -9999 -9999 -9999 -9999 -9999 -9999 -9999 -9999 -9999 -9999 -9999 51.5642157334548 52.8948804415189 51.8711125300481 53.8324329669659 56.1628734882061 57.8761532123272 58.9712732755221 61.1189223069411 64.4773665208083 66.2748867915227 68.4372279827411 69.1113143334022 68.2926535973182 66.1309388967661 63.6410868718074 62.8691236055814 62.6636731074407 65.2792020944449 70.5915453984187 73.9870306161734 76.8679530803974 75.6697164682242 74.1842349125789 69.6138907212477 67.1722884544959 62.4711564870981 60.1090935927171 58.5797952505258 57.5530747633714 58.3531012901893 60.6696410545936 62.9326166006235 65.8104027968187 67.726330096905 68.1312995323768 70.8709807762733 71.8242087730995 72.3138228196364 67.2262045053335 65.6102030827449 64.7125766460712 61.4186556889461
-9999 -9999 -9999 -9999 -9999 -9999 -9999 -9999 -9999 -9999 -9999 -9999 -9999 -9999 -9999 -9999 -9999 -9999 -9999 -9999 51.1319007873535 48.8483569805439 45.8763997004582 44.5571124737079 48.3925505418044 51.1271931574895 50.9404514019306 53.5969490638146 54.5225580655611 56.6942308866061 56.7954395000751 58.6654962392954 62.4071608323317 63.9177856445312 62.5248093238244 60.4646723820613 62.2162123460036 63.7656211853027 65.78692480234 68.9653056218074 71.4463189932016 70.3494497445913 70.608830672044 70.525564633883 67.0401097811185 63.9977510892428 59.7526391836313 57.85614160391 56.5575053875263 54.4432399456318 53.7280484713041 54.6929893493652 56.1613892775315 59.4836064852201 61.6316660367526 64.0133602435772 64.6975769629845 63.3489332932692 63.0179003201998 59.9840539785532 56.7552490234375 53.1127865131085 50.9015370882474
-9999 -9999 -9999 -9999 -9999 -9999 -9999 -9999 -9999 -9999 -9999 -9999 -9999 -9999 -9999 -9999 -9999 -9999 -9999 -9999 50.9143207256611 46.1979053203876 42.8683722569392 42.0493833101713 44.7198644784781 47.473692380465 48.6637103740986 49.7938050490159 49.9853051992563 49.9499241755559 49.6816400381235 51.395381634052 55.4853982191819 56.4317811819223 56.6294769873986 56.4819400493915 58.5064421433669 60.5014155461238 62.9419059753418 67.7644389225886 71.0096147977389 69.1635665893555 68.0218954819899 65.711431650015 62.7647223839393 59.4745078453651 57.0273032555213 56.6636745746319 56.1570129394531 53.8249901991624 51.9537247877855 50.1003294724685 51.2638012812688 53.3725242614746 56.5426092881423 58.215753702017 58.375907604511 53.7162766089806 52.1335868835449 51.8174203725962 49.5055559598483 46.4623803358812 43.0287705934965
-9999 -9999 -9999 -9999 -9999 -9999 -9999 -9999 -9999 -9999 -9999 -9999 -9999 -9999 -9999 -9999 -9999 -9999 -9999 -9999 50.7132794306828 46.3359184265137 43.2775856898381 40.0586936657245 40.7961644392747 41.1985322512113 42.8197053762583 43.1449172680195 44.2615758455717 44.517448425293 43.9468016991248 45.620871763963 49.4128680595985 51.586486522968 51.2681104219877 52.9948938809908 55.7684813279372 58.5621103140024 61.9621491065392 66.3920241135817 67.9788269629845 68.3867624722994 67.2732863793006 65.8572076650766 61.355091388409 59.4500839526837 57.8919996114878 56.5884271768423 55.2297576023982 51.6876492133507 50.7986200772799 52.0360142634465 53.6025678194486 53.6411446791429 53.277765420767 53.054444533128 52.6875223013071 51.8455464289739 50.2934719966008 48.0394645104041 45.9537168649527 44.0729474287767 43.8865476754995
-9999 -9999 -9999 -9999 -9999 -9999 -9999 -9999 -9999 -9999 -9999 -9999 -9999 -9999 -9999 -9999 -9999 -9999 -9999 -9999 -9999 47.8730545043945 42.872132227971 39.4547444857084 38.7707434434157 39.781748845027 39.140233700092 39.5593062180739 41.1319835369404 41.8960135533259 42.6065753056453 43.7252839895395 45.7882235600398 47.247659096351 47.0920779888447 50.3400538517879 53.2289123535156 54.9098736689641 58.9243225684533 61.9534733112042 63.952259357159 65.943229675293 66.0775683476375 62.7872930673453 62.1040825477013 61.2450819749099 60.0945839515099 57.6964558821458 55.563712486854 51.3570530231182 49.8510363652156 51.7463035583496 54.3192044771635 53.9358235872709 52.8567023644081 50.7869054354154 52.2604062007024 52.4414942814754 52.1890907287598 47.7493416712834 45.5710372924805 44.1667236915002 43.9287685981164
-9999 -9999 -9999 -9999 -9999 -9999 -9999 -9999 -9999 -9999 -9999 -9999 -9999 -9999 -9999 -9999 -9999 -9999 -9999 -9999 -9999 49.3678293961745 43.2547220083383 40.5547045194186 38.2878508934608 39.1141646458552 37.7894014211801 38.1949366056002 39.5407551985521 41.8910359602708 44.9188383542574 43.099214553833 43.1437291365403 45.7197940532978 47.8801307678223 50.9921751755935 50.5696370051457 51.3085544292743 53.5612464317909 56.0323776831994 58.0285981985239 60.2049454909105 60.7751470712515 60.326281620906 60.8398188077486 61.1693253150353 60.4412595308744 58.9572501549354 57.0117252056415 52.8665696657621 49.7398049281194 49.8631486159105 52.7841898111197 52.3800362807054 52.4446798471304 51.8844041090745 53.6359960115873 53.7078423133263 53.3012949136587 50.2071654979999 47.3810429206261 46.1389638460599 44.9227104187012
-9999 -9999 -9999 -9999 -9999 -9999 -9999 -9999 -9999 -9999 -9999 -9999 -9999 -9999 -9999 -9999 -9999 -9999 -9999 -9999 71.7741332420936 59.3105938251202 49.1260399451623 41.9252749222976 38.3999579502986 36.6020584106445 35.9855268918551 37.3434420365554 39.4892240671011 41.6189293494591 43.7706118363601 42.259057705219 41.1087812276987 44.114980844351 48.6962661743164 50.6483676616962 51.3901182321402 52.4280418982873 53.950996692364 54.4344353309044 55.2075961186336 56.6461360637958 58.2983260521522 57.5257286658654 57.8105267744798 57.7182584909292 57.7825067960299 57.2849514301007 56.5595612159142 53.5254361079289 52.4375152587891 52.4476198049692 53.3959900782659 54.2436830080472 53.3059463500977 53.5345099522517 53.6825432410607 52.9475530477671 50.6702732673058 47.6165664379413 43.8051933875451 42.664063673753 41.9793834686279
-9999 -9999 -9999 -9999 -9999 -9999 -9999 -9999 -9999 -9999 -9999 -9999 -9999 -9999 -9999 -9999 -9999 -9999 -9999 -9999 83.4198344304011 71.4791623629057 57.8441634544959 47.1401241009052 39.4687004089355 35.778590128972 35.3694022252009 37.6961624438946 40.6793358142559 43.4032054314247 43.6413028423603 41.9410687960111 40.729601933406 42.5000410813552 46.3551128094013 49.5995825254 50.6517380934495 52.096443763146 53.7436180114746 53.6995421189528 52.39582325862 53.4837473355807 54.352165222168 54.8996411837064 54.4464167081393 54.4387513674222 54.5843153733474 55.6563752981333 55.8901610741248 54.8683008047251 53.6600846510667 53.2924605149489 52.6839501307561 52.5765006725605 52.3967200059157 51.7844855968769 49.0694676912748 47.6057530916654 45.2422322493333 42.3338401500995 39.9289841285119 38.8942301823543 38.4297816936786
-9999 -9999 -9999 -9999 -9999 -9999 -9999 -9999 -9999 -9999 -9999 -9999 -9999 -9999 -9999 -9999 -9999 -9999 -9999 -9999 -9999 81.7897544273963 66.4337891798753 53.6543382497934 42.6942737285907 40.5539706303523 39.1799887143649 39.8273994739239 42.0821076906644 44.5995059380164 45.5013182713435 41.5085255549504 38.7571791135348 38.6799847529485 39.5390374110295 43.2171352093036 45.8249159592849 49.9237811748798 49.8090870197003 48.9910568824181 49.1713136526255 49.4293650113619 49.7827098552997 50.1338905921349 50.1948746901292 49.9543663905217 49.7106403937707 48.8271902524508 48.8310731741098 49.961051940918 51.6271730569693 49.4448898021991 48.8005777505728 47.3694367041955 46.8992664630596 45.7334285149207 44.7954075153057 43.4984698662391 42.4523086547852 38.1053327413706 36.624383192796 34.7978107745831 35.0809056208684
-9999 -9999 -9999 -9999 -9999 -9999 -9999 -9999 -9999 -9999 -9999 -9999 -9999 -9999 -9999 -9999 -9999 -9999 -9999 -9999 -9999 92.3512854942909 75.6695357102614 62.4003407404973 50.6473168593187 44.3196557851938 40.8444523444543 39.5855806790865 40.1298179626465 43.1941556196946 46.7400063734788 43.1758854205792 39.7043860508845 38.9054819253775 38.552986731896 38.5414802844708 41.6393246283898 46.6327667236328 47.1566848754883 45.8418285663311 44.9610334543081 44.584140924307 45.8724256662222 46.0097530071552 46.2904181847206 47.5294906909649 47.1589264502892 46.4081660050612 46.6240064180814 46.8823189368615 49.6828717451829 46.8198133615347 43.8998867915227 43.27371435899 43.7157016167274 41.8018597822923 42.2323912107028 39.997396175678 39.5362403576191 37.022761124831 35.6722420912523 33.9489269256592 33.6666388878456
-9999 -9999 -9999 -9999 -9999 -9999 -9999 -9999 -9999 -9999 -9999 -9999 -9999 -9999 -9999 -9999 -9999 -9999 -9999 -9999 -9999 -9999 90.7273283738356 76.5003427358774 63.1380271911621 50.1177820058969 42.3970297299899 40.4166446098914 40.7425252474271 42.220080449031 45.2134284973145 44.4566594637357 43.4507252619817 41.3374269925631 39.0629703815167 37.3133166386531 38.2418377216046 40.9483334467961 42.3062290778527 42.7885425274189 42.7810790722187 42.8972035921537 41.3306826077975 42.2012371650109 44.736169228187 47.1120262145996 46.8208797161396 45.1979808807373 45.6132350334754 45.8133782606858 46.9194941887489 43.9305158761831 40.7864350538987 39.8757048386794 40.1448072286753 40.4223436208872 39.7457469059871 38.5984127338116 37.6605999286358 37.461151269766 36.944735453679 35.024871972891 34.9714698791504
-9999 -9999 -9999 -9999 -9999 -9999 -9999 -9999 -9999 -9999 -9999 -9999 -9999 -9999 -9999 -9999 -9999 -9999 -9999 -9999 -9999 -9999 109.412161020132 91.4099919245793 75.9605431189904 60.2909742502066 50.1570082444411 45.5065935575045 43.9238181480995 42.42520068242 42.763677743765 42.4536904555101 42.4005454136775 40.9501401461088 39.7548198699951 38.0846695533166 37.4042100172776 37.3562691028302 36.90599999061 38.0835075378418 39.1448167654184 40.6184186201829 39.7386746039757 39.629984488854 40.7333023364727 41.4965821779691 40.6931555821345 39.8091722635122 39.756840632512 40.1699092571552 41.1388871119573 39.3159791506254 36.7938606555645 36.0823173522949 37.3230115450346 38.3161805959848 37.8840418595534 37.2867334806002 36.4345211615929 36.9124836554894 36.0097513932448 34.3158391805796 34.9096521230844
-9999 -9999 -9999 -9999 -9999 -9999 -9999 -9999 -9999 -9999 -9999 -9999 -9999 -9999 -9999 -9999 -9999 -9999 -9999 -9999 -9999 -9999 -9999 107.430032583383 90.6770764864408 69.0359438382662 58.1050740755521 54.5221143869253 48.7153182396522 42.9389586815467 40.8470321068397 39.6997900742751 39.896604684683 40.0408986898569 39.2953723027156 38.6558023599478 36.5596643594595 35.4621385427622 34.6117968926063 34.5685647817758 35.6921843015231 37.2628920628474 38.2284996326153 39.1422629723182 39.449926669781 37.8636348430927 36.2145172999455 34.3406845973088 34.7105994591346 36.2546988267165 36.5493476574238 35.7913297506479 34.1789373251108 33.7433611062857 36.8092469435472 37.9044660421518 37.5618008833665 36.6260424393874 36.1701931586632 36.260598549476 35.9563956627479 34.7964891286997 33.9546052492582
-9999 -9999 -9999 -9999 -9999 -9999 -9999 -9999 -9999 -9999 -9999 -9999 -9999 -9999 -9999 -9999 -9999 -9999 -9999 -9999 -9999 -9999 -9999 122.464229290302 105.418177091158 86.7373774601863 68.6698414729192 57.2888902517465 48.6796748821552 44.9741838895358 42.9350857367882 40.6693818018987 39.0837179330679 38.5842317434458 38.4898678706243 38.5058639232929 35.7211501781757 33.6953390561617 31.9963949643649 31.5245662102332 32.5773454812857 33.7502654148982 35.4773993858924 34.4063110351562 34.0583898104154 33.6465267768273 33.0415031726544 31.6142410865197 32.2346302912785 33.9071439596323 35.2897092379056 35.046719624446 34.9393565838154 35.9342959477351 37.667583318857 38.7591005472037 38.5422081580529 37.9309918330266 36.0306041424091 36.5694097372202 36.4741868239183 35.1024051079383 33.4974566239577
-9999 -9999 -9999 -9999 -9999 -9999 -9999 -9999 -9999 -9999 -9999 -9999 -9999 -9999 -9999 -9999 -9999 -9999 -9999 -9999 -9999 -9999 -9999 142.23641028771 126.635925879845 103.059662452111 76.2682858980619 59.8378592271071 53.2160022442157 48.5369647099422 46.7254321758564 43.1820449829102 40.8082034771259 39.7415535266583 39.4549711667574 39.9778348482572 37.8963002424974 35.7360581618089 33.7241406073937 31.1011298252986 30.7647596505972 30.8086995344896 31.9290576347938 33.4778423309326 34.7083099071796 35.3463303492619 34.5021415123573 32.7542454646184 32.3643412956825 32.7946206606351 34.5870057619535 34.2415950481708 35.2217769622803 36.4739966759315 38.0641626211313 38.9507183661828 39.1721691718468 37.8777125431941 37.2941458775447 37.3251064007099 36.5869237459623 35.5174786494328 33.9605887486384
-9999 -9999 -9999 -9999 -9999 -9999 -9999 -9999 -9999 -9999 -9999 -9999 -9999 -9999 -9999 -9999 -9999 -9999 -9999 -9999 -9999 -9999 -9999 160.631172767052 137.136654780461 109.285564129169 83.7507165762094 66.8080690824068 60.1201312725361 54.8627492464506 50.0207780691294 47.2308933551495 44.2731613746056 41.4775836651142 41.9651747483474 42.4813638833853 40.7880662771372 38.5915564023531 36.5651355156532 32.9800045306866 31.6325758420504 30.3490367302528 32.7315397996169 34.637847166795 36.624940432035 38.885985154372 38.08126610976 35.7856376354511 34.5635367173415 34.8578012906588 35.1404671302209 35.7304317767803 35.9646657797006 35.2599190932054 35.4209487621601 36.0711658184345 36.1620969038743 36.0525762117826 37.0466726743258 37.5825095543495 38.1604253328764 37.2815427046556 36.7168539487399
-9999 -9999 -9999 -9999 -9999 -9999 -9999 -9999 -9999 -9999 -9999 -9999 -9999 -9999 -9999 -9999 -9999 -9999 -9999 -9999 -9999 -9999 -9999 -9999 160.753640981821 129.181803776668 94.4797615638146 73.6335748525766 65.6046882042518 59.2420410743127 53.3083845285269 49.0716224083534 43.7043700584998 41.0537797487699 40.7653041252723 40.3842449188232 40.1167247478779 39.7889804840088 38.23166847229 35.6394911545974 33.867216697106 32.182531943688 32.9875485346868 34.2308976100041 36.8905060107891 39.2403017190787 38.3794049483079 36.9845343369704 36.1696943136362 36.4859777597281 36.1915652935322 35.2386917701134 35.2523247645452 35.1820851839506 35.074583200308 35.3918264829195 36.3031154045692 37.1263019855206 38.2331231924204 37.711212011484 37.464375275832 37.8616337409386 38.4887883112981
-9999 -9999 -9999 -9999 -9999 -9999 -9999 -9999 -9999 -9999 -9999 -9999 -9999 -9999 -9999 -9999 -9999 -9999 -9999 -9999 -9999 -9999 -9999 -9999 185.699109590971 154.835730919471 109.500282287598 83.538827749399 69.4011013324444 63.5566186171312 57.3669413053072 51.1014512869028 47.7506124056303 42.7622322669396 40.7042922973633 40.7433002178486 41.1048557574932 40.2906222710243 40.4842868218055 39.1804391420805 37.879396878756 37.1301397176889 36.0557484259972 35.2709313906156 35.9351946023794 37.0379271874061 36.9359331864577 37.0433229299692 37.4573387732873 37.9713571988619 37.6144375434289 -9999 -9999 -9999 -9999 -9999 -9999 42.4982288067157 44.7960510253906 43.1793949420636 40.9348866389348 40.796964938824 40.5410057948186
-9999 -9999 -9999 -9999 -9999 -9999 -9999 -9999 -9999 -9999 -9999 -9999 -9999 -9999 -9999 -9999 -9999 -9999 -9999 -9999 -9999 -9999 -9999 -9999 204.944977980394 180.509708111103 127.313617999737 92.8329508854793 74.7481296245868 65.1375456589919 56.103460752047 53.2911576491136 50.9118464543269 47.6571951646071 45.2281411977915 44.6829693134014 43.7389130225548 43.0640329214243 41.905751154973 40.4136754549467 39.0146220280574 39.2024876521184 39.7206799433782 38.7309065598708 37.0740017524132 35.9880623450646 35.8725509643555 36.7174623929537 -9999 -9999 -9999 -9999 -9999 -9999 -9999 -9999 -9999 -9999 -9999 39.6179343003493 39.9343335078313 43.0537609687218 47.0963202256423
-9999 -9999 -9999 -9999 -9999 -9999 -9999 -9999 -9999 -9999 -9999 -9999 -9999 -9999 -9999 -9999 -9999 -9999 -9999 -9999 -9999 -9999 -9999 -9999 219.097989595853 196.642310509315 138.690086364746 104.459391080416 81.8851465078501 67.9877829918495 56.7582089350774 54.874516413762 52.8719925513634 50.3014561579778 50.677542759822 50.1894968472994 50.6958961486816 49.0342512864333 46.9993826059195 43.509509746845 41.424937908466 41.0439412043645 41.3710582439716 -9999 -9999 -9999 -9999 -9999 -9999 -9999 -9999 -9999 -9999 -9999 -9999 -9999 -9999 -9999 -9999 -9999 -9999 48.7494753324069 53.881946857159
-9999 -9999 -9999 -9999 -9999 -9999 -9999 -9999 -9999 -9999 -9999 -9999 -9999 -9999 -9999 -9999 -9999 -9999 -9999 -9999 -9999 -9999 -9999 -9999 210.893876295823 187.905204186073 145.023766150841 110.346664428711 88.5333075890174 72.0622180058406 61.0313817537748 58.5396041870117 55.2043143052321 53.3438421396109 55.6467387859638 56.9426119877742 60.8646384019118 59.890509385329 57.1062228863056 49.6426045344426 46.0012318537785 -9999 -9999 -9999 -9999 -9999 -9999 -9999 -9999 -9999 -9999 -9999 -9999 -9999 -9999 -9999 -9999 -9999 -9999 -9999 -9999 -9999 64.1857047447791
-9999 -9999 -9999 -9999 -9999 -9999 -9999 -9999 -9999 -9999 -9999 -9999 -9999 -9999 -9999 -9999 -9999 -9999 -9999 -9999 -9999 -9999 -9999 210.333391629733 200.764182457557 177.374089167668 140.917419433594 109.414161682129 90.4614944458008 76.6183342566857 66.8164264972393 63.8467460045448 64.0814995398888 62.4354567894569 65.5480842590332 69.4264297485352 79.6885833740234 78.0758625910832 71.8093842726487 63.0233703026405 56.362055851863 -9999 -9999 -9999 -9999 -9999 -9999 -9999 -9999 -9999 -9999 -9999 -9999 -9999 -9999 -9999 -9999 -9999 -9999 -9999 -9999 -9999 -9999
-9999 -9999 -9999 -9999 -9999 -9999 -9999 -9999 -9999 -9999 -9999 -9999 -9999 -9999 -9999 -9999 -9999 -9999 -9999 -9999 -9999 -9999 -9999 212.706605177659 193.769267155574 170.005117563101 144.637357271635 117.279766376202 97.9725488516001 85.4038790189303 78.90283203125 80.877082824707 -9999 -9999 -9999 -9999 -9999 -9999 -9999 -9999 -9999 -9999 -9999 -9999 -9999 -9999 -9999 -9999 -9999 -9999 -9999 -9999 -9999 -9999 -9999 -9999 -9999 -9999 -9999 -9999 -9999 -9999 -9999
-9999 -9999 -9999 -9999 -9999 -9999 -9999 -9999 -9999 -9999 -9999 -9999 -9999 -9999 -9999 -9999 -9999 -9999 -9999 -9999 -9999 -9999 -9999 -9999 -9999 172.966138399564 156.159298236553 135.972498380221 121.526258028471 102.860970130334 -9999 -9999 -9999 -9999 -9999 -9999 -9999 -9999 -9999 -9999 -9999 -9999 -9999 -9999 -9999 -9999 -9999 -9999 -9999 -9999 -9999 -9999 -9999 -9999 -9999 -9999 -9999 -9999 -9999 -9999 -9999 -9999 -9999
-9999 -9999 -9999 -9999 -9999 -9999 -9999 -9999 -9999 -9999 -9999 -9999 -9999 -9999 -9999 -9999 -9999 -9999 -9999 -9999 -9999 -9999 -9999 -9999 -9999 -9999 -9999 -9999 -9999 -9999 -9999 -9999 -9999 -9999 -9999 -9999 -9999 -9999 -9999 -9999 -9999 -9999 -9999 -9999 -9999 -9999 -9999 -9999 -9999 -9999 -9999 -9999 -9999 -9999 -9999 -9999 -9999 -9999 -9999 -9999 -9999 -9999 -9999
-9999 -9999 -9999 -9999 -9999 -9999 -9999 -9999 -9999 -9999 -9999 -9999 -9999 -9999 -9999 -9999 -9999 -9999 -9999 -9999 -9999 -9999 -9999 -9999 -9999 -9999 -9999 -9999 -9999 -9999 -9999 -9999 -9999 -9999 -9999 -9999 -9999 -9999 -9999 -9999 -9999 -9999 -9999 -9999 -9999 -9999 -9999 -9999 -9999 -9999 -9999 -9999 -9999 -9999 -9999 -9999 -9999 -9999 -9999 -9999 -9999 -9999 -9999
