rasters/bioclim/bio18.asc
NCOLS 720 
NROWS 300 
XLLCORNER -180 
YLLCORNER -60 
CELLSIZE 0.5 
NODATA_value -9999 
[rows 112 to 139 of 300, columns 315 to 377 of 720]
-9999 -9999 -9999 -9999 -9999 -9999 -9999 -9999 -9999 -9999 -9999 -9999 -9999 -9999 -9999 -9999 -9999 -9999 -9999 -9999 -9999 -9999 -9999 -9999 -9999 -9999 -9999 -9999 -9999 -9999 8.18909560258572 12.8363549525921 17.9740554369413 23.0917777281541 30.8207223598774 32.8972457739023 43.0767850142259 39.3647041320801 40.9762721428504 47.9604242764986 43.040806550246 37.137417279757 35.1517438154954 37.3248976193942 38.693520619319 39.815977536715 43.6872918055608 48.5419483184814 49.2050244258 44.9392899733323 39.5991403139555 33.8849956805889 29.4264633472149 26.7308376752413 22.867999296922 18.689596763024 15.6180938390585 12.843140061085 13.4582516596867 14.3058795562157 15.0621729997488 15.0306602257949 15.107650573437
-9999 -9999 -9999 -9999 -9999 -9999 -9999 -9999 -9999 -9999 -9999 -9999 -9999 -9999 -9999 -9999 -9999 -9999 -9999 -9999 -9999 -9999 -9999 -9999 -9999 -9999 -9999 -9999 5.66016622804678 5.64615822984622 8.54338727547572 17.0429044503432 26.0523601678702 37.0884123582106 52.4524791424091 54.134072964008 46.7210311889648 37.3593003199651 52.4824796823355 53.5439027639536 51.5401603992169 40.7637176513672 36.3884104215182 37.8363778040959 38.4281104161189 38.7842423365666 45.866792678833 44.1799709613507 41.6678992051345 35.0972667107215 34.960908302894 31.3135298215426 29.1679191589355 24.0506083415105 18.3672885527978 15.3026739267203 13.2300955515641 10.6904855966568 9.10845358555133 8.40897368582395 8.30018715273875 9.33051470609812 8.83539451085604
-9999 -9999 -9999 -9999 -9999 -9999 -9999 -9999 -9999 -9999 -9999 -9999 -9999 -9999 -9999 -9999 -9999 -9999 -9999 -9999 -9999 -9999 -9999 -9999 -9999 -9999 -9999 6.35315269690294 6.38580484573658 6.72852422640874 9.49035116342398 15.2292211239155 22.0814572114211 37.5405194209172 56.5795772259052 54.2396472050593 46.3436474433312 47.5038510836088 49.951649592473 49.039311335637 49.4445566030649 46.2703478886531 48.3621952350323 43.2136449080247 33.1902709374061 30.8532886505127 29.2538985472459 33.475662451524 34.5459289550781 29.2361210309542 28.0415537907527 25.2246398925781 21.0122975202707 17.4062822048481 14.4769655741178 12.477055146144 12.0205824191754 9.63657198960965 8.65492437894528 7.66606221749232 6.85029916579907 6.39847512887074 6.69587922096252
-9999 -9999 -9999 -9999 -9999 -9999 -9999 -9999 -9999 -9999 -9999 -9999 -9999 -9999 -9999 -9999 -9999 -9999 -9999 -9999 -9999 -9999 -9999 -9999 -9999 -9999 5.50413644543061 6.67780010516827 8.26642242303261 8.25666808165037 11.1839288931627 20.898228095128 38.0062704819899 62.9855440579928 72.9015209491436 66.525585761437 51.3928124354436 43.5092813051664 39.2099179487962 38.3006716508132 40.7821218050443 43.8404401632456 38.261677815364 31.9087027769822 26.7626475554246 23.4749301030086 26.7581569231473 28.0759077072144 25.89492724492 23.8141208061805 21.7530677135174 19.7365033443158 15.8634201563322 13.8264895952665 12.331728889392 11.2969027849344 11.2184259708111 9.8721509713393 8.31858429541955 6.54680490723023 6.99257365556864 6.7179283453868 6.75897077413706
-9999 -9999 -9999 -9999 -9999 -9999 -9999 -9999 -9999 -9999 -9999 -9999 -9999 -9999 -9999 -9999 -9999 -9999 -9999 -9999 -9999 -9999 -9999 -9999 -9999 -9999 7.89612192374009 5.10324921057774 8.55463713866014 13.929371705422 28.9734766299908 53.3115809513972 82.397153707651 88.9150895338792 67.5854486318735 49.5727304311899 45.4841881531935 42.4159653736995 39.9579059894268 30.2914505004883 29.9772154734685 32.1653791574331 30.5663476357093 28.7483817614042 27.4159271533673 26.2098779678345 22.5919983203595 16.5679235825172 17.4790518834041 16.4270385778867 16.4281125252063 16.3420685254611 13.9092430701623 10.8818540252172 9.80656999808091 9.11368828094923 9.10934371214647 8.41281964228703 7.32703060828722 6.35004614178951 6.21662552540119 5.8529282281032 6.61587342390647
-9999 -9999 -9999 -9999 -9999 -9999 -9999 -9999 -9999 -9999 -9999 -9999 -9999 -9999 -9999 -9999 -9999 -9999 -9999 -9999 -9999 -9999 -9999 -9999 -9999 7.24095531610342 25.4617815751296 31.4559248410738 36.1481260152963 47.7925186157227 52.174826842088 68.7156785818247 72.1750916701097 65.0545693911039 47.0185661315918 40.9664764404297 41.1178141373854 37.9350686440101 34.9634734667264 24.0970105024484 23.9206720132094 25.4277120370131 23.2255488909208 21.4941558471093 22.0676686213567 18.9943941739889 16.4681033354539 13.6300876690791 14.5680688344515 15.7463912963867 14.4886430043441 15.0734256047469 12.9572674036026 10.6485517345942 9.59803868257082 8.95752592270191 8.62165692219367 7.47204961226537 7.22092352922146 5.71983092106306 5.42973383573385 5.53639922577601 5.61234371478741
-9999 -9999 -9999 -9999 -9999 -9999 -9999 -9999 -9999 -9999 -9999 -9999 -9999 -9999 -9999 -9999 -9999 -9999 -9999 -9999 -9999 -9999 -9999 -9999 -9999 11.8070225348839 35.8543869898869 55.9693822127122 46.6223300053523 54.334535745474 48.1227305485652 49.8074243252094 55.4188495782705 44.9608693856459 33.3515480481661 28.8660864096421 27.6826322628902 26.835058432359 22.6345347991356 18.6701785601102 15.5834628985478 15.3171904637263 15.5696034798255 16.5360554915208 16.0729143619537 15.2357068612025 13.4183089549725 12.2340002976931 12.8497566076425 13.2473336183108 12.0609083725856 11.3973860373864 10.3639261997663 10.1935156675485 10.0762805205125 10.91867516591 8.94089935376094 7.27090092347218 6.47731495820559 5.73645550700334 5.2651483141459 4.79832758238682 4.51830998890532
-9999 -9999 -9999 -9999 -9999 -9999 -9999 -9999 -9999 -9999 -9999 -9999 -9999 -9999 -9999 -9999 -9999 -9999 -9999 -9999 -9999 -9999 -9999 -9999 -9999 -9999 18.4726730676798 38.8444209465614 53.4895960000845 60.936522263747 50.1925090643076 38.2625017532935 33.2398887780996 28.552968116907 25.9581350179819 23.7915885631855 20.5411797028321 20.072936131404 19.1070758562822 15.8638770763691 13.268085369697 12.0772630939117 12.1129670693324 13.0903855837308 14.594462798192 15.2708550966703 14.7528738975525 13.4587015188657 11.6646738419166 10.6346744757432 9.71056263263409 10.2171364472463 9.79358031199529 10.1475479786213 10.3889220677889 9.8353882752932 9.2707098539059 7.52282542907275 6.76548086679899 6.19355281041219 5.52940966647405 4.64843439941223 3.98490694738351
-9999 -9999 -9999 -9999 -9999 -9999 -9999 -9999 -9999 -9999 -9999 -9999 -9999 -9999 -9999 -9999 -9999 -9999 -9999 -9999 -9999 -9999 -9999 -9999 -9999 5.50579936802387 26.458978506235 47.0907789377066 44.4070017887996 42.4272147692167 39.2017527268483 29.0629794781025 21.7666568022508 21.3358040589553 20.1034161494328 18.0283467586224 15.9557566275963 14.0091779782222 13.4197573936903 13.0684024141385 11.955757686725 11.1623985125468 10.2923060747293 11.3059668265856 12.8444086221548 12.1401499418112 12.7415405603556 13.1936022501725 12.0747811794281 10.3670026705815 9.41645225194784 8.69797663505261 8.9298111475431 9.44794854751 9.91213152958797 10.9738768247458 9.46982653324421 8.04481279391509 7.2065590940989 6.49821432966452 5.84972851780745 5.12135984347417 4.44164938651598
-9999 -9999 -9999 -9999 -9999 -9999 -9999 -9999 -9999 -9999 -9999 -9999 -9999 -9999 -9999 -9999 -9999 -9999 -9999 -9999 -9999 -9999 -9999 -9999 5.96453666687012 15.0933366922232 29.8092474570641 29.3763765188364 24.9410633032139 22.701262987577 22.7599141781147 24.4967941871056 24.1452471659734 22.1302743324867 17.726556631235 14.6661462783813 12.8332928144015 11.4913914937239 10.7429516132061 10.5354268825971 10.4411779550406 9.08347341647515 9.42740687957177 9.43733458335583 9.25125835492061 9.59846308598152 10.1322906934298 11.5856776145788 11.5898891687393 12.7877653745505 12.5306118268233 8.35327210793128 7.39580639050557 7.87791263140165 8.62293372704432 9.62510368457207 9.13550501603347 8.51650785482847 7.5172755076335 6.45219501165243 6.03095543155303 5.87741499222242 5.56435525875825
-9999 -9999 -9999 -9999 -9999 -9999 -9999 -9999 -9999 -9999 -9999 -9999 -9999 -9999 -9999 -9999 -9999 -9999 -9999 -9999 -9999 -9999 -9999 7.70530175704222 8.61222920050988 15.9922306354229 18.7940421471229 21.9896105252779 21.5816175754254 21.4436136759244 20.639429972722 20.0083253200238 19.157556607173 17.2028343127324 15.0859967011672 13.422933285053 11.133283670132 9.87122382567479 8.87284666758317 9.17023599147797 8.87015285400244 8.19885153953846 8.24253073793191 8.44455192639277 8.87506301127947 9.31428439800556 10.790260388301 11.6096230928714 12.4332664746505 12.400960793862 12.7602365750533 10.4846626611856 9.40295733855321 9.06873638813312 8.57493344637064 8.68955514064202 8.79714835607088 8.76984073565557 8.28031138273386 7.59669722043551 7.18338843033864 6.49348395145856 6.41834331017274
-9999 -9999 -9999 -9999 -9999 -9999 -9999 -9999 -9999 -9999 -9999 35.6706224588247 -9999 -9999 -9999 -9999 -9999 -9999 -9999 -9999 -9999 8.54252244875981 9.41554793944726 9.22851364429181 10.572241122906 11.9886442697965 18.7394507114704 20.4196233015794 21.1143611027644 20.6061850327712 19.232070005857 16.9980790431683 15.2123547333937 14.2268779094403 13.6902002187876 12.4776290930234 11.0532392171713 9.33435409688033 8.20177697218381 7.66915609286382 7.61896089407114 8.36210260482935 9.29264174172511 9.30344082529728 9.23327357035417 9.61853424402384 10.6791130235562 12.1128657322664 12.5783500212889 12.3735806758587 12.209369622744 12.6120089200827 11.5503976161663 9.60187860177114 8.69482118349809 8.6615359049577 8.80685120362502 8.93942425801204 8.74137153992286 8.36172107091317 7.95936133311345 6.93278635465182 5.93815190058488
-9999 -9999 -9999 -9999 -9999 -9999 -9999 -9999 -9999 -9999 -9999 -9999 -9999 -9999 -9999 -9999 -9999 -9999 -9999 -9999 7.30182809096116 9.96331735757681 8.82079410552979 9.91440255366839 13.981956408574 13.8415030332712 14.247731758998 15.0513418637789 17.0824180749746 20.0278090697068 20.1498135419992 19.7287398851835 17.9539690751296 15.6081366905799 13.2631386976976 11.7511902405665 11.3108180761337 10.7539494221027 8.93048548354552 7.04878824490767 6.74669993840731 7.25933857491383 8.13351436761709 8.92738180894118 9.78241238227257 10.657022734101 12.0555688922222 13.3401424517998 14.1910779292767 13.6552478625224 13.8988177042741 13.8400508532157 13.750254383454 12.2357987990746 11.5147525897393 10.8830323586097 10.1792502403259 9.43735944307767 8.55986065130967 7.66210560615246 7.10979467630386 6.88508177262086 6.65320127743941
-9999 -9999 -9999 -9999 -9999 -9999 -9999 -9999 -9999 -9999 -9999 -9999 -9999 -9999 -9999 -9999 -9999 -9999 8.23697163508489 6.99325677064749 8.11028245779184 8.54724150437575 9.16628452447745 11.2333155962137 14.7329016465407 15.7212661963243 15.6805234688979 14.6428319124075 17.9615069169265 20.2269171201266 20.9069663561307 19.4118524698111 17.3665600556594 15.8682405031644 14.6993539516742 13.2835429631747 12.466437128874 11.5962461233139 9.72396457195282 7.82302519908318 7.50960892897386 8.0188246710011 8.91990035342482 9.89091917184683 11.0087134471306 11.9418776906454 12.7947369355422 13.7423920195836 14.1450219452381 14.1962311405402 14.3949505182413 14.2412026203596 14.3392585057479 13.932873239884 13.3019373233502 12.5855572590461 11.5496160250444 10.4056751728058 9.11598418309138 7.77771317958832 6.65384277930626 6.86487782001495 6.79087995107357
-9999 -9999 -9999 -9999 -9999 -9999 -9999 -9999 -9999 -9999 -9999 -9999 -9999 -9999 -9999 -9999 -9999 -9999 10.7373356635754 10.1224779257408 9.98239948657843 12.2925151907481 12.5327730912429 13.5579282320463 16.359991146968 20.0466616887313 21.100301522475 22.2768682333139 22.3310725872333 22.6047882666955 21.4363618997427 17.9982729324928 15.1810637253981 16.5630050072303 18.9732373310969 18.3683493504157 14.7595054736504 12.0257759369337 11.1837339492945 10.7624780489848 10.8907038982098 11.253227362266 11.7480679521194 12.0820716344393 12.9293123288797 13.3382254999418 13.7277330068442 13.7629925832152 14.7023706963429 15.7782420103367 15.7795100808144 14.7580056144641 14.41437376004 14.2829966453406 14.2732193561701 14.2758685350418 13.4492617203639 11.8354643399899 11.433243733186 9.40789915048159 8.21365905725039 7.22173074575571 6.49161226932819
-9999 -9999 -9999 -9999 -9999 -9999 -9999 -9999 -9999 -9999 -9999 -9999 -9999 -9999 -9999 -9999 11.3982387689444 10.5252537543957 10.4836540038769 12.2449060770182 13.3127336868873 17.1627029639024 17.2782873740563 18.2257741781381 18.7775859099168 21.5052944330069 23.3393983107347 23.2648174579327 23.0947427016038 20.8658868716313 19.6702420161321 17.4844492398776 16.1050438514123 16.9335438654973 18.6322491902571 18.212339089467 15.4589586257935 13.1973496033595 12.3428293008071 11.9928757043985 11.6055703896743 11.8923160846417 12.2463448047638 12.5433175380413 12.9565646075285 13.5087413879541 14.2821779801295 14.9258856039781 15.7201634370364 15.491929604457 15.5944609985902 16.166067360578 17.0558397586529 16.4633300739985 16.0450421984379 15.3165502502368 16.4098568329444 15.5693558546213 12.6454369104826 12.8960675826439 11.5212010695384 8.692253108208 6.96557629566926
-9999 -9999 -9999 -9999 -9999 -9999 -9999 -9999 -9999 -9999 -9999 -9999 -9999 -9999 -9999 -9999 11.8195229310256 10.5805732011795 13.1439460607675 17.0378007888794 22.0955176720252 23.2574647756723 24.6964059976431 23.7789390270527 21.5343406383808 22.3927701803354 23.9578527303842 24.582304587731 22.2352825311514 19.2729813502385 18.2000160950881 17.5823860535255 17.2138259594257 17.467373591203 18.1382891214811 17.7839220487154 16.0796751976013 14.4851674483373 13.5701850194197 12.5182802493756 12.4019499925467 12.5289717729275 12.7267375588417 12.7871175408363 13.002563144152 13.7799331408281 15.5101288019751 16.8506901533558 16.5304355245943 15.4424265915385 15.7791646478268 18.174966775454 20.9567363720674 22.477356837346 19.3081883100363 16.1989293634318 17.5129159780649 17.509056017949 17.2402069018437 19.0281285139231 18.5147783572857 17.6803114964412 12.2959693028377
-9999 -9999 -9999 -9999 -9999 -9999 -9999 -9999 -9999 -9999 -9999 -9999 -9999 -9999 -9999 12.9731725912828 13.7531846486605 14.3324194412965 16.5993448037368 20.7179743693425 27.5486437724187 30.9933228125939 28.467121564425 25.6848732141348 23.0531205397386 22.3522777557373 23.5704097747803 24.62722998399 22.899029144874 20.968746808859 20.0758648652297 18.7929612673246 17.8199610343346 17.9062404449169 18.8321976661682 18.5832360707797 16.9125636357528 15.4788102828539 13.9836803582998 13.4732796595647 13.3786704815351 13.6446562913748 14.0116009253722 14.3088052914693 14.7647991317969 15.5578163908078 16.857472043771 18.2480051104839 18.6615292292375 19.1937046463673 19.8011149672362 21.579664853903 22.9437574194028 24.1341745303227 20.4913148238109 17.1708620649118 19.0215514439803 18.6347229480743 18.0004799549396 20.0352758994469 19.1342217372014 23.5385849292462 19.2083882551927
-9999 -9999 -9999 -9999 -9999 -9999 -9999 -9999 -9999 -9999 -9999 -9999 -9999 -9999 -9999 12.648849597344 14.0738131942657 16.6325718989739 23.3633270997267 25.4353598081149 29.7481614626371 30.5769458183875 28.0416716062106 26.5967184213492 23.170253606943 21.9133384411152 21.5828850819514 21.5925477101253 21.0064846919133 20.8044004807105 20.5843071570763 19.8168453436631 19.2509258710421 18.9951223226694 19.0996610934918 18.8132755939777 17.7660310818599 16.016136939709 15.3500868907342 14.8756067019243 14.8235441354605 15.1514943196223 15.5973269939423 15.9663276764063 16.3873983713297 16.98072212476 18.847944186284 19.5351284283858 20.4824350063617 22.6775566614591 22.9246454009643 23.860754434879 24.9986645991986 24.6608748802772 20.5994081680591 27.5997534531813 25.3707730219914 20.6754179367652 20.4703635435838 22.4875947512113 23.3493499022264 18.9952630263108 18.3497020648076
-9999 -9999 -9999 -9999 -9999 -9999 -9999 -9999 -9999 -9999 -9999 -9999 -9999 -9999 15.0654295774607 16.0961569272555 19.1115077458895 23.6664171218872 28.2348810342642 29.1411071190467 31.2530086957491 31.1732799823468 28.0192022323608 26.8131683056171 23.6311726203332 21.6873367749728 19.6216505490817 18.5234673573421 18.4938461230351 19.4895538916955 20.1508215390719 21.3464567111089 22.049340064709 20.7642225852379 18.9587314679072 18.5224902813251 18.1410771516653 17.904182434082 17.3176030379075 17.0535299044389 17.0610615290128 17.4313225195958 17.8341165505923 18.8216937505282 18.8160318182065 19.1347177166205 20.3848596352797 20.7723036729372 22.0556699954546 24.8306190784161 24.9626663281367 23.9207146121905 24.7459383561061 27.8282144803267 31.6863917937646 34.8784233239981 29.0345148673424 18.751444871609 22.0175657272339 25.0787856762226 22.4375477570754 19.1965825741108 17.0775282933162
-9999 -9999 -9999 -9999 -9999 -9999 -9999 -9999 -9999 -9999 -9999 -9999 -9999 17.0470100182753 18.6549621361953 19.6520685782799 24.8150466038631 31.7546029457679 33.7123933938833 35.6358666786781 35.1078613721407 33.8581680884728 28.7639832863441 24.9432675288274 22.2326288223267 19.856530042795 18.361971781804 16.9782065978417 17.529262982882 18.7823039935185 19.7658396867605 20.5512277162992 20.4292902579674 20.0233172269968 18.9386142400595 18.7357864013085 18.2751272641695 18.1523564778841 18.3293450428889 18.8738441283886 20.4181438959562 20.5175772446852 21.6247185927171 20.9883701251103 20.2706547150245 20.3902038060702 21.6404505876394 24.4011331338149 26.4603061309228 27.7406502503615 27.3412624689249 26.0431688015278 22.9855433610769 25.383256141956 26.5955313535837 32.0615052443284 34.2024495051457 39.0962767967811 33.7345008850098 29.363649221567 23.9080270253695 18.2225552705618 11.3870334579394
-9999 -9999 -9999 -9999 -9999 -9999 -9999 -9999 -9999 -9999 -9999 -9999 -9999 20.4175451718844 21.6143434597896 24.7787782595708 30.1850194197435 37.3793585117047 40.9819159874549 41.6390291360708 39.2338987497183 36.4174294838539 32.6433547093318 25.9059833930089 20.6375122070312 18.5957021713257 16.9094469363873 16.4753148739155 16.6150230260996 18.1824370897733 18.5566435227027 18.5093640180734 18.2585149728335 18.6747957376333 18.9503950339097 18.5359955934378 17.9520290081318 18.6340590990507 19.6573940423819 22.309950535114 22.8940759071937 24.0326053179227 23.803104694073 23.7567864931547 22.7010589012733 24.4768651081966 25.2072787651649 27.5621771078843 30.0729382588313 32.6568169593811 31.647098834698 27.8644302074726 23.6571420522837 25.0432116435124 21.8578323217539 31.2111393855168 60.1703153756949 47.1221624521109 34.818440584036 25.8247554485614 28.7414998274583 21.4094295501709 15.9487153933598
-9999 -9999 -9999 -9999 -9999 -9999 -9999 -9999 -9999 -9999 -9999 -9999 21.0485708530133 22.2158137834989 24.4764978702252 28.0238703947801 35.0571600107046 40.681444975046 44.0516364757831 48.2516816946176 42.4391850691575 35.24362549415 29.3966225110568 25.8180908056406 22.2047388553619 18.9688240197989 17.7812145673312 16.8031320021703 17.4081223928011 17.5727269466107 17.4927681776193 16.8393753858713 17.1818994558774 18.8943715462318 20.5861891233004 21.8971628409166 20.9317622918349 20.4231407825763 21.4472159238962 23.0918879508972 24.9989221646236 25.748723250169 26.3224932597234 29.0098110345694 28.3861072246845 31.1482890202449 31.4443664550781 33.0135636696449 33.6799774169922 35.9661389864408 34.4593812502347 29.7684387793908 23.8853233043964 27.0483155617347 27.8926871373103 33.1846978114202 39.3192406434279 44.5558002912081 32.2896133936368 25.5649547576904 24.8579613612248 22.5727413617648 14.6633575146015
-9999 -9999 -9999 -9999 -9999 -9999 -9999 -9999 -9999 -9999 -9999 -9999 23.2709352786724 25.0895718794603 28.2455969590407 33.2150695507343 40.2187037834754 47.6755748161903 48.6694322732779 47.1964203761174 44.9106305929331 37.0411633711595 32.2725038528442 28.6278871389536 25.7329503206106 22.0856804114122 19.9174957642188 18.6382221075205 18.4905762305626 18.8264062588031 17.926715520712 18.3617842380817 17.6377965670366 20.3108200660119 22.1159200301537 23.8631154573881 22.0584289477422 23.1330724862906 22.7199188745939 24.5911489266616 25.0245661001939 27.1667212706346 27.8149236532358 30.2366439379179 34.3559774252085 36.2123384475708 38.6111847070547 39.5712712361262 38.0554762620192 40.9726321147038 37.9937246762789 33.3076204153208 28.735225384052 30.8699802251963 32.9944342099703 37.2693368471586 42.2013133855966 42.0026019169734 32.2290113155658 23.9492429586557 23.7895913490882 23.5466967362624 18.5129360052255
-9999 -9999 -9999 -9999 -9999 -9999 -9999 -9999 -9999 -9999 -9999 30.4659304985633 28.9220559780414 31.5204159663274 34.8043305323674 41.5823412675124 48.6637111076942 55.8671989440918 54.4688816070557 51.1196853931134 46.4171371459961 42.4935189027053 40.8552973453815 33.886015195113 28.1333893629221 24.3947061758775 22.2899570465088 20.8716583618751 18.930815586677 19.2681126961341 20.5773484890278 21.2262794788067 21.7612498723544 22.082333784837 21.9921148740328 23.9828734764686 26.084988960853 26.1706473277165 27.6565166620108 26.3059489176824 26.9687454517071 26.8599680387057 28.8366247323843 31.9266946499164 36.170688188993 42.8540215125451 48.140325986422 49.9484522892879 47.3216518988976 44.6135236299955 41.2092023996206 40.0244303483229 35.5941709371713 36.3388381371131 37.5806220127986 34.9977823404165 33.2738097997812 35.5004995786227 27.377742253817 24.4291850603544 21.7084087591905 19.2368996235041 19.8426165213952
-9999 -9999 -9999 -9999 -9999 -9999 -9999 -9999 -9999 -9999 -9999 35.5844017909123 36.1883412874662 37.9670475446261 44.331150495089 47.8941704676702 52.831226348877 57.7676726121169 56.0371167109563 57.4202308654785 51.0084657669067 46.9862318772536 42.0501370063195 35.8352335416354 29.3187612020052 26.1040474084707 24.8701718036945 23.6877635075496 22.488919368157 21.8402603589571 22.7987792675312 24.0587701797485 25.1735806831947 25.9559720846323 25.4424145771907 26.7222600350013 29.2974841778095 30.8170818182138 32.1806708115798 31.4543997691228 32.2782014700083 32.6932976062481 36.0295916337233 40.7847797687237 45.3216483776386 52.5551486382118 55.8547220963698 56.4663438063401 55.3247243441068 50.336264536931 47.767468379094 51.340690612793 52.4325601137601 50.3365163069505 47.7208565932054 45.5670193892259 41.1480059990516 39.0579732381381 35.1385130515465 29.0204649888552 24.931997519273 22.6485958832961 20.6086194515228
-9999 -9999 -9999 -9999 -9999 -9999 -9999 -9999 -9999 -9999 -9999 -9999 45.9933741642879 45.8690779759334 49.9542029454158 54.4431495666504 56.2068193875826 55.4674147092379 60.6459814218374 61.2153423015888 56.8032433436467 49.407774411715 44.8097073481633 37.6474747290978 32.4732254468478 30.2853336334229 29.7288652566763 27.0504272901095 25.2318924390353 24.6773782876822 25.0807009476882 27.6058566753681 29.4066170912523 30.3869177011343 30.0755189748911 31.3035625311045 32.3687165333674 35.7142235682561 37.5886162977952 40.1860484343309 41.29189990117 43.4826756990873 46.1375920222356 50.4553973858173 57.1778317964994 63.261055286114 67.3513538654034 65.8026372469389 63.3549085763785 64.4474795414851 63.8220408512996 66.176214658297 70.7291723398062 64.633655841534 54.789935698876 50.2284266398503 48.5508990654579 43.7838948323176 39.9406845753009 36.6186887667729 31.3501152992249 27.6802900754488 23.5645391757672
-9999 -9999 -9999 -9999 -9999 -9999 -9999 -9999 -9999 -9999 -9999 -9999 52.2039985656738 54.9657843663142 58.8014860886794 56.2748992626484 56.1443242293138 53.4494093381442 59.6691102247972 64.7250598027156 60.7120205805852 53.2455610128549 48.9408091031588 43.1289256169246 39.6774805509127 37.5228264148419 35.7958889007568 35.2795703594501 34.6520690917969 31.7499895095825 32.100890819843 31.3148176486676 35.6130206768329 35.3023766737718 36.9632135537954 37.7910744593694 37.2667199648344 39.3925104874831 43.8861775031457 52.9629182081956 51.7096102787898 53.7056881831243 55.2966891068679 59.2459737337553 61.9782594534067 68.2635128314678 72.8048028212327 78.6259947556716 80.958497267503 83.1186332702637 83.0244269737831 78.2387171525222 75.924490415133 68.7552099961501 63.1973090538612 58.4118813001193 56.695576447707 50.3820767586048 47.5104272732368 46.6562245350618 42.7403934093622 45.317691729619 40.3930859198937
