rasters/bioclim/bio11.asc
NCOLS 720 
NROWS 300 
XLLCORNER -180 
YLLCORNER -60 
CELLSIZE 0.5 
NODATA_value -9999 
[rows 224 to 251 of 300, columns 630 to 692 of 720]
16.0626241243803 16.2744404719426 16.6405888337355 16.7891635894775 16.9521317115197 17.0748835343581 17.2238643352802 17.3374550159161 16.9811882605919 16.6293852145855 16.5847006577712 16.7365373464731 16.8429924891545 16.834992482112 16.746881705064 16.6563537304218 16.5617371339064 16.5775968111478 16.5167771852933 16.4063489620502 16.425260250385 16.0949866221501 15.9842697290274 15.7903353617742 15.6905304101797 15.4259257683387 16.3571738463182 16.4080511239859 15.9817785116342 -9999 -9999 -9999 -9999 -9999 -9999 -9999 -9999 -9999 -9999 -9999 -9999 -9999 -9999 -9999 -9999 -9999 -9999 -9999 -9999 -9999 -9999 -9999 -9999 -9999 -9999 -9999 -9999 -9999 -9999 -9999 -9999 -9999 -9999
15.1236030872052 15.4885878929725 16.1477991984441 16.3066806059617 16.4760258747981 16.396383872399 16.6775870689979 17.0665066058819 16.815601348877 16.5764253322895 16.5118462489201 16.5583045666034 16.6719735218928 16.7905500852145 16.5710876905001 16.145839544443 16.1046226941622 16.0819518015935 16.0007605185876 15.8773167683528 15.9204395000751 15.6022853851318 15.5173442547138 15.3954672446618 15.3504533034105 15.0889610877404 15.8219977158767 16.0906049288236 15.8072412931002 16.3638899142926 16.565454189594 17.5136530949519 -9999 -9999 -9999 -9999 -9999 -9999 -9999 -9999 -9999 -9999 -9999 -9999 -9999 -9999 -9999 -9999 -9999 -9999 -9999 -9999 -9999 -9999 -9999 -9999 -9999 -9999 -9999 -9999 -9999 -9999 -9999
14.2824965256911 15.1142182716957 15.6910255872286 15.9239635467529 16.0684353755071 16.01346045274 16.3639403856718 16.5163320394663 16.5605583190918 16.6328535079956 16.5324090077327 16.267877138578 16.4154878029457 16.3957789494441 16.1566537710337 16.1337057993962 15.9507204936101 15.8951132114117 15.6770067948561 15.47359422537 15.2690367331872 14.7768889207106 14.5742290203388 14.5035880895761 14.7691676800068 15.03086742988 15.7498371417706 15.7565926038302 15.4369576527522 15.4333931849553 16.5825109481812 17.242115020752 -9999 -9999 -9999 -9999 -9999 -9999 -9999 -9999 -9999 -9999 -9999 -9999 -9999 -9999 -9999 -9999 -9999 -9999 -9999 -9999 -9999 -9999 -9999 -9999 -9999 -9999 -9999 -9999 -9999 -9999 -9999
14.0944483096783 14.8525312863863 15.2205013128427 15.5723045055683 15.982972071721 15.7654604545006 15.8973737863394 16.260708955618 16.1139389184805 16.2184725541335 16.1791686278123 16.1421390680166 16.0789654071514 15.933611869812 15.7646532792311 15.7000976709219 15.6779456505409 15.5276420299823 15.2015872368446 14.950005531311 14.8266206888052 14.3805692379291 14.1669753881601 14.0920997032752 14.00890819843 14.4354573763334 15.244147007282 15.2258249429556 14.7329300366915 14.932211289039 15.4791670579177 16.2478237885695 17.4361447554368 -9999 -9999 -9999 -9999 -9999 -9999 -9999 -9999 -9999 -9999 -9999 -9999 -9999 -9999 -9999 -9999 -9999 -9999 -9999 -9999 -9999 -9999 -9999 -9999 -9999 -9999 -9999 -9999 -9999 -9999
14.5555615791908 14.7376388403086 15.0451180384709 15.3974131804246 15.6272343122042 15.7575922012329 15.7287524296687 15.9279614962064 15.9703832039466 15.8317922445444 15.7849666888897 15.7508712181678 15.7197259022639 15.4500274658203 15.3020073817326 15.1696668771597 15.2213203723614 14.9067256634052 14.8343841112577 14.5153801991389 14.3483483241155 13.7941975226769 13.158323434683 12.7698275492742 13.0310412186843 13.7194759662335 13.0576841647808 13.1982098359328 14.1199112672072 14.7020663481492 15.3357311395498 14.7164291968712 15.8055830001831 16.5298343071571 -9999 -9999 -9999 -9999 -9999 -9999 -9999 -9999 -9999 -9999 -9999 -9999 -9999 -9999 -9999 -9999 -9999 -9999 -9999 -9999 -9999 -9999 -9999 -9999 -9999 -9999 -9999 -9999 -9999
14.5010884358333 14.6872146313007 14.9712234643789 15.0930346709031 15.3638293926532 15.4520800663875 15.459543961745 15.5299892425537 15.4967390207144 15.4830722075242 15.3017386656541 15.3558676793025 15.3378584201519 15.2778231547429 15.0017799964318 14.9497743753287 15.0054504687969 14.5189343965971 14.2302169066209 13.9356445165781 13.932819879972 13.469155384944 12.7833653229934 12.2020610662607 12.2371176206149 11.6238930775569 12.2415745074932 12.6640908167912 13.3836369147668 14.247304549584 14.6165195611807 13.2437984026395 13.3001750799326 15.4802048756526 16.6370143156785 -9999 17.4078568678636 -9999 -9999 -9999 -9999 -9999 -9999 -9999 -9999 -9999 -9999 -9999 -9999 -9999 -9999 -9999 -9999 -9999 -9999 -9999 -9999 -9999 -9999 -9999 -9999 -9999 -9999
14.5149908799392 14.5410616948054 14.7348531576303 14.96860401447 15.2307237478403 15.2185828869159 15.2434555934026 15.2654848832351 15.0574962175809 15.1413505994357 15.0742767774142 14.9707070130568 14.9696054458618 14.7324903928317 14.8282755338229 14.8800045893742 14.7480841416579 14.2530770668617 13.7111379916851 13.2615276483389 13.2528977027306 12.7606535691481 12.613803423368 12.1117751048161 11.6904665140005 11.2038331398597 11.4423258121197 11.9195438531729 13.076362316425 13.5537710923415 13.1480277134822 13.0892823292659 13.5561696566068 14.4207088763897 15.7748721929697 16.6005187401405 16.4912443894606 -9999 -9999 -9999 -9999 -9999 -9999 -9999 -9999 -9999 -9999 -9999 -9999 -9999 -9999 -9999 -9999 -9999 -9999 -9999 -9999 -9999 -9999 -9999 -9999 -9999 -9999
14.3052488473745 14.2856459984413 14.7316643641545 14.8335510400625 15.0509385329026 15.0851646570059 15.0679432062002 15.078418805049 14.7875382350041 14.7812180885902 14.7680121935331 14.5889134773841 14.4339325978206 14.4910381757296 14.6720947852502 14.5853333106408 14.3972944112924 13.9218470500066 13.6040830612183 13.4643393296462 12.8390057637141 12.4504630015447 12.2430505752563 11.6927587068998 11.4304915208083 11.5901324932392 10.9963458868173 11.3526201248169 13.0299873352051 13.314398252047 12.6426157584557 12.9725332993727 13.268427335299 13.8509874343872 14.5672490046575 15.9142283659715 -9999 -9999 -9999 -9999 -9999 -9999 -9999 -9999 -9999 -9999 -9999 -9999 -9999 -9999 -9999 -9999 -9999 -9999 -9999 -9999 -9999 -9999 -9999 -9999 -9999 -9999 -9999
14.0662613648635 14.2174122883723 14.8388076928946 14.8070052953867 14.8449869155884 14.9267219396738 14.7637334236732 14.7932398135845 14.6644161664523 14.4800439981314 14.3622471002432 14.1547727584839 14.2174397982084 14.4846283839299 14.3389858832726 13.7969043438251 14.205635364239 13.8197357471173 13.4406750752376 13.2857516362117 12.7691087722778 12.653396826524 12.3683280211229 11.8827332716722 11.4681262236375 11.5631410158598 11.7441108410175 11.6402391286997 12.4162872754611 12.2844801682692 12.2087400142963 12.0347890853882 11.8881633465107 12.7825935070331 13.5008125305176 14.69586790525 -9999 -9999 -9999 -9999 -9999 -9999 -9999 -9999 -9999 -9999 -9999 -9999 -9999 -9999 -9999 -9999 -9999 -9999 -9999 -9999 -9999 -9999 -9999 -9999 -9999 -9999 -9999
13.9205028827374 14.1002280895527 14.6790235225971 14.6454114180345 14.683312856234 14.7333792172945 14.5344098898081 14.5371481822087 14.4100800294142 14.1105336409349 14.0190999691303 13.8943744072547 13.8700743455153 14.0381573897142 13.9026859723605 13.4565748801598 13.7029705047607 13.3666552030123 13.3743752699632 13.1087936254648 12.9149461159339 12.6957401862511 12.4775827114399 11.9753635113056 11.9187685893132 11.8400022800152 11.9021651194646 11.8931267078106 12.1701494363638 12.0541491141686 11.9453637049748 11.8163094153771 11.3269679729755 11.7721394025362 13.0199170479408 13.6449730212872 -9999 -9999 -9999 -9999 -9999 -9999 -9999 -9999 -9999 -9999 -9999 -9999 -9999 -9999 -9999 -9999 -9999 -9999 -9999 -9999 -9999 -9999 -9999 -9999 -9999 -9999 -9999
13.6064568299514 13.4077367048997 14.6327899786142 14.6617669325608 14.6516163165753 14.5640599177434 14.3389608676617 14.0879112390371 14.1039670063899 14.1166468400222 14.0548562269944 13.7154591633723 13.782417517442 13.7427713687603 13.3932811296903 13.1924102489765 13.4407825469971 13.1054083750798 13.2881598839393 13.0036695920504 12.7850763614361 12.6536891643818 12.6591403667743 12.4077450678899 12.2928728690514 12.2029784275935 12.3122717784001 12.3251465283907 12.3268649761493 12.2853810237004 12.382303237915 12.1524865077092 12.1691218889677 11.6239569737361 12.6070451002855 13.719869026771 -9999 -9999 -9999 -9999 -9999 -9999 -9999 -9999 -9999 -9999 -9999 -9999 -9999 -9999 -9999 -9999 -9999 -9999 -9999 -9999 -9999 -9999 -9999 -9999 -9999 -9999 -9999
13.5431027045617 13.3065966826219 14.4862972406241 14.5560532349807 14.4649010438185 14.3430455281184 14.09706225762 13.8079476723304 13.8183209345891 13.7827331102811 13.80454151447 13.5470465146578 13.4657992583055 13.4591767971332 13.3778545673077 13.2533693313599 13.1590505746695 13.1793245902428 13.2032825029813 12.9472662852361 12.8290736858661 12.7747986133282 12.5193705925575 12.464934862577 12.3420067567092 12.3772051150982 12.3004509118887 12.4157763994657 12.4251937866211 12.3108854293823 12.3688189433171 12.116524549631 11.9919809928307 11.2571036265447 12.4458489051232 14.0361623030442 14.5137094350962 -9999 -9999 -9999 -9999 -9999 -9999 -9999 -9999 -9999 -9999 -9999 -9999 -9999 -9999 -9999 -9999 -9999 -9999 -9999 -9999 -9999 -9999 -9999 -9999 -9999 -9999
13.2957517183744 13.1112139775203 14.2395644554725 14.2313953546377 14.3764494382418 14.097660284776 13.8360352882972 13.7148441167978 13.6539608882024 13.4707849209125 13.4855698805589 13.440461232112 13.2012946055486 13.1950401159433 13.0790210137 12.8653344374437 13.0820264816284 13.0642050963182 13.0432679102971 12.7795618497408 12.7446591303899 12.6687472416804 12.6103635934683 12.5750042108389 12.4779528104342 12.4983563056359 12.4253173241248 12.4540572533241 12.5637392630944 12.5300805752094 12.5213046440711 11.8069028120774 11.0850381117601 10.3738908034105 10.473393366887 12.7662911781898 13.0806677158062 -9999 -9999 -9999 -9999 -9999 -9999 -9999 -9999 -9999 -9999 -9999 -9999 -9999 -9999 -9999 -9999 -9999 -9999 -9999 -9999 -9999 -9999 -9999 -9999 -9999 -9999
13.2137649242695 13.0502982506385 13.8280586829552 13.9420634049636 14.0709508015559 13.8971141668466 13.59074145097 13.4215112099281 13.3385904752291 13.2097969055176 13.2582568388719 13.1313011462872 12.8685915286724 12.7967002575214 12.7540185634906 12.9294587648832 12.8176279801589 12.6843543419471 12.6748726184552 12.6103824468759 12.3719115624061 12.5101235463069 12.5991904918964 12.5123429665199 12.4497533211341 12.3854459615854 12.2537174958449 12.3081632760855 12.280109332158 12.2590076006376 12.2911749619704 11.6692251058725 10.7144556045532 8.75216733492338 10.2737583013681 12.9626578551072 13.5137031261738 -9999 -9999 -9999 -9999 -9999 -9999 -9999 -9999 -9999 -9999 -9999 -9999 -9999 -9999 -9999 -9999 -9999 -9999 -9999 -9999 -9999 -9999 -9999 -9999 -9999 -9999
13.0625380002535 13.0355046345637 13.2904817874615 13.5040017641508 13.6865852796114 13.5383024949294 13.3137834255512 13.3208054029025 13.1984842740572 13.1640602258536 12.9374586985661 12.7219977745643 12.1812357535729 11.9028584406926 12.3926533185519 12.6444294269268 12.509574009822 12.3050305293157 12.3655120409452 12.2959658549382 12.2305794495803 12.3427811402541 12.3587471888616 12.3131711666401 12.2823442312387 12.2712125044603 12.2898437793438 12.38254906581 12.0604052176842 12.0262467310979 11.7369333413931 10.928577203017 10.1490294383122 8.40154086626493 9.07867189554068 13.0399503707886 13.7880403812115 -9999 -9999 -9999 -9999 -9999 -9999 -9999 -9999 -9999 -9999 -9999 -9999 -9999 -9999 -9999 -9999 -9999 -9999 -9999 -9999 -9999 -9999 -9999 -9999 -9999 -9999
12.6107835036058 12.6011136128352 12.914936872629 12.9538684258094 13.0276069641113 12.5989971160889 12.6343950858483 12.8469036542452 12.4787836074829 12.7743067374596 12.842065517719 12.5744702999408 12.195897102356 11.8124202581552 12.2457793309138 12.4325141173143 12.1406354904175 12.0005518106314 12.1575748737042 12.134929730342 12.0811270933885 12.0030969473032 12.0924317286565 12.0929112801185 12.0540587351872 12.1130168621357 12.2381556584285 12.1634442256047 11.7783791468694 11.6885087673481 10.8140112803533 10.5291617466853 8.94114340268649 6.95698624390822 9.38757456265963 12.6463830654438 13.6170967542208 -9999 -9999 -9999 -9999 -9999 -9999 -9999 -9999 -9999 -9999 -9999 -9999 -9999 -9999 -9999 -9999 -9999 -9999 -9999 -9999 -9999 -9999 -9999 -9999 -9999 -9999
12.2830687302809 12.3088697286753 12.6160426506629 12.6320500740638 12.6746314122127 12.3045234680176 12.1270802571223 10.8195850665753 10.1140158726619 12.6620077720055 12.8596463570228 12.5893512138954 12.351818891672 12.1867557672354 12.2053252000075 12.1577750719511 11.9300421934861 11.8846549254197 12.0565839914175 12.0265329067524 11.9729678814228 11.7352331601656 11.7098772342388 11.7927253429706 11.837801859929 11.8592403118427 11.5910953375009 11.7552918654222 11.5842247009277 11.2647415307852 8.94446879166823 9.45307005368746 7.81999507317176 6.56848030823928 8.27995769794171 10.9539849941547 -9999 -9999 -9999 -9999 -9999 -9999 -9999 -9999 -9999 -9999 -9999 -9999 -9999 -9999 -9999 -9999 -9999 -9999 -9999 -9999 -9999 -9999 -9999 -9999 -9999 -9999 -9999
11.9678988823524 12.0600749529325 12.4124587132381 12.3956051606398 12.4754571914673 12.4159524624164 11.693825501662 8.88151807051439 11.2779604104849 12.7370314964881 12.6217947739821 12.5353730275081 12.3224975879376 12.0114535551805 11.7588416613065 11.7380932294405 11.8178953024057 11.7433174573458 11.7578915816087 11.7100142699022 11.5922577931331 11.2773276108962 11.1544865094698 11.3974193426279 11.6190245701716 11.4140049861028 11.1631339880136 11.0731223913339 10.643886419443 10.7414000584529 10.3303959186261 9.74033142970159 7.41833510765663 7.78494607485258 9.84341203249418 11.8304376602173 -9999 -9999 -9999 -9999 -9999 -9999 -9999 -9999 -9999 -9999 -9999 -9999 -9999 -9999 -9999 -9999 -9999 -9999 -9999 -9999 -9999 -9999 -9999 -9999 -9999 -9999 -9999
11.6732169664823 11.8232933191153 11.8982031895564 11.8899297714233 11.8425116172204 12.2734223145705 12.0496216553908 9.54260239234337 11.7192298449003 12.3457446465125 12.217223240779 12.1131899173443 11.9165948721079 11.600106386038 11.6334228515625 11.4619587384737 11.7406826019287 11.7126245498657 11.5683358265803 11.3998123315664 11.1274155103243 10.8062854913565 10.7503671646118 10.9148715092586 11.1711006898146 11.1121550339919 10.8367466559777 10.0437132762029 8.54821366530198 9.10365456801194 10.1581154603225 9.84256406930777 7.65510702133179 6.03684025544387 8.65183206704947 12.3405491021963 -9999 -9999 -9999 -9999 -9999 -9999 -9999 -9999 -9999 -9999 -9999 -9999 -9999 -9999 -9999 -9999 -9999 -9999 -9999 -9999 -9999 -9999 -9999 -9999 -9999 -9999 -9999
11.3730435738197 11.6160738284771 11.7235648081853 11.5990787652823 11.5080912663386 11.8919808314397 11.1117415061364 9.03502515646128 11.2177282480093 11.7465005287757 11.7312189982488 11.823776611915 11.2459140190711 11.2897713734553 11.5675811767578 11.4853472342858 11.4878628804133 11.4639613811786 11.3675966996413 11.218837591318 10.7026208730844 10.3980115010188 9.97533020606408 10.5101291949932 10.6148908321674 10.6919766939603 10.3700139705951 9.40669001065768 8.41166859406691 8.28410621789786 8.677871630742 8.81835086529071 8.03408644749568 8.29839123212374 11.0656302525447 12.6128682356614 -9999 -9999 -9999 -9999 -9999 -9999 -9999 -9999 -9999 -9999 -9999 -9999 -9999 -9999 -9999 -9999 -9999 -9999 -9999 -9999 -9999 -9999 -9999 -9999 -9999 -9999 -9999
11.1693376394419 11.2697161894578 11.413746540363 11.3725765668429 11.4779390188364 11.1327690711388 10.3629883252657 9.18067176525409 10.199366569519 9.69799137115479 9.67523354750413 10.6396731596727 11.0156307954055 11.4789973038893 11.7697022511409 11.6847801208496 11.525376026447 11.3401162807758 10.9675231346717 10.9546571878287 10.4844493865967 9.73149527036227 9.03371091989371 9.59139149005597 10.072842157804 10.144958789532 9.78613310593825 9.22875712468074 8.65576369945819 8.67216799809382 9.47146180959848 10.3364933454073 9.50402245154748 10.3807853552011 11.7281937232384 -9999 -9999 -9999 -9999 -9999 -9999 -9999 -9999 -9999 -9999 -9999 -9999 -9999 -9999 -9999 -9999 -9999 -9999 -9999 -9999 -9999 -9999 -9999 -9999 -9999 -9999 -9999 -9999
10.9575887826773 10.83505322383 10.9643878936768 11.1701529576228 11.8012288900522 11.9332943696242 9.90968718895545 9.03016112400935 9.17230400672326 9.49401070521428 10.3903621526865 11.0687774511484 11.4703189409696 11.5662425848154 11.5368151297936 11.4489637521597 11.2946562400231 11.0266664211567 10.7746039170485 10.6413084910466 10.0771664839524 9.39648907001202 9.32492036085862 9.54655874692477 9.62932902116042 9.6759741122906 9.15768080491286 8.42227752392109 7.58073986493624 7.15624248064481 8.15564283957848 9.9002728829017 11.2962521773118 12.1395991398738 -9999 -9999 -9999 -9999 -9999 -9999 -9999 -9999 -9999 -9999 -9999 -9999 -9999 -9999 -9999 -9999 -9999 -9999 -9999 -9999 -9999 -9999 -9999 -9999 -9999 -9999 -9999 -9999 -9999
11.2214077436007 10.9314889907837 11.0360959126399 11.1043704839853 11.8760185975295 -9999 10.7286679194524 8.6957792868981 9.23440118936392 10.0209830357478 10.8068615106436 11.1629196313711 11.1870420162494 11.2148241629967 11.2298371241643 11.1100863676805 10.8477595402644 10.7861143258902 10.6587108465341 10.6152622516339 10.36373094412 10.2511997956496 9.99172914945162 9.7253810442411 9.63530452434833 9.58253376300518 8.8156485924354 7.63606618000911 6.28305163750282 6.31944344593928 7.06445327171913 9.83400315504808 11.1495867509108 -9999 -9999 -9999 -9999 -9999 -9999 -9999 -9999 -9999 -9999 -9999 -9999 -9999 -9999 -9999 -9999 -9999 -9999 -9999 -9999 -9999 -9999 -9999 -9999 -9999 -9999 -9999 -9999 -9999 -9999
11.5825382379385 11.2887740501991 11.3255078975971 11.8928050261277 -9999 12.0449759409978 10.9876248286321 8.91427935086764 9.67866948934702 10.7665532185481 11.074836730957 11.2148404488197 11.0186050855196 10.8676026417659 10.840427838839 10.6769270530114 10.5676564436692 10.6330098372239 10.3868287893442 10.3060192695031 10.2339377770057 9.96234739743746 9.24623687450702 9.20317040956937 9.21071404677171 8.99046685145452 8.08755482160128 7.67673815213717 6.0221465917734 5.49198994269738 7.3170962700477 10.746622965886 12.0671955255362 -9999 -9999 -9999 -9999 -9999 -9999 -9999 -9999 -9999 -9999 -9999 -9999 -9999 -9999 -9999 -9999 -9999 -9999 -9999 -9999 -9999 -9999 -9999 -9999 -9999 -9999 -9999 -9999 -9999 -9999
-9999 11.4271811705369 12.0917756740864 -9999 -9999 11.5505278660701 11.4105922992413 9.58389274890606 9.81993814615103 10.9095548483042 10.9103775024414 10.9610252380371 10.8546068484967 10.8354550141555 10.8196863027719 10.9045570080097 10.7960193340595 10.4251776475173 10.2552318572998 10.2810525894165 10.0441638506376 9.91026247464693 9.44370731940636 8.87257128495436 8.60988550919753 8.47883752676157 7.4345115514902 7.06966528525719 6.34465566048255 5.89882604892437 8.15344913189228 10.5952051602877 -9999 -9999 -9999 -9999 -9999 -9999 -9999 -9999 -9999 -9999 -9999 -9999 -9999 -9999 -9999 -9999 -9999 -9999 -9999 -9999 -9999 -9999 -9999 -9999 -9999 -9999 -9999 -9999 -9999 -9999 -9999
-9999 11.6982583999634 -9999 -9999 -9999 11.4271767689632 -9999 10.5306960619413 9.95330495100755 10.744867838346 10.6050260250385 10.686428290147 10.639701623183 10.5958756666917 10.7181616563063 10.6830212519719 10.6551124132597 10.5738575275128 10.3343051763681 10.1190933814416 9.86809121645414 9.65694251427284 9.60396986741286 8.87960918133075 8.2361912727356 7.5826285802401 7.18701175542978 6.54908730433537 6.21509746404795 6.59680219796988 8.8949974500216 11.3800175006573 -9999 -9999 -9999 -9999 -9999 -9999 -9999 -9999 -9999 -9999 -9999 -9999 -9999 -9999 -9999 -9999 -9999 -9999 -9999 -9999 -9999 -9999 -9999 -9999 -9999 -9999 -9999 -9999 -9999 -9999 -9999
-9999 -9999 -9999 -9999 -9999 -9999 -9999 10.415675676786 10.9693477337177 10.5882695271419 10.37153001932 10.3101664323073 10.2998175254235 10.244589805603 10.4469582484319 10.3913994569045 10.4243031281691 10.3795153544499 10.1270126196054 9.88388604384202 9.69779131962703 9.45308670630822 9.3605103125939 8.75400418501634 7.85484229601346 7.25060220865103 5.98971220163199 4.850027854626 5.61667104867789 5.92749896416297 9.22840771308312 -9999 -9999 -9999 -9999 -9999 -9999 -9999 -9999 -9999 -9999 -9999 -9999 -9999 -9999 -9999 -9999 -9999 -9999 -9999 -9999 -9999 -9999 -9999 -9999 -9999 -9999 -9999 -9999 -9999 -9999 -9999 -9999
-9999 -9999 -9999 11.959248322707 11.4891025103056 11.4095514737643 -9999 -9999 -9999 10.558834369366 10.2845118596004 10.0991249818068 9.96219070141132 9.88791693173922 9.92919224959153 9.98229298224816 9.96235869481013 9.99525312276987 9.7728586930495 9.66864424485427 9.51510583437406 9.2663290317242 9.15182377741887 8.53624629974365 7.07657604951125 5.97579699296218 3.56100775645329 1.74929254788619 4.21312673275287 5.88578499280489 -9999 -9999 -9999 -9999 -9999 -9999 -9999 -9999 -9999 -9999 -9999 -9999 -9999 -9999 -9999 -9999 -9999 -9999 -9999 -9999 -9999 -9999 -9999 -9999 -9999 -9999 -9999 -9999 -9999 -9999 -9999 -9999 -9999
