rasters/bioclim/bio12.asc
NCOLS 720 
NROWS 300 
XLLCORNER -180 
YLLCORNER -60 
CELLSIZE 0.5 
NODATA_value -9999 
[rows 28 to 55 of 300, columns 441 to 503 of 720]
-9999 -9999 -9999 -9999 -9999 -9999 -9999 -9999 -9999 -9999 -9999 -9999 -9999 -9999 -9999 -9999 -9999 -9999 -9999 -9999 -9999 -9999 -9999 -9999 -9999 -9999 -9999 -9999 -9999 -9999 -9999 -9999 -9999 -9999 -9999 -9999 -9999 -9999 -9999 -9999 -9999 -9999 -9999 -9999 -9999 -9999 -9999 -9999 -9999 -9999 -9999 -9999 -9999 -9999 -9999 -9999 -9999 -9999 -9999 -9999 -9999 -9999 -9999
-9999 -9999 -9999 -9999 -9999 -9999 -9999 -9999 -9999 -9999 -9999 -9999 -9999 -9999 -9999 -9999 -9999 -9999 -9999 -9999 -9999 -9999 -9999 -9999 -9999 -9999 -9999 -9999 -9999 -9999 -9999 -9999 -9999 -9999 -9999 -9999 -9999 -9999 -9999 -9999 -9999 -9999 -9999 -9999 -9999 -9999 -9999 -9999 -9999 -9999 -9999 -9999 -9999 -9999 -9999 -9999 -9999 -9999 -9999 -9999 -9999 -9999 -9999
-9999 -9999 -9999 -9999 -9999 -9999 -9999 -9999 -9999 -9999 -9999 -9999 -9999 -9999 -9999 -9999 -9999 -9999 -9999 -9999 -9999 -9999 -9999 -9999 -9999 -9999 -9999 -9999 -9999 -9999 -9999 -9999 -9999 -9999 -9999 -9999 -9999 -9999 -9999 -9999 -9999 -9999 -9999 -9999 -9999 -9999 -9999 -9999 -9999 -9999 -9999 -9999 -9999 -9999 -9999 -9999 -9999 -9999 -9999 -9999 -9999 -9999 -9999
-9999 -9999 -9999 -9999 -9999 -9999 -9999 -9999 -9999 -9999 -9999 -9999 -9999 -9999 -9999 -9999 -9999 -9999 -9999 -9999 -9999 -9999 -9999 -9999 -9999 -9999 -9999 -9999 -9999 -9999 -9999 -9999 -9999 -9999 -9999 -9999 -9999 -9999 -9999 -9999 -9999 -9999 -9999 -9999 -9999 -9999 -9999 -9999 -9999 -9999 -9999 -9999 -9999 -9999 -9999 -9999 -9999 -9999 -9999 -9999 -9999 -9999 -9999
-9999 -9999 -9999 -9999 -9999 -9999 -9999 -9999 -9999 -9999 -9999 -9999 -9999 -9999 -9999 -9999 -9999 -9999 -9999 -9999 -9999 -9999 -9999 -9999 -9999 -9999 -9999 -9999 -9999 -9999 -9999 -9999 -9999 -9999 -9999 -9999 -9999 -9999 -9999 -9999 -9999 -9999 -9999 -9999 -9999 -9999 -9999 -9999 -9999 -9999 -9999 -9999 -9999 -9999 -9999 -9999 -9999 -9999 -9999 -9999 -9999 -9999 -9999
-9999 -9999 -9999 -9999 -9999 -9999 -9999 -9999 -9999 -9999 -9999 -9999 -9999 -9999 -9999 -9999 -9999 -9999 -9999 -9999 -9999 -9999 -9999 -9999 -9999 -9999 -9999 -9999 -9999 -9999 -9999 -9999 -9999 -9999 -9999 -9999 -9999 -9999 -9999 -9999 -9999 -9999 -9999 -9999 -9999 -9999 -9999 -9999 -9999 -9999 -9999 -9999 -9999 -9999 -9999 -9999 -9999 -9999 -9999 179.172210106483 182.770473186786 183.404159545898 -9999
-9999 -9999 -9999 -9999 -9999 -9999 -9999 -9999 -9999 -9999 -9999 -9999 -9999 -9999 -9999 -9999 -9999 -9999 -9999 -9999 -9999 -9999 -9999 -9999 -9999 -9999 -9999 -9999 -9999 -9999 -9999 -9999 -9999 -9999 -9999 -9999 -9999 -9999 -9999 -9999 -9999 -9999 -9999 -9999 -9999 -9999 -9999 -9999 -9999 -9999 -9999 -9999 -9999 -9999 -9999 -9999 -9999 216.724146916316 217.592099703275 219.924011230469 218.196751521184 216.367692213792 221.55298438439
-9999 -9999 -9999 -9999 -9999 -9999 -9999 -9999 -9999 -9999 -9999 -9999 -9999 -9999 -9999 -9999 -9999 -9999 -9999 -9999 -9999 -9999 -9999 -9999 -9999 -9999 -9999 -9999 -9999 -9999 -9999 -9999 -9999 -9999 -9999 -9999 -9999 -9999 -9999 -9999 -9999 -9999 -9999 -9999 -9999 -9999 -9999 -9999 -9999 -9999 -9999 -9999 -9999 -9999 -9999 -9999 225.246618417593 230.85929283729 230.968113825871 230.549182598407 236.410342876728 238.960405789889 244.275516216572
-9999 -9999 -9999 -9999 -9999 -9999 -9999 -9999 -9999 -9999 -9999 -9999 -9999 -9999 -9999 -9999 -9999 -9999 -9999 -9999 -9999 -9999 -9999 -9999 -9999 -9999 -9999 -9999 -9999 -9999 -9999 -9999 -9999 -9999 -9999 -9999 -9999 -9999 -9999 -9999 -9999 -9999 -9999 -9999 -9999 -9999 -9999 -9999 -9999 -9999 -9999 -9999 -9999 -9999 -9999 -9999 238.231646024264 232.416743351863 226.980741060697 232.402180598332 233.662652822641 239.175337571364 245.770268366887
-9999 -9999 -9999 -9999 -9999 -9999 -9999 -9999 -9999 -9999 -9999 -9999 -9999 -9999 -9999 -9999 -9999 -9999 -9999 -9999 -9999 -9999 -9999 -9999 -9999 -9999 -9999 -9999 -9999 -9999 -9999 -9999 -9999 -9999 -9999 -9999 -9999 -9999 -9999 -9999 -9999 -9999 -9999 -9999 -9999 -9999 -9999 -9999 -9999 -9999 -9999 -9999 -9999 209.92936706543 216.074907743014 225.077155480018 230.677919827975 235.387703528771 233.623248760517 234.689920278696 242.04035949707 248.898715679462 258.395201462966
-9999 -9999 -9999 -9999 -9999 -9999 -9999 -9999 -9999 -9999 -9999 -9999 -9999 -9999 -9999 -9999 -9999 -9999 -9999 -9999 -9999 -9999 -9999 -9999 -9999 -9999 -9999 -9999 -9999 -9999 -9999 -9999 -9999 -9999 -9999 -9999 -9999 -9999 -9999 -9999 -9999 -9999 -9999 -9999 -9999 -9999 -9999 -9999 -9999 -9999 -9999 -9999 225.53021474985 -9999 224.807510375977 228.356020413912 229.992490328275 236.086815467248 237.874573927659 244.428685114934 253.547884427584 262.643588726337 270.231870211088
-9999 -9999 -9999 -9999 -9999 -9999 -9999 -9999 -9999 -9999 -9999 -9999 -9999 -9999 -9999 -9999 -9999 -9999 -9999 -9999 -9999 -9999 -9999 -9999 -9999 -9999 -9999 -9999 -9999 -9999 -9999 -9999 -9999 -9999 -9999 -9999 294.382943960337 287.743923480694 -9999 -9999 -9999 -9999 -9999 -9999 -9999 -9999 -9999 -9999 -9999 -9999 -9999 -9999 -9999 218.398329514724 227.627510657677 231.462274404672 233.050891582782 241.956647432767 245.764985304612 252.328954843374 263.719016441932 274.008364163912 277.924763606145
-9999 -9999 -9999 -9999 -9999 -9999 -9999 -9999 -9999 -9999 -9999 -9999 -9999 -9999 -9999 -9999 -9999 -9999 -9999 -9999 -9999 -9999 -9999 -9999 -9999 -9999 -9999 -9999 -9999 -9999 -9999 -9999 -9999 -9999 -9999 -9999 -9999 -9999 288.515950129582 286.399655855619 286.359369131235 284.150236863356 277.763414823092 269.606557992788 -9999 -9999 -9999 -9999 -9999 -9999 -9999 -9999 -9999 214.296231783353 220.278752253606 230.147202711839 235.873624361478 240.882063645583 249.294469980093 257.659063485953 269.353499192458 284.696115347055 290.085962148813
-9999 -9999 -9999 -9999 -9999 -9999 -9999 -9999 -9999 -9999 -9999 -9999 -9999 -9999 -9999 -9999 381.722045898438 389.004211425781 392.767481877254 -9999 -9999 -9999 -9999 -9999 -9999 -9999 -9999 -9999 -9999 -9999 -9999 -9999 -9999 -9999 -9999 -9999 -9999 -9999 -9999 -9999 304.574584960938 304.263772817758 299.213672344501 285.169498150165 272.98150400015 268.384169358474 260.649353027344 244.538130540114 227.827191866361 -9999 -9999 -9999 -9999 -9999 -9999 224.855511005108 239.661635178786 240.150120661809 246.2044337346 256.716290987455 274.018013587365 285.425157987154 290.048258854793
-9999 -9999 -9999 -9999 -9999 -9999 -9999 -9999 -9999 -9999 -9999 -9999 -9999 -9999 -9999 -9999 375.252077542818 381.452939547025 -9999 -9999 -9999 -9999 -9999 -9999 -9999 398.540712796725 395.697709303636 -9999 -9999 -9999 -9999 -9999 -9999 -9999 339.31690626878 338.289803138146 334.056504469651 322.735655564528 -9999 -9999 309.184633695162 306.429712148813 298.560819185697 286.856938288762 281.682134775015 278.484702477088 273.6240234375 260.955906794621 247.316218449519 238.382259662335 230.897276658278 228.262278043307 215.192505469689 204.94919527494 -9999 -9999 -9999 247.87773836576 250.959966806265 259.21172274076 269.069641113281 281.061997633714 286.425811767578
-9999 -9999 -9999 -9999 -9999 -9999 -9999 405.160113994892 420.25394146259 416.689910888672 407.919440636268 386.150435227614 -9999 -9999 -9999 -9999 -9999 -9999 -9999 -9999 408.010746882512 416.923173170823 417.643510084886 409.1368361253 402.406228872446 402.09856238732 401.821284367488 398.783280592698 -9999 395.697681133564 395.62890625 392.307232196514 382.617201585036 367.819587120643 360.208493746244 362.026010366587 356.500037560096 337.154395470252 325.787846491887 322.869191096379 318.875247661884 313.807667658879 306.662943913386 298.40360553448 288.699752807617 292.732694185697 291.205609835111 281.472744281475 276.057822594276 265.04681631235 266.581208449144 258.620321420523 240.731192955604 222.166518578163 224.957929171049 242.91832439716 259.52064044659 259.098252516526 258.633713942308 262.915536733774 270.409834641677 279.208122840294 286.568682157076
436.762782170222 -9999 -9999 -9999 -9999 -9999 -9999 402.582493708684 403.678065373347 403.433849628155 399.704265887921 -9999 -9999 -9999 -9999 -9999 405.593318058894 407.358290452224 410.464141845703 409.708667461689 413.085721529447 414.078876201923 412.910909799429 408.342850905198 398.564131516677 400.395080566406 407.120981069712 409.734978309044 407.935424804688 407.991736778846 402.543722299429 401.180915245643 388.641061636118 380.865844726562 373.593374399038 369.086522028996 364.539893517127 349.388674222506 331.097994290865 327.134384155273 325.653859065129 320.692568265475 309.346062293419 301.999166635367 300.902816772461 300.928892869216 301.401253333459 298.024088932918 289.347834660457 281.310791015625 282.865939800556 276.65827355018 261.675208458534 244.187109140249 244.697769165039 258.53627718412 271.514732947716 267.978405292218 270.587794377254 275.180283766526 276.078815166767 280.88723050631 288.242240318885
505.539313683143 471.347020075871 -9999 -9999 -9999 -9999 417.403752253606 421.761432354267 423.310300386869 -9999 -9999 -9999 -9999 -9999 408.066279484675 423.719423734225 436.409146822416 426.997100830078 415.00882427509 416.83533184345 413.093543419471 413.818089411809 412.397597092849 410.693502572867 408.4482421875 409.188605675331 411.57616013747 412.996708796575 414.110285832332 412.455702561599 406.818497877855 402.862861046424 399.887857290415 388.622178297776 386.331845797025 384.451521653395 375.196920541617 362.45754300631 347.092666625977 342.977177546575 341.372173602764 333.090069110577 328.916267981896 318.628732534555 312.993391770583 315.31583580604 312.11178119366 307.104081373948 308.242327176608 318.867766160231 306.095138549805 306.609265840971 294.976636446439 283.241280188927 275.965220524715 281.12132028433 283.058886014498 282.674976055439 284.145606407752 282.466194739709 286.098089364859 292.117421076848 302.326413668119
550.314699613131 -9999 -9999 -9999 -9999 -9999 -9999 -9999 461.846367469201 452.937450702374 433.9970703125 423.394242506761 420.649014986478 419.701336200421 421.957794189453 415.396050086388 423.140794020433 412.46728515625 407.293419471154 407.183520977314 409.766434889573 409.852630615234 411.737980769231 410.524407019982 408.330512413612 404.954571063702 409.966658372145 414.737628643329 415.035419170673 412.60408606896 410.145284799429 407.000037560096 401.18741783729 398.51373056265 392.182363656851 388.864541860727 379.786125769982 370.621509258564 370.453556941106 367.35695706881 362.985947829026 358.406874436599 349.357572115385 340.433809720553 331.886345496544 322.841410710261 326.912240835337 329.527697049654 328.934711162861 332.439104520358 325.63530085637 322.363323505108 317.795938345102 313.367098294772 310.703876201923 302.746815608098 299.801307091346 298.982318584736 297.565503633939 300.587004441481 305.51242182805 309.654334435096 -9999
-9999 -9999 473.488908034105 491.861041729267 478.115161602314 464.36668748122 -9999 461.733689528245 475.322298490084 473.190739558293 462.728064903846 458.050321138822 451.498312143179 446.439518855168 441.757152850811 434.009843092698 423.601555457482 417.972984900841 419.59873845027 421.450150709886 417.80966421274 419.639547494742 423.362903301532 421.128002460186 416.287045992338 416.484527587891 413.511512169471 417.752227783203 421.335024320162 420.766956035907 418.808161808894 413.083679199219 414.271315354567 409.167567326472 406.833831787109 396.164186917818 390.733210637019 387.740753173828 386.61322256235 386.592928372897 389.105356069712 381.605194091797 373.916891244742 358.699347862831 356.742916400616 368.120434100811 354.118630042443 345.69327721229 353.894474909856 352.162860576923 349.450014554537 346.97700383113 343.027313232422 335.19092970628 330.182274451623 323.944108229417 317.050832895132 315.165865384615 317.206514798678 319.51278921274 321.311762883113 329.028374305138 330.787020169772
567.413125845102 560.921783447266 528.548994797927 522.619802621695 520.931434044471 508.930300199068 497.490464430589 476.028540978065 478.035421518179 486.937957763672 487.668903057392 485.359795203576 482.609015831581 470.218022273137 468.534595196064 453.01308969351 440.570080096905 432.444112924429 434.228046123798 430.268575815054 430.856762225811 429.08977332482 430.825340857873 436.983558067909 436.191786545974 425.89592566857 423.892634465144 427.243703988882 432.751474233774 432.86579308143 430.878260685847 426.787578876202 422.97213275616 418.868311955379 419.576782226562 408.100060096154 398.488196739784 392.820355928861 399.364442091722 405.278127817007 405.83973811223 406.2130080003 403.720424945538 391.277232243465 378.44353895921 378.273601825421 379.939685528095 380.670971210186 383.409883939303 378.859278752254 379.599024846004 372.251525878906 364.298670842097 357.486267089844 349.218914325421 341.622631366436 335.710477388822 336.040447528546 340.934206449068 345.233999399038 344.108046311599 351.378542386568 349.850649320162
625.495143010066 588.158069317157 545.802929217999 563.63423039363 555.667529766376 525.559114896334 512.892596905048 493.954970139724 490.177633432242 489.902977576623 490.563868596004 487.112076979417 483.14063673753 489.897932786208 491.807981050932 472.663494403546 457.371114877554 440.450965294471 444.248870849609 436.563422569862 435.870131272536 440.374711256761 443.957010122446 448.981903076172 447.441971998948 442.843447171725 439.139038085938 435.786292442909 440.081836407001 441.534696138822 441.068652813251 444.459287203275 442.668198805589 434.945267897386 433.151083139273 423.207761324369 417.331717857948 411.637698833759 426.886993408203 422.218444824219 411.718137300932 420.401364839994 411.890979473407 405.659318190355 401.837742732121 394.66639826848 392.348022460938 393.797560471755 395.405829796424 394.910660963792 395.443857046274 393.524728628305 387.035210242638 378.580796461839 373.017991286058 366.256934532752 363.019740178035 360.67186326247 360.625352125901 364.571702223558 370.592364971454 377.398977426382 378.447760948768
589.921731802133 571.611253004808 562.949991079477 547.866950401893 546.206413855919 538.961547851562 525.194500262921 510.075901911809 507.83584359976 507.902787428636 499.357666015625 497.688309889573 503.04241004357 508.003183218149 501.320542555589 482.320990929237 467.427882267879 454.849454439603 462.587900015024 454.611208402193 454.070103571965 455.538757324219 460.938497690054 465.096693772536 461.663536658654 460.47402719351 457.98442195012 460.045170710637 461.750187800481 458.25692983774 459.958439753606 464.06161733774 464.081559401292 461.759479229267 456.518829345703 440.419506366436 438.653004572942 440.525144136869 440.152806208684 420.762153038612 411.262728177584 407.791797344501 410.221339299129 414.103161151593 409.754202035757 403.101651705228 398.991372915415 403.027442345252 403.503943810096 403.504284198468 404.381854717548 403.963834322416 402.2088669997 394.763000488281 391.309112548828 385.991041917067 388.864379882812 389.034482515775 390.426605224609 394.346052903395 401.346693772536 408.960125262921 413.097956730769
590.281073937049 605.571169339693 588.530395507812 557.895683875451 559.497222900391 548.066007173978 531.530627910907 511.310544527494 508.735288179838 523.760721059946 521.959536038912 509.697019136869 506.308373084435 510.68509380634 508.018406794621 490.506401648888 480.321296105018 472.648263784555 472.548424353966 472.923177865835 478.023500882662 472.502183180589 475.053760235126 479.525716928335 476.652064396785 474.752300555889 478.742595966046 478.901421180138 477.797553429237 472.42050405649 476.666705791767 479.165593073918 478.300743689904 478.095994215745 478.645944448618 472.028397780198 465.381389911358 465.123056265024 438.695162259615 421.271634615385 417.896728515625 425.860274094802 419.478623610276 416.428544264573 412.106952373798 405.156437800481 407.447744516226 405.213266225962 410.450275127704 410.147571270282 415.449094332182 416.580425555889 411.440190241887 411.222923865685 405.170497013972 404.634134145883 404.230844350962 405.696845421424 409.143965501052 415.770064133864 427.227778508113 432.971829927885 443.36333993765
568.754368708684 576.200493445763 557.551574707031 542.691659780649 534.273078331581 544.748286320613 530.684692382812 541.966411884014 542.852008526142 538.321138822115 530.806227463942 530.765925480769 522.861184927133 513.37454693134 508.191206711989 497.774503267728 487.210127610427 482.720919095553 479.616121732272 474.368189885066 474.954787034255 475.834763746995 480.40144935021 484.972435584435 484.506326528696 487.044285700871 484.850827730619 490.022341214693 492.377105712891 489.12101158729 498.108217679537 502.049809382512 499.908104529748 492.055419921875 490.353156456581 495.169947697566 494.052025428185 487.838954045222 454.817934476412 442.280606783353 449.66445688101 449.591975285457 435.039440448468 424.503481351412 418.948415902945 415.372565636268 414.546046330379 417.397815410907 417.760225736178 424.10117985652 428.151411790114 430.102299616887 423.972527137169 421.090979942909 418.634080153245 419.288658728966 422.396310659555 422.011547382061 429.822014441857 435.54593365009 443.733177771935 456.691356952374 458.311981201172
558.453110914964 536.530503493089 529.217623197115 519.703028752254 540.568007249099 538.916675274189 553.294290395883 543.093792255108 544.665564903846 545.324042687049 532.354607215294 529.543156550481 525.598045935998 523.905299260066 513.078702486478 505.079441950871 496.611994816707 488.966418926532 481.497492863582 477.505375788762 474.678401066707 480.128648024339 479.153341440054 485.454528808594 486.337623009315 492.592721792368 492.357917198768 495.92198063777 500.110694298377 506.7431640625 515.347355769231 526.741802509014 519.309100811298 509.915172870343 510.799224853516 515.618133544922 517.667151817909 511.399280254657 479.065237192007 460.90477341872 467.423008845403 463.273021991436 452.859083909255 441.866206242488 432.118126502404 427.817018949068 428.100116436298 428.508155235877 434.720017653245 437.066310002254 445.182887150691 445.117091252254 440.479905348558 435.80368746244 435.118138239934 433.310699462891 437.376424936148 438.230299729567 444.769247201773 451.104799710787 458.949232835036 460.812194824219 466.143120398888
568.00526545598 548.119302602915 536.135537954477 521.374678391677 521.353949913612 519.800659179688 530.844440166767 553.582665076623 553.687720665565 551.780137282151 545.724851168119 538.599412184495 537.682042048528 531.25434758113 524.082444411058 515.91413292518 509.612290602464 502.047229473407 487.936962421124 478.066483717698 477.933469332182 478.678760235126 477.612630990835 483.747725266677 486.973947378305 497.933506892278 501.056319016677 499.4852341872 500.353327824519 514.68467595027 526.991666353666 534.04739849384 538.375525841346 536.496239295373 534.590435321514 539.637392484225 533.92825786884 523.253934420072 499.930262638972 474.231872558594 471.944990891677 470.441244272085 458.092383751502 453.902498685397 444.694666935847 443.545494666466 440.572493333083 440.275883601262 439.496274507963 447.187467134916 451.206596961388 455.467881422776 449.52548452524 448.866056002103 446.032639723558 448.354546180138 449.745358980619 448.988476092999 448.596639779898 452.467031625601 458.143416184645 457.965893085186 461.738429142879
574.001793494591 593.500800499549 580.724306546725 536.364055926983 514.844414344201 524.455127422626 525.607637845553 567.334545428936 562.900498610276 543.907430795523 547.618607741136 548.26119525616 545.057837853065 537.492208627554 537.450913649339 529.077310415415 518.26913686899 510.410618708684 503.462601881761 487.471290001502 484.414400540865 485.517087496244 486.710120567909 488.274712195763 495.896690955529 503.58016028771 511.642552302434 513.664839524489 513.831906832182 524.504192645733 541.115466778095 552.069887601412 555.742037259615 555.329305795523 560.359107384315 561.077831561749 554.383028470553 540.977809025691 506.208028940054 477.28225003756 471.584817739633 466.596461369441 462.710085355318 460.636486346905 454.47367976262 448.830939659706 449.646235539363 444.771244929387 444.737412672776 445.941450852614 454.831888052133 456.142873910757 449.983813946064 451.565537672776 448.401792086088 453.230072021484 458.007972130409 451.14392559345 443.744600736178 444.10151554988 450.935133713942 454.836345966046 456.698549710787
