rasters/bioclim/bio15.asc
NCOLS 720 
NROWS 300 
XLLCORNER -180 
YLLCORNER -60 
CELLSIZE 0.5 
NODATA_value -9999 
[rows 224 to 251 of 300, columns 630 to 692 of 720]
123.372472322904 123.507235600398 126.727708082933 128.231854952299 128.283438462477 125.241436884953 120.94834782527 113.785304142879 106.452640240009 101.737120408278 99.319217975323 103.143668248103 106.683606954721 102.547256176288 95.4218635559082 89.935475569505 85.6300562345065 82.8115894611065 78.8621133657602 76.0664332463191 78.2168857867901 86.4837934053861 94.0934366079477 89.3327971238356 78.586058983436 73.4593423696665 77.8727017916166 77.9045169536884 76.3759750953087 -9999 -9999 -9999 -9999 -9999 -9999 -9999 -9999 -9999 -9999 -9999 -9999 -9999 -9999 -9999 -9999 -9999 -9999 -9999 -9999 -9999 -9999 -9999 -9999 -9999 -9999 -9999 -9999 -9999 -9999 -9999 -9999 -9999 -9999
120.957288301908 122.507139939528 122.384581932655 124.757554861215 125.153278057392 121.431897676908 120.453784649189 118.210258483887 114.125579833984 106.379508972168 103.566772460938 105.669023953951 106.475245549129 100.185304495005 90.9145528353178 81.3735163762019 74.7140033428486 70.8614895160382 68.4234534043532 67.5924656207745 69.4308908902682 74.7999590360201 79.8358039855957 77.6149409367488 73.8124457139235 71.2242161677434 72.5677053011381 73.2442186795748 72.7973741384653 73.7154561556303 70.9660180898813 69.7485331021822 -9999 -9999 -9999 -9999 -9999 -9999 -9999 -9999 -9999 -9999 -9999 -9999 -9999 -9999 -9999 -9999 -9999 -9999 -9999 -9999 -9999 -9999 -9999 -9999 -9999 -9999 -9999 -9999 -9999 -9999 -9999
114.187311612643 114.274809030386 113.573857820951 112.237639793983 113.342841515174 113.092383164626 114.8167384221 115.42352940486 112.415895315317 106.709864689754 104.759848961463 104.051942091722 102.203680772048 95.7230488703801 87.9548859229455 79.7260498633752 70.3818852351262 66.7233927800105 63.7153616685134 61.0167042658879 62.6309720552885 66.3772723858173 69.1087132967435 70.61437694843 72.176934168889 72.655809549185 72.2472314100999 70.8429392301119 70.556508577787 75.1855785663311 76.6757516127366 67.7355220501239 -9999 -9999 -9999 -9999 -9999 -9999 -9999 -9999 -9999 -9999 -9999 -9999 -9999 -9999 -9999 -9999 -9999 -9999 -9999 -9999 -9999 -9999 -9999 -9999 -9999 -9999 -9999 -9999 -9999 -9999 -9999
105.019187633808 109.687539907602 108.680163163405 104.535477858323 105.060967078576 104.927693293645 108.181814340445 112.229286780724 111.986271784856 108.218970078688 105.559950608474 102.788889958308 99.4255541287936 88.2175134512094 81.4543600815993 74.8972165034368 70.7513950054462 65.8419817410983 62.3206572899452 57.9983112628643 57.6517791748047 62.5712811396672 66.3837113013634 67.628900381235 67.6639776963454 69.5658226013184 72.1436509352464 72.7245022700383 72.4760733384352 73.6920157212477 75.6010161179763 72.1516902630146 67.6319125248836 -9999 -9999 -9999 -9999 -9999 -9999 -9999 -9999 -9999 -9999 -9999 -9999 -9999 -9999 -9999 -9999 -9999 -9999 -9999 -9999 -9999 -9999 -9999 -9999 -9999 -9999 -9999 -9999 -9999 -9999
95.7379194406363 100.720107738788 103.245427058293 98.9481227581318 97.833623445951 100.822196373573 102.980266864483 107.189963707557 108.283843994141 105.619991595928 104.077121734619 99.3116199786846 93.6230028592623 83.7948282681979 75.1924382723295 70.5838074317345 69.1207530681904 64.1586658771221 61.4711761474609 58.4497346144456 58.212474822998 60.2021810091459 61.3249077430138 60.9691913311298 62.0904004023625 65.4839322016789 70.0326268122746 74.6742016718938 73.5646107013409 70.8827362060547 72.8366030179537 73.9494866591234 77.3143788851225 72.9099209125225 -9999 -9999 -9999 -9999 -9999 -9999 -9999 -9999 -9999 -9999 -9999 -9999 -9999 -9999 -9999 -9999 -9999 -9999 -9999 -9999 -9999 -9999 -9999 -9999 -9999 -9999 -9999 -9999 -9999
95.5901366013747 96.6955716059758 99.4493663494404 95.2292929429274 96.7803315382737 97.2543100210337 97.5808252187876 100.000411987305 100.906774080717 100.959088545579 98.2447198721079 94.7251460735614 86.9431395897498 80.8245051457332 74.466682434082 71.2682298513559 69.6403136620155 65.6317349947416 63.376154092642 59.2037016061636 60.4411266033466 58.7470383277306 56.2344081585224 55.612439082219 59.0211742107685 59.4162536034217 62.1388118450458 63.493835742657 63.42046385545 63.2196778517503 66.8759152339055 73.2586590693547 75.6030426025391 68.6261341388409 60.8859885289119 -9999 48.0966959733229 -9999 -9999 -9999 -9999 -9999 -9999 -9999 -9999 -9999 -9999 -9999 -9999 -9999 -9999 -9999 -9999 -9999 -9999 -9999 -9999 -9999 -9999 -9999 -9999 -9999 -9999
94.494014446552 93.9273482102614 94.2534605172964 94.450266617995 95.2574724050669 97.0239695035494 96.0594353309044 98.3224193866436 96.4462438730093 97.5896406907302 92.7806223355807 89.2190252450796 84.3932483379657 77.2375156696026 76.0719988896297 74.9520824138935 72.3126701941857 66.9036011329064 62.9905495276818 60.3976716261644 60.089169722337 56.1926715557392 54.1322840177096 53.1470545255221 55.6633104177622 56.3934120765099 59.7427778977614 59.3423086313101 61.2159614562988 62.7693328857422 63.4378541799692 71.6839579068697 76.0473045935998 66.881964463454 56.6971307901236 48.3439234220065 45.8146350567157 -9999 -9999 -9999 -9999 -9999 -9999 -9999 -9999 -9999 -9999 -9999 -9999 -9999 -9999 -9999 -9999 -9999 -9999 -9999 -9999 -9999 -9999 -9999 -9999 -9999 -9999
90.1188873877892 88.7531735346868 91.4421738844651 90.4506921034593 89.7077454787034 95.6498595017653 96.5489942110502 97.4309454697829 96.1421602689303 91.5304022568923 88.8521772531363 85.1428695091834 81.2603304936336 78.1977154658391 73.386293557974 73.2648934584398 70.6454576345591 67.1924262413612 64.9501697833721 64.7182869544396 61.1102327200083 56.7699749286358 54.2365646362305 49.3694689824031 48.3928398719201 53.1979059072641 54.6987334031325 58.5331805302547 65.6338295569787 69.4661841759315 69.5757232079139 71.5013944185697 69.7625022301307 67.9131540151743 62.9347818814791 54.5676621657151 -9999 -9999 -9999 -9999 -9999 -9999 -9999 -9999 -9999 -9999 -9999 -9999 -9999 -9999 -9999 -9999 -9999 -9999 -9999 -9999 -9999 -9999 -9999 -9999 -9999 -9999 -9999
90.0481769855206 89.0548870380108 89.5485954284668 87.3670428349422 86.7266270564153 90.5277425325834 95.4177445631761 98.9677000779372 93.8243493300218 89.2032362130972 84.7628523019644 81.0927168039175 78.2158255943885 76.0694095905011 75.166741004357 70.65156349769 69.5617866516113 65.4603840754582 63.0224509605995 63.202028127817 59.3828524076022 55.6246913029597 52.8036895165077 50.3251005319449 50.159547659067 52.6616340050331 54.3696412306565 54.7533827561599 61.0034481928899 65.455130650447 67.8099981454702 67.8342716510479 65.1612384502704 65.0974273681641 59.9250238858736 50.0939116844764 -9999 -9999 -9999 -9999 -9999 -9999 -9999 -9999 -9999 -9999 -9999 -9999 -9999 -9999 -9999 -9999 -9999 -9999 -9999 -9999 -9999 -9999 -9999 -9999 -9999 -9999 -9999
84.9012715266301 84.1733460059533 87.0459122290978 86.4589776259202 86.9308093144343 88.6653612576998 90.9478976909931 93.6607853816106 88.0461455125075 83.3858032226562 82.2477507958045 80.1454054025503 75.7695664625901 76.8328913175143 72.5831078749437 67.8538709787222 68.3385928227351 63.2674161470853 64.4961389394907 62.2467757004958 59.5517501831055 55.9770114605243 53.8075001056378 51.7551099337064 54.3535288297213 54.1871575575608 54.0809135437012 53.4232940673828 57.2327203017015 64.0897674560547 64.7883755610539 64.2158678494967 61.3410345224234 60.8507907573993 55.9331729595478 44.5167739574726 -9999 -9999 -9999 -9999 -9999 -9999 -9999 -9999 -9999 -9999 -9999 -9999 -9999 -9999 -9999 -9999 -9999 -9999 -9999 -9999 -9999 -9999 -9999 -9999 -9999 -9999 -9999
75.8598301227276 77.4478927025428 89.5177486126239 87.7196892958421 85.1579035245455 84.2382075969989 86.2536327655499 86.7126984229455 84.7181792626014 81.8127253605769 79.3572299663837 76.0751134432279 74.1800921513484 70.357000204233 67.7073522714468 67.1108113802396 66.1782584557166 64.9505371680627 64.9346043513371 62.3285742539626 60.1837243300218 57.174497457651 54.2299983684833 52.279965033898 50.3576938922589 50.4461942819449 53.111560528095 55.4667807358962 57.3183253361629 60.7841148376465 62.6001088069035 60.0520800076998 56.9307010357197 56.9551799480732 53.9128388624925 48.1656373830942 -9999 -9999 -9999 -9999 -9999 -9999 -9999 -9999 -9999 -9999 -9999 -9999 -9999 -9999 -9999 -9999 -9999 -9999 -9999 -9999 -9999 -9999 -9999 -9999 -9999 -9999 -9999
72.411462196937 72.0687335087703 85.4089123652532 87.3665093642015 85.5557139470027 82.2593031663161 80.266422858605 81.1483776385968 79.1807339008038 78.4788090632512 76.7608997638409 72.1238344632662 70.5316564119779 69.5735165522649 68.1570308391864 67.0416922936073 65.9484493549053 67.5390850947453 65.1476745605469 62.0853479825533 60.5085399334247 58.9390696012057 56.2843337425819 52.7918269817646 50.43054492657 50.339465214656 52.625676375169 55.6127108060397 57.7505378723145 59.1840823246882 60.7038938082181 56.3336554307204 56.4268511258639 53.562204507681 55.337824014517 55.1173130915715 49.537907233605 -9999 -9999 -9999 -9999 -9999 -9999 -9999 -9999 -9999 -9999 -9999 -9999 -9999 -9999 -9999 -9999 -9999 -9999 -9999 -9999 -9999 -9999 -9999 -9999 -9999 -9999
71.1567739339975 67.9139132866493 81.5716631962703 81.5200095543495 81.4011069077712 81.2618513840895 77.1273363553561 76.6015604459322 75.9306244483361 76.5289705716647 76.5058455834022 71.8425812354455 67.743278503418 67.9724209125225 68.5019355187049 67.0975770216722 67.3132057189941 67.9930158761831 64.4830577556904 63.295962700477 61.0552058586707 60.6058763357309 60.4018322871282 58.4846258897048 55.7518568772536 56.4473243126502 56.2296729454627 58.0961176065298 58.4837706639216 57.6815935281607 57.0848607283372 53.2078211857722 53.0007536961482 51.0034329341008 49.2993822831374 48.7482038644644 44.9410415062538 -9999 -9999 -9999 -9999 -9999 -9999 -9999 -9999 -9999 -9999 -9999 -9999 -9999 -9999 -9999 -9999 -9999 -9999 -9999 -9999 -9999 -9999 -9999 -9999 -9999 -9999
70.2414046067458 70.8762073516846 77.6790043757512 81.7660983158992 85.0991918123685 84.2347192030687 80.1031846266526 76.8991992657001 78.4298456632174 77.9657137944148 76.4515451284555 74.1191285940317 68.1513862609863 66.2419756375826 65.9774307837853 66.3665636502779 67.0353798499474 66.0308535649226 62.2544134580172 60.9480551206149 59.1406674018273 60.3296590951773 59.5430625035213 59.4097407414363 58.730840242826 58.6976711566632 56.5105624565711 56.0771311246432 57.300357231727 56.6287143413837 53.4115660740779 53.5314254760742 55.7278581765982 48.5914313976581 44.9947471618652 44.9634958413931 45.9312579815204 -9999 -9999 -9999 -9999 -9999 -9999 -9999 -9999 -9999 -9999 -9999 -9999 -9999 -9999 -9999 -9999 -9999 -9999 -9999 -9999 -9999 -9999 -9999 -9999 -9999 -9999
67.4513160999005 69.3565871898945 74.5683113978459 80.797487112192 86.4087492135855 86.6560193575346 83.5332468472994 83.0756172767052 80.7784233093262 80.1761063795823 77.2394438523513 74.2295224116399 69.8202221210186 64.8189954024095 64.0691754267766 64.7651801476112 64.5107022798978 64.3815777118389 61.9052534836989 59.1804604163537 58.2862174694355 57.9618132664607 57.7808220203106 59.8441484891451 60.1490780757024 59.2247836773212 55.8588129190298 53.6509519723745 54.5848847902738 56.5053815108079 52.7355227837196 53.6392021179199 55.0595353933481 48.0064990703876 38.8481901608981 42.7782399104192 47.7235937852126 -9999 -9999 -9999 -9999 -9999 -9999 -9999 -9999 -9999 -9999 -9999 -9999 -9999 -9999 -9999 -9999 -9999 -9999 -9999 -9999 -9999 -9999 -9999 -9999 -9999 -9999
61.8931572253887 60.8198620722844 64.8935532203087 72.047477722168 81.9147652846116 84.1228618621826 87.0385953463041 90.365546299861 82.7586223895733 83.3746188237117 81.1463769766001 76.6995726365309 70.5324347569392 65.9443494356596 64.7106646024264 62.055439728957 63.7431163787842 62.7431686107929 60.8003211388221 59.9525802318866 57.850610439594 56.5045433044434 57.102625480065 57.8078801081731 57.8803721207839 55.0403445317195 51.9096946716309 48.0693594125601 46.7286004286546 50.9519851391132 47.563716008113 46.8155271089994 46.9209902836726 38.8887675358699 33.7843340360201 38.5000721858098 44.0380498445951 -9999 -9999 -9999 -9999 -9999 -9999 -9999 -9999 -9999 -9999 -9999 -9999 -9999 -9999 -9999 -9999 -9999 -9999 -9999 -9999 -9999 -9999 -9999 -9999 -9999 -9999
60.1501058431772 59.3009577531081 60.9472904205322 67.2402783907377 78.9402035933275 81.0692989642803 87.4156367962177 80.8359735929049 76.1462380335881 83.1712928185096 82.5818862915039 77.7655416635367 73.9198799133301 71.4155468573937 67.7109294304481 65.3596082834097 62.5607942434458 60.7601743844839 59.9456144479605 59.5748578585111 57.7992657881517 56.9745574364295 56.7161084688627 57.0634012955886 56.8427583254301 54.257780955388 53.9311941587008 47.1159798548772 48.9031153458815 51.8656181922326 47.5353766221267 43.5265617370605 40.8636216383714 33.4219922285814 29.7561855316162 33.1182607504038 -9999 -9999 -9999 -9999 -9999 -9999 -9999 -9999 -9999 -9999 -9999 -9999 -9999 -9999 -9999 -9999 -9999 -9999 -9999 -9999 -9999 -9999 -9999 -9999 -9999 -9999 -9999
58.339773618258 59.9142497136043 58.8978459284856 64.9302519284762 74.5907532618596 77.295076076801 77.9375582474929 74.6137149517353 73.6761012444129 75.9517927903395 76.3171844482422 79.751837510329 78.3573379516602 74.9401953770564 72.7913948939397 69.7193544827975 64.2422551375169 59.4795372302716 58.9692582350511 57.7626765324519 57.1541269742526 55.6509826366718 57.0726520831768 58.1357800410344 59.4895913050725 57.3280390225924 57.3249329787034 54.8507286952092 52.3626613616943 54.0997864649846 53.4523390256442 43.0721874237061 35.2334581521841 30.2327810434195 30.7354425283579 35.0793771010179 -9999 -9999 -9999 -9999 -9999 -9999 -9999 -9999 -9999 -9999 -9999 -9999 -9999 -9999 -9999 -9999 -9999 -9999 -9999 -9999 -9999 -9999 -9999 -9999 -9999 -9999 -9999
55.682377741887 59.3361172309289 61.7016512063833 69.0103209568904 78.0245650364802 78.213873056265 73.2927529261662 67.1692019242507 71.3819559537447 78.0457658034105 81.6455345153809 84.2443624643179 83.4715221111591 77.3660153609056 72.0146443293645 68.569283412053 65.4062150808481 60.3526796194223 61.4439485990084 62.9657044043908 60.1811200655424 56.601421722999 57.48708152771 59.1282429328332 61.773099899292 59.5831844623272 56.5180499737079 51.6610261476957 47.7492050757775 50.3659408275898 50.5130782494178 38.8143452864427 28.7726370004507 21.5259048755352 26.308065707867 36.3687303983248 -9999 -9999 -9999 -9999 -9999 -9999 -9999 -9999 -9999 -9999 -9999 -9999 -9999 -9999 -9999 -9999 -9999 -9999 -9999 -9999 -9999 -9999 -9999 -9999 -9999 -9999 -9999
56.6185989379883 59.9083275428185 63.8578812525823 70.1139199183537 78.4482624347393 76.9293091113751 66.0835147270789 61.2591181534987 66.7156222416804 84.7050770979661 88.0802847055288 87.8677225846511 83.2002843710092 76.3213233947754 69.4198655348558 63.4024611253005 62.8448945558988 61.923207796537 64.1028386629545 67.8616561156053 65.0882411369911 59.867205619812 57.6065816145677 58.488903925969 62.0257266117976 59.0772907550518 54.941804592426 50.9337328397311 49.3568793076735 49.5144899808444 47.3496002784142 33.8198679410494 24.5515577609722 23.9202527266282 29.2278721149151 34.2353035853459 -9999 -9999 -9999 -9999 -9999 -9999 -9999 -9999 -9999 -9999 -9999 -9999 -9999 -9999 -9999 -9999 -9999 -9999 -9999 -9999 -9999 -9999 -9999 -9999 -9999 -9999 -9999
57.0595547602727 59.9695437504695 61.6100719158466 65.5869391514705 74.2420667501596 73.1034143888033 63.7625747093788 57.7969856262207 65.8692336449256 77.9133801093468 78.7590842613807 77.6460057772123 69.1525793809157 65.9332931225116 61.8962965745192 60.2971947009747 60.3370185265174 61.8874627626859 63.3547960428091 66.8424460337712 63.7380095261794 58.5603433022132 54.5310337360089 55.1615823599008 56.7461475959191 55.2050704956055 49.9432730307946 45.9452339319082 46.9366056735699 50.2679386138916 47.259134879479 35.0704021453857 28.5377458425669 30.4546268169697 33.0080140920786 -9999 -9999 -9999 -9999 -9999 -9999 -9999 -9999 -9999 -9999 -9999 -9999 -9999 -9999 -9999 -9999 -9999 -9999 -9999 -9999 -9999 -9999 -9999 -9999 -9999 -9999 -9999 -9999
57.606739631066 57.3031164316031 57.0983320382925 60.0010235126202 67.422128530649 67.9799147385817 62.7957402742826 58.1842941871056 64.2562085665189 74.8327994713416 77.7940981938289 70.4108123779297 62.6165301983173 60.4763229076679 61.0956181746263 59.6227016448975 59.4607382554274 60.4860786291269 62.255083157466 64.7825826498178 62.5799377881564 55.2894434562096 51.7293448081383 53.4353404411903 54.3733316568228 52.2973814744216 46.9120470927312 45.5310778251061 48.1203295634343 49.2296460958628 44.410914347722 33.6945500007043 33.0627924112173 33.7950694744404 -9999 -9999 -9999 -9999 -9999 -9999 -9999 -9999 -9999 -9999 -9999 -9999 -9999 -9999 -9999 -9999 -9999 -9999 -9999 -9999 -9999 -9999 -9999 -9999 -9999 -9999 -9999 -9999 -9999
57.2862786513108 54.6596022385817 52.8234032850999 55.401304098276 58.3428770212027 -9999 57.9204051677997 55.5081123938927 59.3055387643667 63.2422970991868 65.2920203575721 63.3778638106126 60.6581887465257 62.0195566324087 66.1256662515493 64.3636944110577 63.3979565547063 62.2362706111028 61.9860000610352 61.8060437715971 59.0258268209604 49.7938389411339 45.6111526489258 49.6601012303279 54.0456774784968 53.0664883393508 50.0959418370173 50.2557878494263 50.8110734499418 47.278060399569 36.7481670379639 32.541531929603 31.6508187514085 -9999 -9999 -9999 -9999 -9999 -9999 -9999 -9999 -9999 -9999 -9999 -9999 -9999 -9999 -9999 -9999 -9999 -9999 -9999 -9999 -9999 -9999 -9999 -9999 -9999 -9999 -9999 -9999 -9999 -9999
62.5783274723933 57.89924122737 51.8879890441895 48.8875864469088 -9999 57.9372141911433 52.9622861422025 51.7918739318848 51.3140164888822 58.5129761329064 63.1657851292537 63.7901768317589 62.8968585087703 63.5597566457895 66.5856615213247 64.7952747344971 63.8877422626202 62.3150196075439 61.076121697059 60.9230524209829 57.7248354691726 49.7329598940336 44.6317100524902 46.9176896902231 51.4300037530752 51.5796019480779 47.5660541240986 47.3787669401902 44.2332881780771 34.4407484348004 29.3935709733229 37.1589968754695 37.7636935894306 -9999 -9999 -9999 -9999 -9999 -9999 -9999 -9999 -9999 -9999 -9999 -9999 -9999 -9999 -9999 -9999 -9999 -9999 -9999 -9999 -9999 -9999 -9999 -9999 -9999 -9999 -9999 -9999 -9999 -9999
-9999 62.0975068899301 54.1708594102126 -9999 -9999 58.9561585646409 50.6638937730056 48.9135375389686 51.1256564213679 57.689663373507 59.791790155264 63.1876492133507 62.0591408656194 63.9328514979436 65.3139035151555 63.994260934683 62.5735764136681 61.4769942943866 60.7417890108549 59.6777767768273 57.223023047814 49.6299359248235 45.3565929119404 45.7055093325101 48.0608570392315 48.9378984157856 46.5318239652194 43.7565655341515 36.1442346572876 29.363989683298 26.3298835754395 37.4855927687425 -9999 -9999 -9999 -9999 -9999 -9999 -9999 -9999 -9999 -9999 -9999 -9999 -9999 -9999 -9999 -9999 -9999 -9999 -9999 -9999 -9999 -9999 -9999 -9999 -9999 -9999 -9999 -9999 -9999 -9999 -9999
-9999 63.4779768723708 -9999 -9999 -9999 60.4677259005033 -9999 49.0686038090632 49.6539711585412 53.2220708406889 54.8700083219088 57.1623714153583 58.7650318145752 59.5825939178467 60.626588674692 60.8547379420354 60.678068454449 61.5550231933594 60.7983080056997 60.7273657872127 58.7518438192514 49.2140306326059 45.0512756934533 47.5186570974497 49.8780903449425 51.5650471907396 51.2602386474609 50.5836166968712 41.2806533666757 28.7890941913311 24.7885408401489 35.093710239117 -9999 -9999 -9999 -9999 -9999 -9999 -9999 -9999 -9999 -9999 -9999 -9999 -9999 -9999 -9999 -9999 -9999 -9999 -9999 -9999 -9999 -9999 -9999 -9999 -9999 -9999 -9999 -9999 -9999 -9999 -9999
-9999 -9999 -9999 -9999 -9999 -9999 -9999 48.3338338411771 45.3735063993014 49.1558051476112 50.0978666452261 54.2665657630334 57.4478392967811 56.3249900524433 55.5526319650503 58.4382773179274 58.0621810326209 57.5716680380014 58.6192849966196 60.4034109849196 58.159024311946 50.8317312093881 43.3286126943735 49.2433926508977 55.5129557389479 56.374304991502 53.2186712118296 52.1063204545241 43.7729524465708 26.7516332773062 26.7119649740366 -9999 -9999 -9999 -9999 -9999 -9999 -9999 -9999 -9999 -9999 -9999 -9999 -9999 -9999 -9999 -9999 -9999 -9999 -9999 -9999 -9999 -9999 -9999 -9999 -9999 -9999 -9999 -9999 -9999 -9999 -9999 -9999
-9999 -9999 -9999 62.0840756342961 63.7100354708158 64.3136361929087 -9999 -9999 -9999 51.6389163090632 50.9705740121695 52.1556249765249 53.7183080819937 52.3340773949256 52.6297897925744 52.0384996854342 50.4580057584322 49.7476053971511 48.4395988170917 52.0264757596529 50.9382823063777 46.3341252253606 46.1428137559157 51.6583689176119 58.2707066169152 58.9937400817871 54.3866110581618 52.6155834197998 38.597591987023 25.0577707290649 -9999 -9999 -9999 -9999 -9999 -9999 -9999 -9999 -9999 -9999 -9999 -9999 -9999 -9999 -9999 -9999 -9999 -9999 -9999 -9999 -9999 -9999 -9999 -9999 -9999 -9999 -9999 -9999 -9999 -9999 -9999 -9999 -9999
