rasters/bioclim/bio15.asc
NCOLS 720 
NROWS 300 
XLLCORNER -180 
YLLCORNER -60 
CELLSIZE 0.5 
NODATA_value -9999 
[rows 112 to 139 of 300, columns 126 to 188 of 720]
74.6321323101337 69.4434996384841 62.0320343604455 66.5963360713078 73.082572056697 65.938482431265 63.9596146803636 62.3780059814453 63.9084173349234 61.8810967665452 57.2093640840971 54.3517406170185 59.4346066988431 59.984935760498 66.2759563739483 74.5733331533579 71.4235599224384 72.7238743121807 76.0185764019306 75.9115480276255 68.8801560035119 66.0149958683894 63.1283578139085 65.8791374793419 74.9173886225774 80.9147303654597 79.6003605769231 76.0196151733398 70.5802712073693 66.9597983727088 66.4627198439378 62.8606901902419 58.2633854792668 54.9932429973896 51.2673225402832 48.2250372079703 47.6115573002742 44.108879676232 42.6353630652794 40.233512878418 38.7737321120042 37.3675796802227 33.9737278864934 29.8303124354436 28.5122332939735 27.3442906599778 27.0729689964881 27.3100092961238 28.3347603724553 29.0925979614258 31.6916213402381 35.599982041579 35.6352000603309 35.5288470341609 34.2368005605844 32.8759145003099 32.3089075822097 33.1225681304932 31.879796394935 31.0763489649846 30.3499890840971 28.8679247636061 26.8179473876953
75.3298615675706 76.4398131737342 82.21014551016 78.2388558020959 71.9524005009578 65.7070849492 68.4645532461313 65.7553347074068 66.888298034668 65.6610292287973 62.8627319335938 57.8390761155349 62.6276793846717 62.0421259953425 62.5954158489521 69.1385078430176 73.270824432373 73.6154344998873 73.8638399564303 76.1793077909029 71.1648679879995 69.6354246873122 62.6202113811786 67.9117293724647 76.4539363567646 82.4915331326998 81.8923416137695 77.7329946664663 73.375664637639 68.7840942969689 66.2142049349271 61.508111513578 55.1295752892127 50.3784478994516 48.6086569565993 44.6227701627291 41.398433978741 38.9488387474647 40.4135529444768 39.3598566788894 38.9524772350605 37.5026339017428 32.4677807734563 28.6704531449538 28.7895603179932 27.1259985703688 27.0798727182242 29.1240722949688 30.6619760073148 32.3537132556622 33.5930767059326 35.8184953836294 36.1801543602577 35.2208651029147 33.60759471013 31.9721835209773 29.8195620316726 29.40316258944 29.1551801241361 28.2868385314941 28.586749296922 28.194698040302 26.3779676877535
91.2434733464168 73.5160375741812 72.192739046537 80.0229947016789 77.0179645831768 74.4033402663011 76.1457111652081 76.614550957313 77.2601576585036 72.587408212515 68.92919921875 63.4490095285269 59.7823894207294 63.2722288278433 72.5282522348257 70.1462440490723 73.8557709913987 81.5354209313026 80.8375455416166 79.9533045842097 75.9878986065204 76.0673159085787 69.8124797527607 75.5323536212628 76.9800315270057 87.2073062016414 86.8836590693547 81.7141782320463 73.986944932204 69.774168748122 63.6686762296236 57.2433075538048 50.2071662315956 45.8006665156438 41.1593578045185 41.1442008385291 41.1069787832407 40.1800563518818 39.6227453671969 39.9438761197604 40.0427227020264 38.1474079718957 31.8334864102877 30.201012978187 29.9469202481783 29.5207224625808 28.7114429473877 29.9634821965144 32.3020406869742 32.2884321946364 32.582264826848 33.7851116473858 33.1944386408879 33.8722271552453 31.3388258127066 29.8187412848839 29.8030559833233 28.2391320742094 27.4324054718018 28.1471138000488 29.9948313786433 28.3920332101675 27.141285602863
93.6041758610652 75.4674670879657 68.9951286315918 61.5057710500864 70.7972846397987 77.0526255094088 79.033321087177 81.9590090238131 79.4356771615835 81.7929851825421 77.7792510986328 76.2054281968337 71.5432079021747 75.347711122953 83.9536957373986 76.7283733074482 72.0325041550856 80.0058799156776 82.5682279146635 83.7350146953876 80.9256533109225 80.0375278179462 81.674198444073 80.5391088632437 76.5219568105844 84.5045667795034 87.4388709435096 83.9973816504845 73.0221152672401 65.9461256173941 59.6548212491549 52.4960268460787 44.822945521428 40.1902583195613 38.4643831986647 38.9629029494065 41.1870225759653 39.980323938223 41.5386333465576 43.2982371403621 42.698008610652 40.8011043255146 34.8251414665809 34.1875696915847 32.6804535205548 30.1830313755916 29.6344394683838 30.6828224475567 32.4855631314791 31.2544149252085 32.0437453343318 33.5626850128174 32.4431739220252 29.1232805985671 27.7645850548377 28.2262499882625 29.049873645489 27.7836922865648 27.7431182861328 28.2840128678542 29.5375912006085 28.7899946066049 28.4584214137151
-9999 83.8007372342623 68.8932125384991 79.704228914701 65.4753629244291 69.0705255361704 81.0056357750526 87.2145338792067 89.8054369412936 89.4671842134916 88.525397667518 88.2136611938477 85.4302591177133 91.0719968355619 89.5461880610539 86.5371246337891 90.1702211820162 90.181760934683 92.0941619873047 90.998286320613 86.2376568134014 85.4465678288386 85.1459532517653 84.1103005042443 79.7673504169171 81.6719008225661 79.395205277663 76.8401104853703 67.9200190030611 62.7618892376239 54.8631732647236 47.8334573599008 42.1329515897311 42.6796742952787 41.5297593336839 42.1806218073918 42.5107693305382 43.6942966167743 47.0143608680138 46.4210913731502 41.8954827235295 37.8873164837177 34.5720922029935 33.5089457585261 32.1176404219407 31.7128665630634 32.1071483905499 32.3126895611103 30.9837382389949 29.2717615274283 30.5637843792255 32.6937952775222 30.1116784902719 27.2873451526348 26.4402536245493 26.9174437889686 26.384186231173 26.3176903357873 25.664316030649 26.4790803469144 26.5797537290133 27.5443432147686 28.248614531297
-9999 89.1943594125601 68.3182194049542 64.798330453726 -9999 -9999 -9999 100.294312697191 98.1174932626577 99.3567334688627 102.765511732835 98.1872241680439 98.741344158466 91.8040894728441 94.8039028461163 101.904722360464 99.3228202232948 105.732485844539 109.561667222243 102.825674790602 95.4079824594351 91.4066338172326 88.7112456101638 86.2460708618164 79.2411340566782 79.1908604548528 74.169551555927 69.5007110008827 62.3398164602426 56.8556530292218 50.7406337444599 46.5441598158616 44.3772694514348 45.691338465764 42.2127835200383 41.9610563424917 42.7221867487981 43.8397341508132 47.0626122401311 43.9727783203125 40.3456752483661 36.8869105118972 34.399616094736 31.300250860361 30.097006724431 29.5697653843806 31.0780152540941 31.9159628061148 28.4263943892259 27.1530463878925 27.6835754101093 27.1839596674992 24.9672119434063 23.9219574561486 26.4353689047006 24.6754754873422 23.3336570446308 23.154778773968 23.8839608705961 24.4652990194467 25.2914634117713 26.051371207604 25.9458364339975
-9999 -9999 70.288133767935 60.137143942026 81.352668762207 -9999 -9999 -9999 107.983545743502 109.328662578876 111.020846440242 115.670466496394 106.871438833383 104.183034456693 103.787309499887 108.145871089055 107.034363379845 111.903349069449 119.576141944298 114.091370215783 104.021141052246 96.7086058396559 95.5947864239032 87.9288840660682 82.3669245793269 78.7447498028095 73.6715240478516 65.6674693180965 57.6740693312425 54.2612680288462 50.6815613966722 47.8280149606558 44.7745478703425 43.9380686833308 42.7601177509014 43.1040514432467 43.6819208585299 44.0327807206374 45.4545285151555 44.4227757087121 43.9618382087121 37.8148431044358 33.8127300555889 30.6543570298415 28.7441202310415 25.9791735135592 27.0499390088595 26.6886436755841 24.2476113392757 23.2313130452083 21.6730407568125 20.9850416917067 20.3592447134165 22.3735119746282 23.2555415813739 23.5386176476112 23.4478162618784 25.0073224581205 24.6354497762827 23.9539175767165 24.5210169278658 25.432010944073 26.6813561366155
-9999 -9999 88.4941007173978 69.1078840402456 77.7229009775015 -9999 -9999 -9999 110.661067669208 109.651864271898 113.470981891339 119.172028174767 112.589683532715 109.245204045222 108.505803034856 107.201676001916 104.686591515174 106.919981149527 117.043655982384 121.001159081092 118.356728186974 117.990925128643 104.496127788837 94.5592457697942 88.7699878399189 87.2152792123648 84.4668397169847 74.0469680199256 64.8317551246056 60.0779556861291 59.0506820678711 57.1007910508376 54.9842596787673 57.6724636371319 55.2981934180627 49.7444023719201 44.1578746208778 44.7554701291598 44.946848649245 41.9136924743652 40.0412450937124 37.6938957801232 33.9216902806209 30.6376913510836 27.3901714911828 23.6878152260414 23.2668973482572 23.3787865271935 23.7002950815054 21.2247183873103 20.9644269943237 21.8526165301983 21.9675445556641 22.7431081625131 25.1484121175913 -9999 -9999 -9999 -9999 -9999 -9999 -9999 33.1683417100173
-9999 -9999 -9999 78.7163831270658 77.9167891282302 79.2105381305401 -9999 -9999 -9999 113.043317941519 116.189434931828 126.443619948167 119.964179405799 116.65532038762 121.271135183481 111.274394695575 106.636564988356 104.966335003193 110.642237736629 125.930863600511 124.843899066632 121.189397371732 114.61773622953 106.356746380146 96.6722834660457 90.0743017930251 85.2402824988732 74.3917412391076 72.9398976839506 68.5212126511794 67.9418194110577 66.7372275132399 66.9854425283579 70.420416025015 65.8296300447904 56.9801233731783 46.8172421088586 45.4847692342905 44.3291420569787 40.5148324232835 37.0873989692101 33.9238583491399 32.3036113152137 31.6306681999793 27.4620434687688 22.6498407217172 -9999 -9999 22.9192372835599 -9999 25.932223540086 23.1480263930101 22.7852370922382 23.4344186049241 25.6438918480506 30.8929572472206 -9999 -9999 -9999 -9999 -9999 -9999 -9999
-9999 -9999 -9999 -9999 76.7509431105394 68.5335634671725 77.3960990905762 91.3373102041391 -9999 115.874915489784 115.403217022236 121.861710181603 120.474673344539 122.295043945312 120.595129159781 113.18466597337 110.125426072341 107.838861318735 112.31415616549 118.151824951172 126.837645897499 130.12620309683 126.433393038236 124.969358590933 118.594690176157 102.351674006535 90.4085235595703 82.4455657372108 80.1594464228703 78.0116993830754 77.4737173227163 71.0658953740047 68.4559188255897 71.4099358778734 73.6839408874512 67.0390472412109 54.8027217571552 49.4255127540002 45.5206805009108 43.0047812828651 40.6497846750113 36.5376865680401 35.1515244704026 34.8103934067946 -9999 -9999 -9999 -9999 -9999 -9999 -9999 -9999 -9999 -9999 -9999 -9999 -9999 -9999 -9999 -9999 -9999 -9999 -9999
-9999 -9999 -9999 -9999 -9999 81.293580862192 68.4345849844126 88.8493740375225 -9999 -9999 109.72697859544 114.973424471342 118.434585571289 118.467411334698 112.933514521672 110.253803546612 117.050220196064 110.359602708083 114.059641911433 122.429735036997 126.142066955566 125.450883718637 130.406463623047 126.838679387019 116.105037982647 102.601074805626 93.7340833223783 84.2559582636907 80.0798891507662 77.8574271568885 79.7904369647686 78.0764309809758 68.5808398907001 64.3111498906062 64.5409942040077 64.699703509991 55.0975529597356 47.6419316805326 46.7883259699895 44.413838166457 45.1031510279729 43.7373214134803 39.8891336000883 -9999 -9999 -9999 -9999 -9999 -9999 -9999 -9999 -9999 -9999 -9999 -9999 -9999 -9999 -9999 -9999 -9999 -9999 -9999 -9999
-9999 -9999 -9999 83.9960180429312 -9999 -9999 80.133918762207 70.0775078993577 -9999 -9999 -9999 107.632546644944 113.445013192984 115.037405160757 112.599658672626 105.188174321101 121.379974952111 111.158997168908 100.023537855882 108.267981896034 127.827999995305 132.086965707632 129.531091543344 122.27871293288 117.965897193322 108.683415339543 99.1830808199369 90.1023976252629 84.6693185659555 80.8657252971943 86.6781915517954 83.8959717383752 79.4149316641001 62.6204787034255 53.7710929283729 55.2093811035156 53.3523629995493 51.7649606557993 50.6448971674993 47.1514035738431 -9999 -9999 -9999 -9999 -9999 -9999 -9999 -9999 -9999 -9999 -9999 -9999 -9999 -9999 -9999 -9999 -9999 -9999 -9999 -9999 -9999 -9999 -9999
-9999 -9999 -9999 -9999 94.1095093947191 100.055328956017 95.1894792410044 76.4780496450571 73.677860553448 -9999 -9999 -9999 -9999 115.649663485014 115.874737079327 115.33508007343 112.296176030086 107.906453646146 97.4933882493239 103.31671494704 119.728198711689 129.595791743352 130.775702843299 124.696450453538 121.837147639348 115.871089054988 108.030085050143 99.0216979980469 94.488338470459 96.3795080918532 95.3090658921462 87.9156227111816 80.701533977802 69.875907604511 61.607227912316 67.2255419217623 69.1408905616173 65.5055767939641 61.5839852553148 -9999 -9999 -9999 -9999 -9999 -9999 -9999 -9999 -9999 -9999 -9999 -9999 -9999 -9999 -9999 -9999 -9999 -9999 -9999 -9999 -9999 -9999 -9999 -9999
-9999 -9999 -9999 -9999 -9999 94.5006408691406 90.7869256826548 89.1394260113056 82.9661959134615 92.9142145010141 -9999 -9999 -9999 114.491744408241 115.948415902945 117.639169546274 110.827221210186 109.017747145433 106.728412921612 112.727709256686 116.423339256874 128.996632502629 131.226819551908 129.554094167856 126.719159639799 120.65195112962 111.083332355206 102.428959186261 97.7712334852952 98.2569902860201 98.5965978182279 93.5106042715219 84.5689236567571 72.6457369877742 73.6893424987793 75.6631678067721 77.7265894963191 75.0914641160231 71.2148634103628 -9999 -9999 -9999 -9999 -9999 -9999 -9999 -9999 -9999 -9999 -9999 -9999 -9999 -9999 -9999 -9999 -9999 -9999 -9999 -9999 -9999 -9999 -9999 -9999
-9999 -9999 -9999 -9999 -9999 -9999 -9999 -9999 91.3516329251803 88.8099705622746 94.8221605741061 -9999 -9999 -9999 -9999 117.433126009428 115.746933570275 112.818869957557 112.362689091609 109.484789921687 108.885028545673 116.618684035081 125.969325725849 132.272962130033 131.707707331731 124.683697040264 112.428757300744 98.3741331834059 94.0560534550593 95.3628343435434 96.7983706547664 94.9262977013221 90.5852047846868 88.8193400456355 90.6191934438852 82.229855464055 81.4267713106596 81.4214594914363 82.3652153015137 -9999 -9999 -9999 -9999 -9999 -9999 -9999 -9999 -9999 -9999 -9999 -9999 -9999 -9999 -9999 -9999 -9999 -9999 -9999 -9999 -9999 -9999 -9999 -9999
-9999 -9999 -9999 -9999 -9999 -9999 -9999 -9999 -9999 101.025682889498 98.3053518442007 -9999 -9999 -9999 -9999 124.31720322829 128.091162461501 119.977696345403 111.432996896597 105.42514859713 100.38827925462 104.645842332106 122.30227132944 130.817295367901 129.889125530536 123.714198185847 114.911201477051 103.255653968224 98.4085347102239 93.7766588651217 94.1205103947566 92.8776327279898 95.1522715641902 88.7520458514874 93.8002378023588 88.007626753587 79.6891180185171 85.0351160489596 91.5142731299767 -9999 -9999 -9999 -9999 -9999 -9999 -9999 -9999 -9999 -9999 -9999 -9999 -9999 -9999 -9999 -9999 -9999 -9999 -9999 -9999 -9999 -9999 -9999 -9999
-9999 -9999 -9999 -9999 -9999 -9999 -9999 -9999 -9999 -9999 103.473875192495 109.24304492657 -9999 -9999 -9999 131.051733163687 133.963054363544 129.645040658804 118.265203035795 103.193278386043 93.550789466271 97.2858687180739 111.979518596943 124.972227830153 124.558667696439 119.315579927885 117.468101501465 109.010572580191 98.0428860004132 92.5135075495793 92.1600112915039 93.3987764211801 110.180441929744 94.5189038790189 94.9384401761568 88.7463287940392 81.1983355008639 89.6762891916128 97.0466156005859 93.878175001878 -9999 -9999 -9999 -9999 -9999 -9999 -9999 -9999 -9999 -9999 -9999 -9999 -9999 -9999 -9999 -9999 -9999 -9999 -9999 -9999 -9999 -9999 -9999
-9999 -9999 -9999 -9999 -9999 -9999 -9999 -9999 -9999 -9999 110.541034991925 111.816026540903 -9999 -9999 -9999 -9999 -9999 128.716051541842 117.522065382737 107.354856050931 92.6470477764423 95.1071648230919 104.531116192157 117.715381328876 118.301597595215 117.980211698092 110.820189255934 102.812764681303 94.0600022536058 91.0503733708308 84.375478891226 77.6721722529485 82.2254670950083 106.534400939941 86.3038470928486 93.4182721651517 96.1854782104492 100.069747337928 97.5804510850173 -9999 -9999 -9999 -9999 -9999 -9999 -9999 -9999 -9999 -9999 -9999 -9999 -9999 -9999 -9999 -9999 -9999 -9999 -9999 -9999 -9999 -9999 -9999 -9999
-9999 -9999 -9999 -9999 -9999 -9999 -9999 -9999 -9999 -9999 121.315853412335 119.985832214355 119.238243689904 -9999 -9999 -9999 -9999 -9999 115.235492412861 113.816432072566 108.70407808744 101.7004101093 99.4169106116662 104.354319645808 112.890117351825 112.453217139611 112.092357928936 100.308407123272 90.1218919020433 85.5870980482835 73.535692361685 70.9889408991887 77.373227926401 92.0267354525053 94.2159781822791 90.265616783729 97.8597118671124 96.621944134052 96.3358353834886 -9999 -9999 -9999 -9999 -9999 -9999 -9999 -9999 -9999 -9999 -9999 -9999 -9999 -9999 -9999 -9999 -9999 -9999 -9999 -9999 -9999 -9999 -9999 -9999
-9999 -9999 -9999 -9999 -9999 -9999 -9999 -9999 -9999 -9999 -9999 109.873229393592 125.090186485877 132.505244915302 -9999 -9999 -9999 -9999 -9999 116.714157104492 110.888866717999 103.022523733286 97.0641332773062 95.5199455848107 105.779257554274 107.791549682617 105.710589482234 104.45850783128 95.0367173414964 86.2777445866511 76.0226402282715 69.5755301255446 73.3659497774564 85.6127022963304 85.3717487041767 89.159169123723 90.6323165893555 94.5969754732572 93.4573757465069 -9999 -9999 -9999 -9999 -9999 -9999 -9999 -9999 -9999 -9999 -9999 -9999 -9999 -9999 -9999 -9999 -9999 -9999 -9999 -9999 -9999 -9999 -9999 -9999
-9999 -9999 -9999 -9999 -9999 -9999 -9999 -9999 -9999 -9999 -9999 -9999 -9999 140.468383789062 137.711872394268 -9999 -9999 -9999 -9999 -9999 115.758870638334 112.72312105619 104.431223355807 97.3573913574219 97.7641378549429 101.589909480168 102.624114403358 103.362358680138 94.417356637808 81.2302375206581 80.0299832270696 75.5929750295786 77.6380914541391 83.5524157010592 89.1875193669246 87.1726115300105 86.4308753380409 93.0879305326022 104.145758995643 -9999 -9999 -9999 -9999 -9999 -9999 -9999 -9999 -9999 -9999 -9999 -9999 -9999 -9999 -9999 -9999 -9999 -9999 -9999 -9999 -9999 -9999 -9999 -9999
-9999 -9999 -9999 -9999 -9999 -9999 -9999 -9999 -9999 -9999 -9999 -9999 -9999 -9999 132.088410597581 -9999 -9999 -9999 -9999 -9999 -9999 120.265696012057 111.402410067045 102.577728858361 101.718295170711 105.389921335074 103.13040806697 101.16514470027 96.5033545860877 86.5260244516226 84.0236203120305 79.1869418804462 84.5260385366587 89.4119010338416 100.693899301382 91.307502746582 89.5868935218224 102.586515573355 112.499477679913 -9999 -9999 -9999 -9999 -9999 -9999 -9999 -9999 -9999 -9999 -9999 -9999 -9999 -9999 -9999 -9999 -9999 -9999 -9999 -9999 -9999 -9999 -9999 -9999
-9999 -9999 -9999 -9999 -9999 -9999 -9999 -9999 -9999 -9999 -9999 -9999 -9999 -9999 -9999 -9999 -9999 -9999 -9999 -9999 -9999 -9999 118.931090134841 116.200841463529 109.327715360201 109.695379990798 108.281851548415 102.710638192984 98.4559836754432 94.5047959547776 93.1335302499624 92.5153685349684 103.996881338266 119.894138042743 121.498225285457 96.0202842125526 98.6929491483248 109.966158353365 -9999 -9999 -9999 -9999 -9999 -9999 -9999 -9999 -9999 -9999 -9999 -9999 -9999 -9999 -9999 -9999 -9999 -9999 -9999 -9999 -9999 -9999 -9999 -9999 -9999
-9999 -9999 -9999 -9999 -9999 -9999 -9999 -9999 -9999 -9999 -9999 -9999 -9999 -9999 -9999 -9999 -9999 -9999 -9999 -9999 -9999 -9999 -9999 122.218732393705 115.935304495005 113.35813669058 114.267322246845 108.068879934458 103.583045372596 100.909952603854 95.4712671133188 97.43383202186 110.594356830303 124.313687838041 124.494914715107 97.8745803833008 91.7267168485201 103.491926926833 -9999 -9999 -9999 -9999 -9999 -9999 -9999 -9999 -9999 -9999 -9999 -9999 -9999 -9999 -9999 -9999 -9999 -9999 -9999 -9999 -9999 -9999 -9999 -9999 -9999
-9999 -9999 -9999 -9999 -9999 -9999 -9999 -9999 -9999 -9999 -9999 -9999 -9999 -9999 -9999 -9999 -9999 -9999 -9999 -9999 -9999 -9999 -9999 124.991796053373 117.498499356783 116.456024169922 118.906940166767 109.569888775165 104.192277761606 98.8481210561899 96.6991113516001 90.7823151808519 91.059703533466 102.468635559082 103.055585421049 94.4059536273663 82.8849452092097 90.3353165846605 100.214317321777 -9999 -9999 -9999 -9999 -9999 -9999 -9999 -9999 -9999 -9999 -9999 -9999 -9999 -9999 -9999 -9999 -9999 -9999 -9999 -9999 -9999 -9999 -9999 -9999
-9999 -9999 -9999 -9999 -9999 -9999 -9999 -9999 -9999 -9999 -9999 -9999 -9999 -9999 -9999 -9999 -9999 -9999 -9999 -9999 -9999 -9999 -9999 -9999 116.615258436937 122.584036020132 123.685819772574 117.521939791166 116.029762268066 111.967195364145 103.50360752986 98.1284713745117 92.51294532189 95.6384136493389 112.823339022123 100.535362830529 74.6572958139273 81.8780071551983 88.1894801213191 -9999 -9999 -9999 -9999 -9999 -9999 -9999 -9999 -9999 -9999 -9999 -9999 -9999 -9999 -9999 -9999 78.103586930495 73.4089675316444 71.3938889136681 61.126712505634 53.5410209068885 -9999 -9999 -9999
-9999 -9999 -9999 -9999 -9999 -9999 -9999 -9999 -9999 -9999 -9999 -9999 -9999 -9999 -9999 -9999 -9999 -9999 -9999 -9999 -9999 -9999 -9999 120.107248746432 114.328429588905 116.797306354229 123.342926025391 122.73642202524 120.075501075158 117.397692166842 114.445827190693 107.720740685096 101.527047964243 97.8490283672626 99.4365287193885 99.2296154315655 93.9469287578876 73.9193790142353 77.6548990102915 84.1322937011719 -9999 -9999 -9999 -9999 -9999 -9999 -9999 -9999 -9999 -9999 -9999 -9999 -9999 79.2719497680664 71.5976087130033 67.0602730971116 61.0990447998047 63.4185292170598 55.085933978741 49.1711014967698 -9999 -9999 -9999
-9999 -9999 -9999 -9999 -9999 -9999 -9999 -9999 -9999 -9999 -9999 -9999 -9999 -9999 -9999 -9999 -9999 -9999 -9999 -9999 -9999 -9999 -9999 120.928848266602 109.891392047589 109.957851116474 112.431617736816 118.261409466083 116.534087547889 114.804408733661 112.830130943885 102.090038006122 102.007711557242 100.636117201585 94.657704279973 88.8401518601638 90.7089579655574 84.9188027015099 76.4960638192984 72.2195678124061 -9999 -9999 -9999 -9999 -9999 -9999 -9999 -9999 -9999 -9999 -9999 -9999 -9999 75.3754876943735 68.636964064378 58.1729363661546 56.4346328148475 54.6474662193885 51.2502036461463 -9999 -9999 -9999 -9999
