rasters/bioclim/bio10.asc
NCOLS 720 
NROWS 300 
XLLCORNER -180 
YLLCORNER -60 
CELLSIZE 0.5 
NODATA_value -9999 
[rows 112 to 139 of 300, columns 126 to 188 of 720]
22.357390330388 29.3189070774959 30.5236932314359 31.7147290156438 32.5913370572604 31.9317560929518 31.1076033665584 29.7072762709398 30.3302695934589 31.1615888155424 29.9733304243821 27.8525587228628 25.369725887592 24.5794013096736 20.8076007549579 17.1690905644343 18.7652769822341 20.0639419555664 20.5086040496826 22.1935210594764 24.3216592348539 24.0669671572172 21.7291655907264 21.7633995643029 25.3239459991455 26.1983941885141 25.2052459716797 25.2855845231276 25.8325030987079 26.0812581869272 26.6352608020489 27.1212310791016 28.2186757601224 28.5295395484337 29.4733662238488 29.6323870145358 29.6607322692871 29.6428762582632 29.4979928823618 29.4363247798039 29.5046884096586 29.3502581669734 29.1669459709754 28.9309906592736 28.8817009559044 28.8597711416391 28.7891539060153 28.7374701866737 28.5925116905799 28.4273879711445 28.3797089503362 28.6760383019081 28.7474975585938 28.6629183842586 28.1805380307711 28.0578739459698 28.0581086965708 28.0418482560378 27.9186891409067 28.1025368617131 28.3028828547551 28.331634081327 27.5208172431359
22.5787484095647 28.0940500406119 32.5533638000488 32.4337702531081 32.2781325120192 31.7600251711332 32.4130985553448 32.5353029691256 30.813408778264 31.3622251657339 31.5607761969933 29.8452999408428 26.1930961608887 26.4879213479849 22.9148411383996 20.7838787665734 19.4493218935453 19.2820565150334 20.1434803009033 24.0315551757812 23.7660114581768 25.3455082820012 19.3181150876559 21.6114576779879 25.696026288546 26.3900495675894 25.4611562582163 25.5785855513353 26.1168682391827 26.3556640331562 27.1746623699482 28.1685342055101 28.5154242882362 28.6596484551063 29.4977142627423 29.6183248666617 29.7087684044471 29.5763783088097 29.9280347090501 30.100872186514 30.0571808448205 29.5491431309627 29.2976983877329 29.2805640880878 29.0306895329402 28.9706246302678 28.7897164271428 28.5897271082951 28.5479011535645 28.468372638409 28.3663814251239 28.5893468123216 28.8754043579102 28.7164764404297 28.3401800302359 27.9503608116737 28.1157941084642 28.3181975438045 28.416110258836 28.2581170889047 28.3390228564923 28.2895689744216 27.7345924377441
22.0301305330717 24.8862587855412 30.5534236614521 32.6329021453857 33.4002524155837 33.2108411055345 33.3536045367901 33.6274562248817 33.033076946552 32.1771615835337 31.8783096900353 31.551538173969 27.5219384706937 24.7908207820012 25.9171967139611 25.8209828596849 24.1121069101187 23.0537131382869 23.4386620154748 25.8102312821608 24.4281428410457 26.4756563626803 20.2103912646954 22.7535307957576 25.564478800847 26.9315729874831 26.2444086808425 26.7637870495136 27.3164357405442 27.7723082028903 28.1293734036959 28.4148641733023 28.5284121586726 29.0249195098877 29.6812353867751 29.7896919250488 29.8162901951716 29.9864698556753 29.9213261237511 30.4954367417556 30.4304454510029 29.8591640178974 29.4104395646315 29.2295747903677 29.2034900371845 28.9562650827261 28.920416025015 28.7269256298359 28.4857573876014 28.5283781198355 28.4420151343712 28.459104684683 28.7969399965726 28.8418292999268 28.4981991694524 27.9485115638146 28.1762479635385 28.6197213392991 28.7244911193848 28.9652313819298 28.5254164475661 28.6333687122052 28.5330850161039
20.7880053887 22.1532124739427 27.4219979506273 30.7894884256216 32.404991883498 33.0412114950327 32.7987117767334 33.1321562253512 32.4947735713078 32.1901079324576 30.7520424769475 30.1864750201886 27.5726488553561 25.2823016826923 25.6952953338623 25.8655134347769 25.6280215336726 25.5715688558725 25.4310244046725 25.7112743671124 25.3368260310246 25.7896203261155 26.4059247236985 25.8094668755165 24.488771878756 26.8976129385141 27.1099381080041 27.3015290773832 27.7447229532095 28.1864442091722 28.5328474778395 28.8184984647311 28.5823813218337 28.2578123532809 29.3152886904203 29.3276150043194 29.5531457754282 29.6965486086332 30.3578350360577 30.455504490779 30.4357706216665 30.1699118980995 29.5268096923828 29.1483940711388 29.1370242192195 28.9178713285006 29.0285188234769 28.844781435453 28.531536249014 28.4559735518235 28.5119081643912 28.5823628352239 28.7803466503437 28.8781133798453 28.4909684107854 28.428626867441 28.4224521930401 28.6372514871451 28.8641794644869 29.2212888277494 29.3123440375695 29.4044187985934 29.2079574878399
-9999 20.6511287689209 21.6149673461914 27.0043351100041 29.9819451845609 31.2490369356596 31.881964463454 31.9552646050086 30.9447199014517 30.1702327728271 27.4534611335168 25.7254249866192 24.6188131479117 25.3291794703557 25.136538872352 24.1473112839919 25.1809972616342 25.8704217764047 26.8401118058425 27.1825871100793 27.3720348064716 27.7696031423715 26.009960761437 27.072759775015 25.7791500091553 27.4290585151085 28.3526179973896 28.4684146000789 28.1437118236835 28.2136061741756 28.2862419715294 28.3497638702393 28.5267309042124 29.0263827397273 29.0091637831468 29.4219733018142 29.2406718914325 29.4318731748141 30.6821400569035 31.104680281419 30.6922158461351 30.1423617142897 29.8521950061505 29.4366455078125 29.1878427358774 28.8614892225999 28.8474041865422 28.8315373934232 28.6254332615779 28.5629025972806 28.6287940098689 28.7165324871357 28.5596766838661 28.6011089911828 28.4804031665509 28.6314817575308 28.5402400677021 28.7852877103365 29.0029417184683 29.2708624326266 29.1867424891545 29.1924328437218 29.0625466566819
-9999 20.5421073620136 19.5070410508376 23.141808289748 -9999 -9999 -9999 33.783319913424 31.6606214963473 29.2062069819524 28.1400202237643 24.1235897357647 24.1912963573749 23.7067150702843 24.3840318826529 25.9346094865065 24.7486770336445 26.3493831341083 26.8802308302659 27.9763110234187 27.9293751349816 27.6974634023813 27.667095037607 26.3209017240084 26.9305568108192 27.1492019066444 28.7897484119122 29.1294083228478 28.2867688399095 27.7418435903696 28.302151459914 28.2665261488694 28.4680705437293 28.6987803532527 28.7677051837628 29.0710412538969 29.1424579620361 29.0052990546593 30.7735421107366 30.8929876180796 30.8002130068265 30.288304402278 30.0084583575909 29.5857931283804 29.3875804314247 29.0192891634428 28.7561872922457 28.5881522252009 28.5896424513597 28.5352323972262 28.806995685284 28.8477903512808 28.6517671438364 28.6597441159762 28.891962491549 28.9622923044058 29.1174394167387 29.2762476114126 29.6167665628287 29.5517449012169 29.3898974198561 29.254507798415 29.1921926645132
-9999 -9999 19.5294644282414 19.1520858177772 26.746573814979 -9999 -9999 -9999 31.9793464954083 30.7076785747822 29.4790636209341 27.196286714994 25.2071690192589 25.8914447197547 25.2768074915959 27.7206472250131 25.6095594259409 25.7824178842398 25.6036928617037 27.1201917208158 27.690894640409 27.4823727240929 26.620299412654 28.1732246692364 27.7494643284724 25.7261670919565 26.7544206472544 28.1650830782377 28.1885748643142 28.4816426497239 28.6289420494666 28.4689678779015 28.2875737410325 28.0773806938758 28.2862237783579 28.7000857133132 29.203699698815 29.1423486562876 29.7603127406194 30.7135105133057 30.7954898247352 30.4349192105807 30.0018762441782 29.5907796713022 29.4089104579045 29.2102084526649 28.8474300091083 28.7284073462853 28.8297973045936 28.7941840245174 28.9417043832632 28.9660675342266 28.9666997469389 28.7735476860633 29.0260722820575 29.2922156407283 29.5828687227689 29.8025976327749 29.7174571110652 29.6983811305119 29.5000963944655 29.1311272841233 29.1074609022874
-9999 -9999 21.3059972616342 21.7286764291617 25.3054686326247 -9999 -9999 -9999 31.0556314908541 29.4533709012545 28.1804571885329 27.4195069533128 26.2397430126484 26.6986742753249 26.85796385545 26.9508242973915 25.6770386329064 23.2313572810246 25.1604379507212 26.4107127556434 26.6106084676889 26.4717065371 27.3745431166429 28.0310975588285 28.0946810795711 26.431848526001 26.313050196721 26.8806435511662 27.254273047814 28.9045323591966 29.392547754141 29.1684049459604 28.7576317420373 28.2963459308331 28.3032443706806 28.261985045213 28.177327816303 29.0636262160081 30.0048544957088 30.4648240896372 30.4483001415546 30.3819355597863 29.7741486476018 29.5182864849384 29.4725280174842 29.292704802293 29.0995232508733 28.8054024622991 28.9021198566143 28.8602424034706 28.7858260228084 28.9521915729229 29.0186510819655 29.0626721015343 29.1298800248366 -9999 -9999 -9999 -9999 -9999 -9999 -9999 28.6328245309683
-9999 -9999 -9999 23.4640194819524 25.0679481212909 27.9052304487962 -9999 -9999 -9999 31.4067934476412 29.6247734656701 30.1493709270771 28.9486535879282 28.4032826056847 28.9363256601187 27.9760067279522 24.5524875934307 20.3367517911471 21.2595776778001 23.5752535599929 23.7753693507268 25.0303714458759 27.2381038665771 26.8244405893179 29.8705034989577 29.4443437136137 28.4975666633019 29.1737836691049 29.476053237915 29.7975113208477 30.3720984825721 30.2668753403884 29.3205387408917 29.0849785437951 29.0613864018367 29.0389062441312 28.7662881704477 29.4845567849966 29.8901802943303 29.9661583533654 30.05511034452 29.9273800483117 29.6283311110276 29.3432510082538 29.3799164111798 29.2137525998629 -9999 -9999 28.5981088785025 -9999 28.437225488516 28.4516551677997 28.4176120758057 28.9016110346867 28.994112601647 28.6359515556922 -9999 -9999 -9999 -9999 -9999 -9999 -9999
-9999 -9999 -9999 -9999 24.7002672048715 24.4828020242544 27.4408804086538 30.7636869870699 -9999 35.1930148784931 33.1675696739784 31.7066238109882 32.1904044518104 30.2497147780198 29.3777558253362 26.5707905109112 25.1969826038067 21.594260435838 20.3086894108699 22.0318701817439 25.9263094388522 29.5960571582501 27.7915645012489 27.6354289421668 28.892978814932 28.9738035935622 29.9448597247784 29.8486953148475 28.939640045166 27.3088441995474 28.9639556591327 30.4716619344858 30.7359805473915 30.7128752194918 30.9643165881817 30.7973384857178 30.379935337947 30.0052478496845 29.654824917133 29.5521504328801 29.7325440920316 29.6309275993934 29.2721771827111 29.0345190488375 -9999 -9999 -9999 -9999 -9999 -9999 -9999 -9999 -9999 -9999 -9999 -9999 -9999 -9999 -9999 -9999 -9999 -9999 -9999
-9999 -9999 -9999 -9999 -9999 26.1222529778114 24.8637212606577 30.4117516737718 -9999 -9999 33.8233864124005 32.7024772350605 31.3868775000939 30.2163702157828 28.1519503960243 24.7626624474159 23.2652901869554 21.2603466327374 21.8725778139555 20.4382949242225 20.8310372279241 23.021149121798 26.4367666978102 27.210592856774 27.4420371422401 26.7766794057993 26.9649948706994 28.8343367943397 27.5037394303542 26.5077049548809 27.2839020949144 29.7312657282903 31.1700261922983 31.3939564044659 31.5034066713773 31.1728675548847 30.4677970592792 29.9872914827787 29.1944943941556 29.4605212578407 29.6906240903414 29.5695367959829 29.2314240382268 -9999 -9999 -9999 -9999 -9999 -9999 -9999 -9999 -9999 -9999 -9999 -9999 -9999 -9999 -9999 -9999 -9999 -9999 -9999 -9999
-9999 -9999 -9999 22.3096891549917 -9999 -9999 25.4597641871526 27.1439343965971 -9999 -9999 -9999 32.6804097982553 31.8671748821552 30.1849783383883 28.6114396315355 25.4956612220177 20.9698027097262 21.0895884587215 18.78637108436 19.3724755507249 21.7872117849497 23.4768302624042 25.7494062276987 26.3164238562951 26.1737396533673 26.373504785391 27.0828693096454 27.7515577169565 27.3536922748272 26.0423432863676 29.4712876539964 30.2525989825909 30.7007120572604 31.4332397167499 31.3005062983586 31.0492041661189 30.5309031559871 29.9033788534311 29.3885125380296 29.4808243971605 -9999 -9999 -9999 -9999 -9999 -9999 -9999 -9999 -9999 -9999 -9999 -9999 -9999 -9999 -9999 -9999 -9999 -9999 -9999 -9999 -9999 -9999 -9999
-9999 -9999 -9999 -9999 24.3418043576754 25.8531645261324 26.7246013054481 26.6541032057542 28.6954317826491 -9999 -9999 -9999 -9999 31.5658716055063 30.0832898066594 28.2635109241192 26.4045215019813 23.6531914931077 19.2010907393235 18.709048637977 21.4232783684364 23.5457099034236 24.8984700716459 25.5056774432843 25.9649191636306 25.8869829911452 26.545438179603 27.9562992682824 26.9534385387714 26.3598100222074 28.6936614696796 30.5609929011418 31.1009970444899 31.3108366452731 31.2008317800669 30.8991715357854 30.1933030348558 29.8738545637864 29.8239492269663 -9999 -9999 -9999 -9999 -9999 -9999 -9999 -9999 -9999 -9999 -9999 -9999 -9999 -9999 -9999 -9999 -9999 -9999 -9999 -9999 -9999 -9999 -9999 -9999
-9999 -9999 -9999 -9999 -9999 24.6888099083534 25.5666776803824 26.8776774773231 26.6696284367488 30.0553798675537 -9999 -9999 -9999 33.1034324352558 31.7014553363507 30.1927033937894 28.5273064833421 27.0979559971736 21.5037342951848 19.2040208669809 20.4348446772649 23.3294352017916 24.1610562251164 25.2642175234281 25.3114242553711 25.1923195765569 26.8767819037804 27.9417463449331 26.6753554710975 27.8052842066838 28.7945731236384 30.3805483304537 31.2192840576172 31.3426217299241 30.9412422180176 30.6932924710787 29.9828708355243 30.0576585622934 29.8386550316444 -9999 -9999 -9999 -9999 -9999 -9999 -9999 -9999 -9999 -9999 -9999 -9999 -9999 -9999 -9999 -9999 -9999 -9999 -9999 -9999 -9999 -9999 -9999 -9999
-9999 -9999 -9999 -9999 -9999 -9999 -9999 -9999 26.6604777116042 25.7039218315711 30.1760760087233 -9999 -9999 -9999 -9999 31.2155729440542 30.1018987802359 28.7090047689585 25.4006903721736 19.2840222578782 18.7746755159818 20.8844551673302 22.1881267841046 23.9617311037504 25.1145515441895 26.742880160992 27.2521570645846 27.1188044914832 27.2331270071176 27.5977345980131 27.7457741957444 28.0392005626972 28.8076532804049 29.7537155151367 30.3007658444918 30.5397208287166 30.0961068960337 30.0871398632343 29.8476418715257 -9999 -9999 -9999 -9999 -9999 -9999 -9999 -9999 -9999 -9999 -9999 -9999 -9999 -9999 -9999 -9999 -9999 -9999 -9999 -9999 -9999 -9999 -9999 -9999
-9999 -9999 -9999 -9999 -9999 -9999 -9999 -9999 -9999 28.5001712212196 28.1631658994235 -9999 -9999 -9999 -9999 31.0775827261118 30.3912181854248 28.3576949192927 25.7507249391996 22.5153771913969 18.1369821108305 17.1358397557185 20.8966814187857 22.6432056427002 24.5626828120305 26.1709126692552 27.0567141312819 26.8584543374869 27.3886830256535 26.3028222597562 25.8219704261193 26.5899536426251 27.4808923281156 28.2432039701022 28.2890560443585 30.4432618067815 30.5979948777419 30.0272903442383 29.838077545166 -9999 -9999 -9999 -9999 -9999 -9999 -9999 -9999 -9999 -9999 -9999 -9999 -9999 -9999 -9999 -9999 -9999 -9999 -9999 -9999 -9999 -9999 -9999 -9999
-9999 -9999 -9999 -9999 -9999 -9999 -9999 -9999 -9999 -9999 28.7009635338416 28.0242162851187 -9999 -9999 -9999 29.9969209524301 29.7506126990685 29.8951285435603 28.0821822239802 24.0543030958909 18.2398216540997 17.1696849236122 18.937071286715 22.8595611865704 23.1438048436091 24.1613012460562 26.0358141385592 27.1313228607178 26.9057366297795 26.2991397564228 25.841192979079 25.7620381575364 25.0540928473839 28.4256128164438 29.464702459482 30.4727284358098 30.1707910391001 29.8563955747164 29.6694648449238 29.2874612074632 -9999 -9999 -9999 -9999 -9999 -9999 -9999 -9999 -9999 -9999 -9999 -9999 -9999 -9999 -9999 -9999 -9999 -9999 -9999 -9999 -9999 -9999 -9999
-9999 -9999 -9999 -9999 -9999 -9999 -9999 -9999 -9999 -9999 27.6687016120324 26.7227783203125 -9999 -9999 -9999 -9999 -9999 30.6135198152982 29.8072522970346 27.4332708212046 22.2289685469407 16.5919410265409 18.5894930912898 21.8196059006911 23.3032690194937 25.0632843604455 25.7868267939641 25.4753623375526 25.9639078286978 25.6636593158428 24.4598368131197 24.9260396223802 22.9706451709454 23.1883332179143 29.5879070575421 30.1574679154616 30.3895070002629 29.6585906102107 29.3625389979436 -9999 -9999 -9999 -9999 -9999 -9999 -9999 -9999 -9999 -9999 -9999 -9999 -9999 -9999 -9999 -9999 -9999 -9999 -9999 -9999 -9999 -9999 -9999 -9999
-9999 -9999 -9999 -9999 -9999 -9999 -9999 -9999 -9999 -9999 26.1152333479661 26.6183187044584 26.0423777653621 -9999 -9999 -9999 -9999 -9999 30.2890982994666 29.664379119873 26.5148792266846 22.1610490358793 17.4548306098351 18.8752259474534 21.7737344595102 22.4861326951247 23.1641478905311 24.3859258798453 24.3613473452055 23.7786674499512 23.2705258589524 23.8249388474684 23.0244717231164 21.5065360436073 25.674509195181 29.1182113060584 28.7289237976074 29.4512295356164 29.1572290567251 -9999 -9999 -9999 -9999 -9999 -9999 -9999 -9999 -9999 -9999 -9999 -9999 -9999 -9999 -9999 -9999 -9999 -9999 -9999 -9999 -9999 -9999 -9999 -9999
-9999 -9999 -9999 -9999 -9999 -9999 -9999 -9999 -9999 -9999 -9999 27.2577364994929 27.1431004450871 26.9485535254845 -9999 -9999 -9999 -9999 -9999 29.827330662654 27.8682655921349 21.7222763941838 18.1878645970271 16.8946693126972 19.201878621028 20.7208441220797 20.1459117302528 21.5443841494047 22.3528831188495 22.6966796288124 21.883291391226 22.093377333421 22.1182245107797 22.0469713944655 22.7637153038612 29.4370596959041 29.7012351109431 29.1247876974253 28.9107582385723 -9999 -9999 -9999 -9999 -9999 -9999 -9999 -9999 -9999 -9999 -9999 -9999 -9999 -9999 -9999 -9999 -9999 -9999 -9999 -9999 -9999 -9999 -9999 -9999
-9999 -9999 -9999 -9999 -9999 -9999 -9999 -9999 -9999 -9999 -9999 -9999 -9999 26.6256033090445 27.1806144714355 -9999 -9999 -9999 -9999 -9999 29.1425817929781 25.5514932779165 22.0904825650729 18.7084883176363 18.1760986034687 20.6838380373441 20.5121435018686 21.5561141967773 20.4863721407377 21.2017520024226 20.3385689075177 21.0067636049711 20.9177438295805 22.4628389798678 18.7477572514461 25.7102766770583 29.2159140660213 28.5382222395677 28.4024226848896 -9999 -9999 -9999 -9999 -9999 -9999 -9999 -9999 -9999 -9999 -9999 -9999 -9999 -9999 -9999 -9999 -9999 -9999 -9999 -9999 -9999 -9999 -9999 -9999
-9999 -9999 -9999 -9999 -9999 -9999 -9999 -9999 -9999 -9999 -9999 -9999 -9999 -9999 26.1787052154541 -9999 -9999 -9999 -9999 -9999 -9999 27.9869210169866 25.1640944847694 21.4913083589994 20.2708214979905 20.4715854938214 19.4042738400973 19.5687756171593 18.9755444159875 20.1967918689434 19.6830532367413 20.0145359039307 21.8958550966703 21.8474308894231 21.1775458409236 25.8180087162898 28.9127737192007 27.0652919182411 28.0990487612211 -9999 -9999 -9999 -9999 -9999 -9999 -9999 -9999 -9999 -9999 -9999 -9999 -9999 -9999 -9999 -9999 -9999 -9999 -9999 -9999 -9999 -9999 -9999 -9999
-9999 -9999 -9999 -9999 -9999 -9999 -9999 -9999 -9999 -9999 -9999 -9999 -9999 -9999 -9999 -9999 -9999 -9999 -9999 -9999 -9999 -9999 27.5723049457257 25.3987426757812 22.4212474822998 21.6330478374775 19.8523434859056 18.3347383645865 19.4003452887902 19.2871932983398 19.3819214747502 20.336293734037 20.4664189265325 22.7626804938683 23.7424843127911 27.4083043611967 29.4356966752272 28.3389514042781 -9999 -9999 -9999 -9999 -9999 -9999 -9999 -9999 -9999 -9999 -9999 -9999 -9999 -9999 -9999 -9999 -9999 -9999 -9999 -9999 -9999 -9999 -9999 -9999 -9999
-9999 -9999 -9999 -9999 -9999 -9999 -9999 -9999 -9999 -9999 -9999 -9999 -9999 -9999 -9999 -9999 -9999 -9999 -9999 -9999 -9999 -9999 -9999 27.0018581977257 24.5564912649301 22.1668743720421 21.0692204695482 20.8908883608305 20.1111699617826 20.483272259052 19.1892576951247 19.5165981879601 19.2538886437049 22.6522734715388 23.8596618358905 26.2346298511212 28.0921187767616 27.7673697838416 -9999 -9999 -9999 -9999 -9999 -9999 -9999 -9999 -9999 -9999 -9999 -9999 -9999 -9999 -9999 -9999 -9999 -9999 -9999 -9999 -9999 -9999 -9999 -9999 -9999
-9999 -9999 -9999 -9999 -9999 -9999 -9999 -9999 -9999 -9999 -9999 -9999 -9999 -9999 -9999 -9999 -9999 -9999 -9999 -9999 -9999 -9999 -9999 26.6192827958327 24.8992410806509 23.0858161632831 21.5234647897574 20.2902683844933 20.5653557410607 20.8286650731013 19.1856128986065 19.3669656606821 19.6537482921894 20.8347638937143 25.6105962900015 25.9324634258564 27.7831149468055 27.5952061873216 27.5844478607178 -9999 -9999 -9999 -9999 -9999 -9999 -9999 -9999 -9999 -9999 -9999 -9999 -9999 -9999 -9999 -9999 -9999 -9999 -9999 -9999 -9999 -9999 -9999 -9999
-9999 -9999 -9999 -9999 -9999 -9999 -9999 -9999 -9999 -9999 -9999 -9999 -9999 -9999 -9999 -9999 -9999 -9999 -9999 -9999 -9999 -9999 -9999 -9999 23.0957926236666 24.0408276778001 23.3599454439603 21.1472043257493 20.7428434812106 21.1058311462402 20.2976493835449 18.1521081190843 19.8705764183631 20.5718845954308 24.7715797424316 25.0354951711801 26.5373061253474 27.0416961083045 27.4695063370925 -9999 -9999 -9999 -9999 -9999 -9999 -9999 -9999 -9999 -9999 -9999 -9999 -9999 -9999 -9999 -9999 27.7639273129977 27.902156829834 27.4924882742075 27.1521222041203 27.1564473372239 -9999 -9999 -9999
-9999 -9999 -9999 -9999 -9999 -9999 -9999 -9999 -9999 -9999 -9999 -9999 -9999 -9999 -9999 -9999 -9999 -9999 -9999 -9999 -9999 -9999 -9999 26.8928238795354 20.2190729287954 20.6028031569261 23.3925847273607 22.35040136484 20.6419774568998 20.0929697476901 21.0569230593168 21.4038285475511 20.9705009460449 19.2210306020883 19.0390308086689 18.8148659926194 19.9052432133601 25.164450278649 27.1538474743183 27.5137465550349 -9999 -9999 -9999 -9999 -9999 -9999 -9999 -9999 -9999 -9999 -9999 -9999 -9999 28.3559297414926 27.9341288346511 27.8556600717398 27.748253602248 27.3106083503136 27.094599210299 27.2373531048114 -9999 -9999 -9999
-9999 -9999 -9999 -9999 -9999 -9999 -9999 -9999 -9999 -9999 -9999 -9999 -9999 -9999 -9999 -9999 -9999 -9999 -9999 -9999 -9999 -9999 -9999 25.1840839385986 20.6307155902569 21.184049312885 20.6813658200778 20.7053915170523 20.2395971738375 21.4597842876728 22.0628575545091 21.1431623605581 19.6489464686467 17.9735738314115 17.3377117743859 17.7108870286208 16.3165179766141 17.709165426401 24.5235793773945 26.552591910729 -9999 -9999 -9999 -9999 -9999 -9999 -9999 -9999 -9999 -9999 -9999 -9999 -9999 28.5675731072059 28.0799853985126 27.6387599064754 27.7349395751953 27.3920358511118 27.4193618480976 -9999 -9999 -9999 -9999
