rasters/bioclim/bio10.asc
NCOLS 720 
NROWS 300 
XLLCORNER -180 
YLLCORNER -60 
CELLSIZE 0.5 
NODATA_value -9999 
[rows 196 to 223 of 300, columns 189 to 251 of 720]
-9999 -9999 -9999 -9999 -9999 -9999 -9999 -9999 -9999 -9999 -9999 -9999 -9999 19.3410252791185 12.3811033689059 10.5454077353844 13.5994085898766 20.2145058558537 24.2784442901611 25.6109001453106 26.4605372502254 26.9056041424091 26.7696951352633 26.2202874697172 26.9374429262601 27.0434727301964 26.7996312654935 26.6864769275372 26.6230823810284 26.5924978989821 26.5756771381085 26.5958282764141 26.7773031088022 27.0467071533203 26.955364374014 27.2772284287673 27.4733040149395 27.4722495445838 27.6967962705172 27.8022136688232 27.803859270536 27.695990048922 27.6221890082726 27.4624063051664 27.432500399076 27.4181015308087 27.3493476280799 27.168028317965 27.1237323467548 27.1279772244967 27.1508281414325 27.1866199786846 27.17715380742 27.2480032994197 27.2516020261324 27.3576398996206 26.8075043604924 26.1935393993671 25.9297841879038 26.1289405822754 26.417583318857 26.6185817718506 26.3915312840388
-9999 -9999 -9999 -9999 -9999 -9999 -9999 -9999 -9999 -9999 -9999 -9999 -9999 21.022941002479 16.7602148789626 9.06377689655011 13.427502485422 16.081659757174 23.3779698885404 24.6264510521522 25.7292160621056 26.4485882979173 26.7492320720966 26.6146155137282 26.523661833543 26.8802994948167 26.6693071218637 26.5559429755578 26.5807917668269 26.5211595388559 26.478538953341 26.534228691688 26.7813384716327 26.991689828726 27.0238044445331 27.3395805358887 27.4478189028226 27.4201523707463 27.6340783926157 27.7927951812744 27.7521434197059 27.6615110544058 27.6799223973201 27.5668489016019 27.3902703798734 27.2919960021973 27.2697307880108 27.0781213320219 27.1155665471004 27.2238122499906 27.1860055189866 27.1482758155236 27.2770733466515 27.2667736640343 27.2745513916016 27.3238698519193 27.1656802250789 26.7503610757681 26.3150178469144 26.1153229933519 26.1011251302866 26.2144898634691 26.3183797689585
-9999 -9999 -9999 -9999 -9999 -9999 -9999 -9999 -9999 -9999 -9999 -9999 -9999 -9999 20.5221735147329 8.40167181308453 8.84339244549091 14.2209446246807 20.3741742647611 22.9585201556866 23.877815246582 25.8900891817533 26.4147523733286 26.1894814417912 26.2750210395226 26.4513825636644 26.4438513242281 26.4207366063045 26.5575800675612 26.4525629190298 26.5266640002911 26.5727357130784 26.6866738246037 26.8683773921086 27.0577910496638 27.1775970458984 27.495504966149 27.4908938774696 27.6911318852351 27.7414066608136 27.6515988569993 27.6396829164945 27.7492859180157 27.5137899838961 27.3165205441988 27.0954044048603 27.1447770045354 27.2169434474065 26.9307416769174 27.1835545759935 26.925389950092 26.811525785006 27.0399365058312 27.1321418468769 27.0752297914945 26.8556973383977 27.2845972501315 27.1040612734281 26.8176539494441 26.4340713207538 26.1704185192402 26.131856918335 26.3784415905292
-9999 -9999 -9999 -9999 -9999 -9999 -9999 -9999 -9999 -9999 -9999 -9999 -9999 -9999 21.4372031872089 13.2650156754714 6.66555569722102 10.3528135006244 15.1206841835609 18.4775858659011 23.3469515580397 25.4785219339224 25.9230238107535 25.9773138486422 25.9049515357384 26.0889882307786 25.9748144883376 26.1220076634334 26.3065766554612 26.1548968095046 26.2851798717792 26.2927673046405 26.4937901130089 26.7291192274827 27.0010613661546 27.2233420151931 27.5490366128775 27.6268278268667 27.8561342679537 27.9081501593957 27.8495784172645 27.7529019575853 27.7287131089431 27.4409643319937 27.4713252140925 27.2378145364615 27.2780251136193 27.2556049640362 26.8643575815054 27.1009122408353 26.9114507528452 26.8768774179312 26.8628909771259 26.8136841700627 27.137940626878 26.7148144061749 26.81516456604 26.8297578371488 27.0225715637207 26.9662334735577 26.4348867856539 26.1631660461426 26.304354594304
-9999 -9999 -9999 -9999 -9999 -9999 -9999 -9999 -9999 -9999 -9999 -9999 -9999 -9999 -9999 17.9542670616737 -9999 5.06792717713576 10.5783878473135 14.6093254822951 22.6136364570031 24.9679081256573 24.7719484475943 25.6462141183706 25.7166422330416 25.8048817561223 25.8014105283297 25.840396294227 25.8806962233323 25.8636442331167 25.8675989004282 26.2398066887489 26.4744702852689 26.7484431633582 27.0109387911283 27.274162879357 27.5172067788931 27.7570959237906 27.9259235675518 27.8520270127517 27.8419177715595 27.6535276266245 27.4735110356258 27.2165065178504 27.35165478633 27.1888697697566 27.0770287146935 27.0047878852257 26.914423429049 26.9223045935998 26.8656506171593 26.8670517848088 26.8793503687932 26.7927260765663 27.0353012084961 26.7996427095853 26.5431693150447 26.441113105187 26.5352771465595 27.010773732112 26.9615069169265 26.6466357891376 26.1962453402006
-9999 -9999 -9999 -9999 -9999 -9999 -9999 -9999 -9999 -9999 -9999 -9999 -9999 -9999 -9999 20.2178674844595 13.0375683857844 4.97407397857079 6.03084505521334 11.2888797613291 19.6080171144926 22.7159015948956 22.1186202122615 24.6781542851375 25.4930697221022 25.5300433819111 25.5574626922607 25.6478099822998 25.641946205726 25.5227250319261 25.5089026231032 25.5787893442007 25.950594828679 26.6550397139329 26.8226152566763 27.2548635922945 27.582762498122 27.882730777447 28.1279478806716 28.0372979090764 28.0035856687106 27.6095801133376 26.6757698059082 26.7419844407302 27.0225089146541 27.171724319458 27.1989643390362 27.1567017481877 27.0552243452806 27.0045364086445 26.9829170520489 26.8932119516226 26.8654682452862 26.9081831711989 27.0033974280724 27.0225479419415 26.7269733135517 26.2758643810566 26.5892052283654 27.0175357231727 26.5320422832782 26.3859496483436 26.276823924138
-9999 -9999 -9999 -9999 -9999 -9999 -9999 -9999 -9999 -9999 -9999 -9999 -9999 -9999 -9999 -9999 19.2159608694223 7.02481610958393 3.68665223855239 8.36031110470111 16.7822771072388 19.6216336763822 23.7481576479398 23.8875267322247 23.6695142892691 25.1379307966966 25.2894408886249 25.330384181096 25.3252091040978 25.1556166135348 25.1316565000094 25.3924362476055 25.6883106231689 26.2477070735051 26.7090101975661 27.2225399017334 27.5237020345835 27.8314876556396 28.063853924091 28.2207251328688 28.1474672464224 27.8203565157377 27.145479789147 26.6600240560678 26.9096629802997 26.955499795767 27.3509738628681 27.3978054340069 27.1848605229304 27.0271191230187 27.0959479992206 26.6626255328839 26.4956001868615 27.0085036938007 26.9344287285438 26.8468133486234 26.9213258303129 26.2212219238281 26.3970146179199 26.9632157545823 26.7011809715858 26.6830595456637 27.0499175145076
-9999 -9999 -9999 -9999 -9999 -9999 -9999 -9999 -9999 -9999 -9999 -9999 -9999 -9999 -9999 -9999 -9999 13.2089839348426 2.37295818328857 5.3204083442688 11.2668900856605 16.1471720475417 22.7646325918344 21.4034893329327 21.3519426492544 23.9972628079928 24.1588109823374 24.5095451061542 25.0436367621789 25.0628114847037 25.0813485659086 25.4355415931115 25.7525366269625 26.2372771043044 26.7204685211182 27.2315155909612 27.5362768906813 27.7530543987568 27.9421966259296 28.227236527663 28.2361530890832 27.9538744412936 27.7936149010291 27.8312080089863 27.6062187781701 27.1357741722694 26.8602476853591 27.3089458759014 27.3504045926608 27.0710124969482 26.8581368372991 26.6438971299392 26.3938262646015 26.9476644075834 27.0433687063364 26.8443056253287 27.0513666593111 26.368811240563 26.3078093895545 26.9191565880409 26.628520818857 26.7538306896503 27.1184696784386
-9999 -9999 -9999 -9999 -9999 -9999 -9999 -9999 -9999 -9999 -9999 -9999 -9999 -9999 -9999 -9999 -9999 18.7593809274527 8.70809943859394 3.69175716546866 7.62175215207613 15.8388528090257 18.9445058382474 21.7877181126521 19.0515155792236 20.7187513204721 19.4723956768329 20.6605626619779 23.9976460383489 24.7271327972412 24.9888528677133 25.4563438708966 25.849829013531 26.2191675626315 26.6193994375376 26.8369478078989 27.2403805072491 27.6162289839524 27.8181161146898 28.0518763615535 28.173644726093 28.3329541133 28.2650076059195 28.1202485011174 28.0749904926007 27.8156826312725 27.5815227215107 27.2734081561749 26.9704045515794 27.143634062547 27.2714324364295 26.6692837935228 26.9238708202655 27.1232836796687 26.9533857198862 27.0292469904973 27.0074932391827 26.7986244788537 26.6593413719764 27.011547088623 26.379903793335 26.7601145230807 27.2021416884202
-9999 -9999 -9999 -9999 -9999 -9999 -9999 -9999 -9999 -9999 -9999 -9999 -9999 -9999 -9999 -9999 -9999 -9999 15.5774724666889 6.80461722153884 3.46769567636343 8.22369956970215 12.2088621579684 18.3342358515813 18.0479797950158 18.8364768395057 15.5159254074097 15.7959731908945 22.4520149230957 23.1838059058556 24.7213147970346 25.2539694859431 25.7922361814059 26.2156325120192 26.4158960489126 26.699183684129 27.1876831054688 27.4983300429124 27.7001537909875 28.0244861015907 28.152530670166 28.3841843238244 28.4900414393498 28.2564559349647 28.1416869530311 28.0279708275428 27.916565821721 27.5222539168138 27.1802175962008 27.0485242696909 26.9883499145508 26.6683158874512 27.0358135516827 27.0653236095722 26.8978105691763 26.9500075120192 26.9816477848933 26.9497589698205 26.8082621647761 27.1497862889216 26.5473489027757 26.9951309790978 27.2495971092811
-9999 -9999 -9999 -9999 -9999 -9999 -9999 -9999 -9999 -9999 -9999 -9999 -9999 -9999 -9999 -9999 -9999 -9999 20.4366069206825 11.5594160373394 3.85564928788405 4.07183815882756 10.8627414703369 15.2773297383235 13.7057269169734 9.42055716881385 8.47401593281672 11.5208330154419 15.0195645552415 19.1514553656945 22.9844207763672 24.2543095808763 24.9493064880371 25.993404681866 26.38906786992 26.8650709298941 27.2509505932148 27.4689008272611 27.6439509758582 27.8259529700646 28.0134302286001 28.2249141106239 28.466100692749 28.3386953794039 28.0548262962928 27.995203605065 27.8732872009277 27.7801994910607 27.599904867319 27.1531935471755 26.6777236645038 26.0316882500282 26.4475113795354 26.7013441232535 26.691353724553 26.7577133178711 26.9479694366455 27.1659099872296 26.8430275550255 27.0416652972882 26.6269397735596 26.8363012167124 27.2058241917537
-9999 -9999 -9999 -9999 -9999 -9999 -9999 -9999 -9999 -9999 -9999 -9999 -9999 -9999 -9999 -9999 -9999 -9999 21.4835725931021 17.3773963634784 7.75995951432448 6.22033295264611 7.68998604554396 11.533428632296 9.54592932187594 8.96435671586257 9.10162393863385 9.75538085057185 6.02437477845412 8.35225805869469 15.78225172483 20.2187948960524 21.5055456895095 24.1464984600361 25.2961855668288 26.777432515071 27.2471325214093 27.3854277684138 27.5328644972581 27.7130044790415 27.900276184082 28.1277750455416 28.3449425330529 28.2956011845515 27.9654225569505 27.9459852071909 27.5765044872577 27.650939647968 27.5101693960337 27.2409186730018 27.1317966167743 25.9254009540264 26.0825143960806 26.4590165064885 26.4594838069035 26.5249441587008 26.8295403994047 27.1239550663875 26.9472712003268 26.7094854208139 26.7468189826378 26.7885491297795 26.803074323214
-9999 -9999 -9999 -9999 -9999 -9999 -9999 -9999 -9999 -9999 -9999 -9999 -9999 -9999 -9999 -9999 -9999 -9999 -9999 20.2454539078933 16.3323479432326 8.73274436363807 6.50423534099872 7.76744358356182 6.9391472523029 6.37115852649395 7.32622051239014 7.81980118384728 7.47462536738469 5.3162591273968 -9999 8.09608492484459 16.1339075381939 20.6507990910457 23.1208779261662 25.8611708420974 27.1074251028208 27.2724227905273 27.4360510019156 27.5988685901348 27.7520647782546 27.9413491762601 27.9678473839393 28.0021425393912 27.981633406419 27.8570166367751 27.6445328639104 27.533224105835 27.6034484276405 26.8639140495887 27.165061217088 26.6849862612211 25.981424331665 25.8075278355525 26.0475769042969 26.4401245117188 26.7737453167255 27.197314629188 27.2162123460036 27.0507678985596 26.6867688985971 26.7490686269907 26.2742818685678
-9999 -9999 -9999 -9999 -9999 -9999 -9999 -9999 -9999 -9999 -9999 -9999 -9999 -9999 -9999 -9999 -9999 -9999 -9999 20.8357975299542 20.317664366502 14.9044651618371 8.11119794845581 5.42696015651409 -9999 3.54873303266672 4.3361339202294 6.09264575518095 7.50376539963942 8.37039030515231 8.54918406559871 7.346770800077 6.09469443101149 17.9458527198205 21.2650476602408 25.297488285945 26.2579198983999 27.1407121511606 27.3051198812631 27.4517954312838 27.5907539954552 27.6979260077843 27.6458388108474 27.608793258667 27.6844241802509 27.6206478705773 27.498807320228 27.466073843149 27.590353012085 27.00661277771 26.4701960637019 26.7888296567477 26.1442188849816 26.025475868812 26.6317392495962 27.1532949300913 27.1194946582501 27.4694407536433 27.2419276604286 27.09491113516 26.5496601691613 25.9535239293025 26.0566734900841
-9999 -9999 -9999 -9999 -9999 -9999 -9999 -9999 -9999 -9999 -9999 -9999 -9999 -9999 -9999 -9999 -9999 -9999 -9999 -9999 20.4126823131855 18.3956413269043 13.7905497917762 8.60370155481192 8.31178555121789 4.38117991960966 4.06727961393503 3.97343039512634 -9999 4.99639059947087 9.61494445800781 9.82603909419133 8.18986346171453 15.5174340468187 21.9111489516038 23.9491374676044 24.4025409405048 26.4185568002554 26.9682501279391 27.2240408383883 27.324428998507 27.3895006913405 27.3634078686054 27.2080676739032 27.2608903738169 27.3003727839543 27.2009503291203 27.3777857560378 27.3533865121695 27.5902109879714 27.3309400998629 27.4680171379676 27.1364570030799 26.9237249814547 27.3020785405086 27.2700362572303 27.3921605623685 27.2295174231896 27.5327000251183 26.5812735924354 26.329775590163 25.9735164642334 26.2693183605488
-9999 -9999 -9999 -9999 -9999 -9999 -9999 -9999 -9999 -9999 -9999 -9999 -9999 -9999 -9999 -9999 -9999 -9999 -9999 -9999 -9999 -9999 18.3630935962384 13.476693886977 13.9166150459876 9.66053221775935 8.66300957019513 4.60123439935538 4.75180893677932 4.95889814083393 8.56533908843994 9.45414667863112 9.75377086492685 9.10360116225023 14.7309166834905 22.245627623338 23.0463057297927 23.5578126173753 26.4761136861948 26.989462192242 27.1170330047607 27.1245037959172 27.0699373391958 26.8690696129432 26.923805970412 26.8447567866399 27.0321044921875 27.2896595001221 27.375674027663 27.621883392334 27.8122806549072 27.6168104318472 26.9072903853196 27.5228755657489 27.5460881453294 27.5043678283691 27.2977507664607 27.3845878014198 27.8054218292236 27.5647536057692 26.5010123619666 26.3850803375244 26.139614545382
-9999 -9999 -9999 -9999 -9999 -9999 -9999 -9999 -9999 -9999 -9999 -9999 -9999 -9999 -9999 -9999 -9999 -9999 -9999 -9999 -9999 -9999 -9999 -9999 18.346655185406 16.9365984109732 16.7519030204186 13.6812878388625 5.98706447161161 5.17424963070796 5.99074954252977 8.94297034923847 9.92384785872239 9.48269987106323 6.87461511905377 15.5045669262226 20.9860000610352 22.1782304323637 24.5556508577787 26.6240373758169 26.8068062708928 26.7380969707782 26.610586313101 26.5831637749305 26.5874242048997 26.173914542565 26.4330526498648 27.2243810800406 27.3960854456975 28.1481698843149 28.1895022759071 27.9556559049166 27.4189316676213 28.118704869197 28.0896387833815 27.9009954012357 27.8333034515381 27.8165564903846 27.8529156904954 27.9261189974271 26.880554492657 26.9419382535494 26.6736544095553
-9999 -9999 -9999 -9999 -9999 -9999 -9999 -9999 -9999 -9999 -9999 -9999 -9999 -9999 -9999 -9999 -9999 -9999 -9999 -9999 -9999 -9999 -9999 -9999 -9999 -9999 19.335681621845 17.5781380580022 13.8490187571599 -9999 5.01414779516367 6.77581170889047 9.46975546616774 9.33944199635432 9.42655585362361 12.1870832443237 15.4021353354821 18.8250562227689 20.6244952862079 25.2995449946477 26.477377818181 26.6732544532189 26.4964268024151 26.4352399385892 26.3686447143555 26.5553958599384 26.714049412654 27.1335080953745 27.4441469632662 28.2040811685415 28.1864926264836 28.3987930004413 28.3755315633921 28.3162014301007 28.1679975069486 28.0003842573899 27.8776363959679 27.7772966531607 27.7581533285288 27.8492792569674 27.8237097813533 27.066264959482 26.2560060941256
-9999 -9999 -9999 -9999 -9999 -9999 -9999 -9999 -9999 -9999 -9999 -9999 -9999 -9999 -9999 -9999 -9999 -9999 -9999 -9999 -9999 -9999 -9999 -9999 -9999 -9999 -9999 -9999 18.4194729144757 14.9310809648954 9.55049001253568 6.21208150570209 8.58951403544499 10.2024590418889 10.3813183857844 11.244038435129 10.2640721981342 13.792352603032 13.0114485667302 17.0323310265174 19.8368120927077 24.0286188859206 26.1067328819862 26.0434288611779 26.2535519233117 26.4848610804631 26.9069363520696 27.1001647068904 27.3949913611779 27.8958471738375 27.9798946380615 28.1960579798772 28.3711508237399 28.2990897252009 28.131367463332 27.9909946735089 27.8983237926777 27.7885761260986 27.758094054002 27.8327205364521 27.9458343799298 26.8326311845046 25.901983994704
-9999 -9999 -9999 -9999 -9999 -9999 -9999 -9999 -9999 -9999 -9999 -9999 -9999 -9999 -9999 -9999 -9999 -9999 -9999 -9999 -9999 -9999 -9999 -9999 -9999 -9999 -9999 -9999 20.7291390345647 20.1722595508282 17.5571761498084 8.19328983013446 8.15280734575712 9.46872014265794 10.4582552543053 12.0704705898578 12.0021487015944 10.0874062318068 17.2697056990403 15.2355409768912 16.7614191495455 17.3124236326951 20.8596429091233 22.7435279259315 26.6396268697885 26.894917854896 27.0491786369911 27.2599579737737 27.448265515841 27.8715198223407 27.8092403411865 27.776924426739 28.0988266284649 28.174564068134 28.1208366980919 27.9785305903508 27.9078166668232 27.8241769350492 27.7537913689247 27.7869410881629 27.8486144726093 27.212831057035 26.0420090601994
-9999 -9999 -9999 -9999 -9999 -9999 -9999 -9999 -9999 -9999 -9999 -9999 -9999 -9999 -9999 -9999 -9999 -9999 -9999 -9999 -9999 -9999 -9999 -9999 -9999 -9999 -9999 -9999 -9999 -9999 21.0687123812162 12.8544376079853 6.10600915321937 9.46235671410194 9.93992321307843 11.4359154334435 12.4611835479736 9.66449363415058 12.9454464545617 18.7063721876878 18.8973963810847 19.2730979919434 19.5126353043776 21.4001665848952 26.255283502432 27.0696522639348 27.3564319610596 27.6467439211332 27.7806299649752 27.1267317258395 27.0387136019193 26.7296717717097 27.3807535905104 27.9886066730206 28.1722205235408 27.9892201056847 27.9132609734168 27.8035444112924 27.753969339224 27.7290196051964 27.7346343994141 27.2787810105544 26.6678337684044
-9999 -9999 -9999 -9999 -9999 -9999 -9999 -9999 -9999 -9999 -9999 -9999 -9999 -9999 -9999 -9999 -9999 -9999 -9999 -9999 -9999 -9999 -9999 -9999 -9999 -9999 -9999 -9999 -9999 -9999 20.1903761350192 15.5384910290058 7.68486697857197 8.78768007571881 10.6362223258385 11.3856018506564 12.0898689856896 10.5595769148607 11.8625820600069 15.066457088177 18.4848559452937 18.8631828014667 20.6069972698505 23.1409681760348 26.7811423081618 27.2612527700571 27.4709405165452 27.7120233682486 27.7755636068491 27.0819260523869 27.5223610217755 27.5891981858474 27.968595798199 28.1712639148419 28.0584854712853 27.9633337167593 27.8357499929575 27.773282124446 27.7018557328444 27.6322766817533 27.4790398524358 26.9249668121338 26.9970111846924
-9999 -9999 -9999 -9999 -9999 -9999 -9999 -9999 -9999 -9999 -9999 -9999 -9999 -9999 -9999 -9999 -9999 -9999 -9999 -9999 -9999 -9999 -9999 -9999 -9999 -9999 -9999 -9999 -9999 -9999 19.7711727435772 16.8925655805148 9.50221802638127 8.75816697340745 11.0871471991906 11.5643976651705 11.6368389129639 9.93629499582144 9.33416223526001 12.5581517586341 16.7997465867263 17.244427387531 20.7531810173622 25.3400407937857 26.0567635756273 27.2924707852877 27.445191016564 27.5405826568604 27.5682689960186 27.6430427844708 27.7475921924298 27.8335522871751 27.8729670597957 28.0016410534198 28.0422944288987 27.9077666356013 27.8416866889367 27.7552653092604 27.6562926952655 27.5549571697529 27.105236346905 26.2080351022574 26.6282116816594
-9999 -9999 -9999 -9999 -9999 -9999 -9999 -9999 -9999 -9999 -9999 -9999 -9999 -9999 -9999 -9999 -9999 -9999 -9999 -9999 -9999 -9999 -9999 -9999 -9999 -9999 -9999 -9999 -9999 -9999 -9999 17.85141651447 11.9898615617018 7.16702589621911 10.5297423142653 11.0240479249221 11.5491032233605 10.2830767998329 8.65367482258723 11.608939904433 14.5207188679622 17.7070264082689 21.3297799917368 24.4945577474741 25.3338253314678 27.2408517690805 27.4797920813927 27.532984660222 27.5392156747671 27.6333167736347 27.6364352886493 27.6704516777625 27.7275791168213 27.9822876270001 28.1049561133751 28.0540150862474 27.9289448077862 27.7346684382512 27.5740101154034 27.3565559387207 26.3079408498911 26.303557909452 25.8282985687256
-9999 -9999 -9999 -9999 -9999 -9999 -9999 -9999 -9999 -9999 -9999 -9999 -9999 -9999 -9999 -9999 -9999 -9999 -9999 -9999 -9999 -9999 -9999 -9999 -9999 -9999 -9999 -9999 -9999 -9999 -9999 18.4568381676307 14.3202431752132 7.83093756895799 10.20501268827 11.4962982764611 12.2010899323684 11.4969305625329 12.3580720608051 15.0934122525729 14.7036893551166 17.1891875633827 22.371614749615 24.6606204693134 25.8303769918588 26.8462490668664 27.0810607029841 27.3114505180946 27.3658539698674 27.7881726485032 28.0628133920523 28.0274517352764 28.0073250990648 28.2048989809476 28.3717109973614 28.1992303408109 27.976323054387 27.6724948883057 27.4084909879244 26.9783438169039 26.3360397632305 25.5864787468543 25.3008147019606
-9999 -9999 -9999 -9999 -9999 -9999 -9999 -9999 -9999 -9999 -9999 -9999 -9999 -9999 -9999 -9999 -9999 -9999 -9999 -9999 -9999 -9999 -9999 -9999 -9999 -9999 -9999 -9999 -9999 -9999 -9999 18.1772267268254 16.3942540242122 8.091659619258 8.51790710595938 11.2626955325787 12.0683715526874 12.4970475710355 12.0121546525222 15.9811155612652 16.3077432192289 18.8572367154635 22.0795131096473 24.6367073059082 25.871770125169 26.7820072174072 26.9623391078069 27.2244375669039 27.3423654116117 27.8198095468374 28.0904948894794 28.1407517653245 28.2026442014254 28.3014099414532 28.399437390841 28.229603107159 27.8225666926457 27.1315125685472 27.0629986983079 26.69854589609 25.6435904869666 25.0646999065693 25.0474774287297
-9999 -9999 -9999 -9999 -9999 -9999 -9999 -9999 -9999 -9999 -9999 -9999 -9999 -9999 -9999 -9999 -9999 -9999 -9999 -9999 -9999 -9999 -9999 -9999 -9999 -9999 -9999 -9999 -9999 -9999 -9999 18.5696114760179 17.0962365223811 8.06535093600933 8.47207975387573 8.95420668675349 10.5819715353159 11.3141465553871 11.4111400750967 13.9821363595816 16.930880179772 17.820709668673 22.816122348492 25.2271778400128 26.4732105548565 26.8938206892747 27.125975388747 27.096657532912 27.4144557072566 27.920958005465 28.1671011998103 28.2149225381704 28.3674320807824 28.338397539579 28.2956779186542 28.1623272529015 27.6188810788668 26.8100649026724 26.5272458883432 25.6404531919039 25.1409671490009 25.1356447660006 24.9951494657076
-9999 -9999 -9999 -9999 -9999 -9999 -9999 -9999 -9999 -9999 -9999 -9999 -9999 -9999 -9999 -9999 -9999 -9999 -9999 -9999 -9999 -9999 -9999 -9999 -9999 -9999 -9999 -9999 -9999 -9999 -9999 16.8350245402409 15.886586702787 9.43146485548753 6.78311006839459 6.26684342897855 8.12717529443594 8.97509021025438 10.5790838094858 13.8178443908691 14.878576865563 18.0529400752141 22.2885409135085 24.2513545109675 26.7418318528395 26.9466131650485 26.9871479914739 27.1058486058162 27.4544935960036 27.8989049471342 28.2505001654992 28.4109212435209 28.3907771477332 28.3698357802171 28.2690467834473 28.0801479633038 27.4618434906006 26.6936266972468 26.0600110567533 24.8180483304537 25.0632991790771 25.2941615764911 25.3422183990479
