rasters/bioclim/bio10.asc
NCOLS 720 
NROWS 300 
XLLCORNER -180 
YLLCORNER -60 
CELLSIZE 0.5 
NODATA_value -9999 
[rows 112 to 139 of 300, columns 315 to 377 of 720]
-9999 -9999 -9999 -9999 -9999 -9999 -9999 -9999 -9999 -9999 -9999 -9999 -9999 -9999 -9999 -9999 -9999 -9999 -9999 -9999 -9999 -9999 -9999 -9999 -9999 -9999 -9999 -9999 -9999 -9999 22.7243488018329 23.3693342942458 24.3922132345346 24.7334882296049 24.3234276404748 24.9591127542349 24.5231626950778 25.8471242464506 25.8743267059326 25.2750587463379 25.7530297499437 25.5400050236629 25.4620710519644 25.6005717057448 25.6180883554312 25.8061580657959 25.7754573822021 25.5726196582501 25.6167247478779 26.6387150104229 27.4380955329308 27.7980411236103 28.3802707378681 29.2064773853009 30.2941932678223 31.1504589961125 31.617062495305 31.7016303722675 31.2336808718168 30.7187092120831 30.3213723989633 30.0736879202036 29.594766323383
-9999 -9999 -9999 -9999 -9999 -9999 -9999 -9999 -9999 -9999 -9999 -9999 -9999 -9999 -9999 -9999 -9999 -9999 -9999 -9999 -9999 -9999 -9999 -9999 -9999 -9999 -9999 -9999 23.2762270707351 24.0300957606389 24.1663956275353 24.1955490112305 24.5397978562575 23.9063981863169 21.9483818641076 22.6267971625695 24.7469012920673 27.0830246851994 25.758572945228 25.955010340764 26.1177941835844 26.2363119858962 26.2547010275034 26.1041786487286 26.3535166520339 27.0287390488845 26.4937817500188 26.8733592400184 27.3985124734732 28.1984276404748 28.5154919257531 28.8817709409274 29.2923234792856 30.0924026782696 30.7892900613638 31.5320670788105 31.7888353787936 31.7802633138803 31.5176410675049 31.1834545135498 30.8808762476994 30.5650505652794 30.1260437598595
-9999 -9999 -9999 -9999 -9999 -9999 -9999 -9999 -9999 -9999 -9999 -9999 -9999 -9999 -9999 -9999 -9999 -9999 -9999 -9999 -9999 -9999 -9999 -9999 -9999 -9999 -9999 24.2357713259183 25.0060270749606 25.5505089393029 25.6059357569768 26.0117018773006 26.2721431438739 25.169459269597 23.1875897921049 24.4231338500977 25.6241499093863 26.0225379650409 26.4452617351825 27.1115417480469 26.9102860964262 26.9193106431227 26.5918231377235 26.8354677053598 27.6600120250995 28.3138482020451 28.6962253863995 28.7660353733943 28.9251908522386 29.4184505756085 29.6640523763803 30.0448803534875 30.5385574927697 31.1953072181115 31.7867281987117 32.0970987173227 32.2272343268761 32.2289042839637 31.9100724733793 31.6152669466459 31.3039483290452 30.9562254685622 30.5037664266733
-9999 -9999 -9999 -9999 -9999 -9999 -9999 -9999 -9999 -9999 -9999 -9999 -9999 -9999 -9999 -9999 -9999 -9999 -9999 -9999 -9999 -9999 -9999 -9999 -9999 -9999 23.7278540684627 25.1583812420185 26.2639766106239 27.2583678318904 27.8328225062444 27.8913951286903 26.2465939154992 22.6456972268912 22.4786938887376 23.7678002577562 26.2930057232197 27.8149861555833 28.8638673929068 29.3372739645151 29.1592787229098 28.3684930067796 28.9517464270959 29.3492446312538 29.4327611189622 29.6436346494235 29.5569669283353 29.5112854884221 29.7008659656231 30.3120753948505 30.4566472860483 30.5298561683068 31.189171570998 31.9055947523851 32.3917161501371 32.4133233290452 32.5187350053054 32.5262025686411 32.2680269388052 31.9939955197848 31.6815276512733 31.3442175938533 31.043911420382
-9999 -9999 -9999 -9999 -9999 -9999 -9999 -9999 -9999 -9999 -9999 -9999 -9999 -9999 -9999 -9999 -9999 -9999 -9999 -9999 -9999 -9999 -9999 -9999 -9999 -9999 22.5755354074331 25.6522991473858 27.7663735609788 28.7763096736028 27.9710809267484 25.6809931534987 22.4846408550556 21.6689580770639 25.2831302055946 28.0918081723727 28.7940321702224 29.3867960709792 30.2178761408879 31.648777448214 31.8860369462233 31.03066943242 30.811179968027 30.8024137937106 30.5535059708815 30.472722860483 30.4991666353666 30.9885507730337 30.9475480593168 30.7585245279165 30.7965334378756 30.8679618835449 31.26682472229 32.3763109353872 32.8168877821702 32.9642903254582 33.0186210045448 33.0226411085862 32.9130416283241 32.6680082174448 32.2597117790809 32.0493784684401 31.649603330172
-9999 -9999 -9999 -9999 -9999 -9999 -9999 -9999 -9999 -9999 -9999 -9999 -9999 -9999 -9999 -9999 -9999 -9999 -9999 -9999 -9999 -9999 -9999 -9999 -9999 19.9759880946233 21.6993510906513 24.3597649794358 25.236490543072 23.3987175868108 24.2623673952543 24.004611822275 25.6748500237098 26.4294122549204 28.9375428419847 29.8178226764386 29.7619282649114 30.5334548950195 31.0332026848426 32.6866622337928 32.8558405362643 32.259557723999 32.0155884669377 31.8846098092886 31.5448659750131 31.7733538700984 31.6408528548021 31.631531055157 31.4513624631442 31.0645751953125 31.0236817873441 31.129718046922 31.4918239300068 32.6024853633 33.0779354388897 33.2138346158541 33.2408318152794 33.1716924814078 32.9487307621882 32.8438487419715 32.5596697880672 32.4221467238206 32.157707801232
-9999 -9999 -9999 -9999 -9999 -9999 -9999 -9999 -9999 -9999 -9999 -9999 -9999 -9999 -9999 -9999 -9999 -9999 -9999 -9999 -9999 -9999 -9999 -9999 -9999 20.6394723745493 22.2216280423678 23.5130249903752 25.4999360304612 24.2443338540884 26.7330341339111 28.6823127453144 28.8198620722844 30.0099242283748 30.9717776958759 31.6012551234319 31.9861617455116 32.3441609602708 32.8146252265343 33.3933953505296 33.8183611356295 33.5409460801345 33.2015074216403 32.9380619342511 32.7609270535983 32.5588761843168 32.3977932563195 32.2367644676795 31.9313319279597 31.7931781181922 31.5507326859694 31.8491728856013 32.6608888185941 33.127811725323 33.3114494910607 33.3544179476224 33.3792557349572 33.3396547757662 33.0684292133038 32.8915880643404 32.637882232666 32.4622606130747 32.3359697782076
-9999 -9999 -9999 -9999 -9999 -9999 -9999 -9999 -9999 -9999 -9999 -9999 -9999 -9999 -9999 -9999 -9999 -9999 -9999 -9999 -9999 -9999 -9999 -9999 -9999 -9999 24.0452346801758 25.1076130500207 25.1040747715877 25.2078409928542 28.1519715235784 29.8034292367788 30.296907718365 31.565281354464 32.005860548753 32.4639693040114 32.9401237781231 33.1336865058312 33.3172735067514 33.9617611811711 34.4121413597694 34.3992638221154 34.1883154649001 33.8384719261756 33.6101420475886 33.2700119018555 32.993843958928 32.851012303279 32.5491824516883 32.4326072105995 32.2384002392109 32.397180557251 32.9551384265606 33.4890973017766 33.638548044058 33.5480778033917 33.5727594815768 33.494623037485 33.3580953157865 33.1624641418457 32.9415278801551 32.6997318267822 32.4596482790433
-9999 -9999 -9999 -9999 -9999 -9999 -9999 -9999 -9999 -9999 -9999 -9999 -9999 -9999 -9999 -9999 -9999 -9999 -9999 -9999 -9999 -9999 -9999 -9999 -9999 23.5567822089562 24.0322374197153 24.0996357844426 26.4851218003493 28.665494625385 30.4015706869272 31.4738864898682 32.2314654130202 32.6982790140005 32.920337677002 33.3922107403095 33.7839041489821 33.9757801936223 34.2956818800706 34.3517497136043 34.6028239910419 34.6460427504319 34.5932978116549 34.4970670846792 34.4364386338454 34.4720400296725 34.0438161996695 33.5163929279034 33.1424556145301 32.9802212348351 32.9201189187857 33.3775182870718 33.5100323603703 33.6854726351224 33.8045522249662 33.7146201500526 33.67267872737 33.6589954082782 33.5644877507136 33.3672297551082 32.9804571591891 32.6274270277757 32.5236528836764
-9999 -9999 -9999 -9999 -9999 -9999 -9999 -9999 -9999 -9999 -9999 -9999 -9999 -9999 -9999 -9999 -9999 -9999 -9999 -9999 -9999 -9999 -9999 -9999 25.4702396392822 24.9901112776536 25.1346692305345 26.7931715158316 28.8775733067439 30.189235833975 31.2447018256554 31.8069788125845 32.4323909466083 32.7944019024189 33.3484825721154 33.7569245558519 34.161006634052 34.3978785001315 34.646309192364 34.7711706895095 34.8797944875864 35.035165640024 35.0821286714994 35.0336409348708 35.1141507075383 35.2506188612718 34.7599636958196 34.2552965604342 33.8310948885404 33.3456579355093 33.2305861253005 34.0081379230206 33.9650978675255 33.9563616239108 34.0475358229417 34.0826862041767 33.9164780836839 33.550296490009 33.3559825603779 33.4555309002216 33.0913087404691 32.5999606205867 32.2780990600586
-9999 -9999 -9999 -9999 -9999 -9999 -9999 -9999 -9999 -9999 -9999 -9999 -9999 -9999 -9999 -9999 -9999 -9999 -9999 -9999 -9999 -9999 -9999 26.1224579444298 27.0854816436768 26.8981166252723 27.8928972390982 29.0567292433519 30.026683807373 30.6774921417236 31.5232337071345 32.4631011669452 33.1643179379977 33.9263103191669 34.288623222938 34.6346737788274 34.8965747539814 35.0919409531813 35.3566876924955 35.4930818997897 35.58679492657 35.7740921607384 35.6855741647574 35.8098839979905 35.7906608581543 35.5054670480581 35.0032131488507 34.5915031433105 34.138681265024 33.7028336158166 33.5656764690693 33.7883016146146 33.7893421466534 33.7964638930101 34.0265634976901 34.00060741718 34.0900840759277 33.7835573049692 33.7180158174955 33.3746569706843 32.9993974245512 32.7139386397142 32.0629678872915
-9999 -9999 -9999 -9999 -9999 -9999 -9999 -9999 -9999 -9999 -9999 19.9562008197491 -9999 -9999 -9999 -9999 -9999 -9999 -9999 -9999 -9999 26.3189214559702 27.1390471825233 27.6797633537879 28.502755678617 29.0496346400334 28.8571902055007 29.8696384429932 30.7056098351112 31.6182585496169 32.4157336308406 32.9841889601487 33.6099565946139 34.1190393888033 34.5059826190655 34.8647833604079 35.1560941842886 35.3384032616248 35.6955360999474 35.998351757343 36.0531771733211 35.887078505296 35.7387252220741 36.1961350074181 36.0091643700233 35.6823862515963 35.4693110539363 35.0946760911208 34.3891360943134 34.2460535489596 34.0773074810322 34.0066604614258 34.0086350074181 34.1518516540527 34.1836691636306 34.1104196401743 34.0327371450571 33.7818943903996 33.7661106403057 33.1502017974854 32.8466675098126 32.6931307866023 32.2467856773963
-9999 -9999 -9999 -9999 -9999 -9999 -9999 -9999 -9999 -9999 -9999 -9999 -9999 -9999 -9999 -9999 -9999 -9999 -9999 -9999 26.5348670666034 27.336313687838 28.1562643784743 28.8484988579383 29.148346387423 29.6321873298058 30.1841771052434 30.8774792597844 31.4794157468356 31.9650512108436 32.5841020437387 32.9304934281569 33.6131389324482 34.5865678053636 34.9677661015437 34.8615705049955 35.1512911869929 35.3234684283917 35.670282804049 36.472224015456 36.557312305157 36.4927485539363 36.423957824707 36.3380942711463 36.1898850661058 35.9578056335449 35.7699857858511 35.5687473003681 35.0610562838041 35.3593180729793 35.3697747450608 35.0116175138033 34.5540610093337 34.5965722891001 34.3730797400841 33.9330781789926 33.7123633164626 34.0046213590182 33.7289939293495 33.559497833252 33.2897124657264 32.866724894597 32.2049085176908
-9999 -9999 -9999 -9999 -9999 -9999 -9999 -9999 -9999 -9999 -9999 -9999 -9999 -9999 -9999 -9999 -9999 -9999 24.5049362182617 26.24065721952 27.8452833615817 28.935448719905 29.7360296982985 30.3425284165602 30.2398470365084 30.6331192896916 30.9779068873479 31.6391865656926 31.8421001434326 32.4804345644437 32.9319418393649 33.4081375415509 34.0071748586801 34.9430392338679 35.11180466872 34.9897208580604 35.1836908780611 35.3860676105206 35.6750910832332 36.4117079514724 36.5016764127291 36.6205825805664 36.6153361980732 36.5348921555739 36.4335825993465 36.2097655076247 36.1721379206731 36.1169779850886 36.2237331683819 36.5737536503718 36.6108430715708 36.0975673382099 35.506540445181 35.0401003910945 34.5148206857535 34.0379192645733 33.7878397428072 33.9421592125526 33.4464149475098 33.7108474144569 33.5396575927734 33.2102881211501 32.7494904444768
-9999 -9999 -9999 -9999 -9999 -9999 -9999 -9999 -9999 -9999 -9999 -9999 -9999 -9999 -9999 -9999 -9999 -9999 26.082330263578 27.3666767707238 28.679463166457 30.079490514902 31.083899131188 31.2298033787654 31.5272276951716 30.8898344773513 31.3178132864145 31.7877103365385 32.1586671975943 32.8325366973877 33.582883981558 34.506781064547 35.0596064054049 35.0391170795147 35.2046972421499 35.4760437011719 35.6053481468788 35.8996244577261 36.0981929485614 36.3291159409743 36.4728698730469 36.7254785391001 36.6847989008977 36.6611706660344 36.6120599599985 36.5540979825533 36.665595127986 36.9208541283241 37.0121304438664 36.9840859633226 36.928403707651 36.3352320744441 35.544861133282 35.0646661611704 34.3780227074256 33.5706798846905 33.0916258004995 33.452754680927 33.0135412949782 33.2036487872784 33.0691701448881 33.0114835592417 32.823582135714
-9999 -9999 -9999 -9999 -9999 -9999 -9999 -9999 -9999 -9999 -9999 -9999 -9999 -9999 -9999 -9999 26.0570605351375 26.7429745013897 27.5190171461839 28.5805980975811 29.5408571683444 30.5790136777438 31.5127966954158 31.8360148209792 32.1528506645789 31.6547411405123 31.9708813887376 32.4164732419528 32.8948745727539 33.7024512657752 34.6015331561749 34.9955614530123 35.3678489098182 35.2355924753042 35.2612113952637 35.5451701237605 35.7232349102314 35.8761746333196 36.0460753807655 36.342781653771 36.6668906578651 36.7143689669096 36.7662482628456 36.7358756432166 36.7197406475361 36.7753278292142 36.8051919203538 36.9918858454778 37.029176565317 36.9411480243389 36.7832588782677 36.2823213430551 35.4806618323693 35.0049614539513 33.9816301785983 33.3367450420673 32.7451104384202 32.5849694472093 32.6059784522423 32.3601841559777 32.056255193857 32.4426995790922 32.158294237577
-9999 -9999 -9999 -9999 -9999 -9999 -9999 -9999 -9999 -9999 -9999 -9999 -9999 -9999 -9999 -9999 26.7163615593543 27.6652717590332 28.4023952484131 29.0926245175875 29.8203182220459 30.8435145158034 31.4372496971717 32.0396509904128 32.4256945389968 32.3644104003906 32.5749859443078 32.9107096745418 33.158663382897 34.1377645639273 35.0260103665865 35.122609945444 35.4335658733661 35.3234681349534 35.4239833538349 35.660084944505 35.8387709397536 36.02116892888 36.022223839393 36.4326553344727 36.6427882267879 36.7237815856934 36.7310612018292 37.0498360853929 37.0104402395395 36.7802646343525 36.776132436899 36.6872596740723 36.7336349487305 36.5566030649038 36.4817962646484 35.5508804321289 34.3194289574256 33.1672788766714 32.9231605529785 33.230520101694 32.4372653961182 31.9836152883676 31.8155230008639 31.2496703221248 31.1211558121901 30.6469327486478 31.1777942364032
-9999 -9999 -9999 -9999 -9999 -9999 -9999 -9999 -9999 -9999 -9999 -9999 -9999 -9999 -9999 26.7747296553392 27.798757993258 28.8250739757831 29.4913743826059 29.9486329005315 30.4300564986009 31.3744082817665 32.1032330439641 32.5548929067758 32.8349346747765 33.2840747833252 33.4268470177284 33.2476049569937 33.5360817542443 34.3661463810847 35.2585645822378 35.332957634559 35.3994888892541 35.3796991201547 35.5618620652419 35.7698654761681 35.8632011413574 36.1147267268254 36.4156699547401 36.5347055288462 36.5674905043382 36.5922590402456 36.6994464580829 36.8788713308481 36.9377682025616 36.7395612276517 36.7055499737079 36.4171330378606 36.4542758648212 36.1659361032339 35.8438811668983 35.2977412297175 34.1774699871357 32.8445378817045 32.8322670276348 32.9969039330116 32.2921406672551 31.889310836792 31.7818716489352 31.2758406125582 31.0283062274639 30.1886526254507 30.6029340303861
-9999 -9999 -9999 -9999 -9999 -9999 -9999 -9999 -9999 -9999 -9999 -9999 -9999 -9999 -9999 27.6677874051608 28.5639859713041 29.3329522059514 29.978612606342 30.5899209242601 31.334393281203 32.1022189213679 32.6530839479887 33.038921209482 33.4429673414964 33.9140897897574 34.2068997896635 34.3083830613356 34.4907543475811 34.7317014840933 35.0635637136606 35.3617762052096 35.2742911118727 35.4156432518592 35.6073464613694 36.0107354384202 36.1333236694336 36.2341942420373 36.3311970050518 36.4205213693472 36.515858576848 36.4371748704177 36.5161936833308 36.5714296194223 36.5793700584998 36.62548828125 36.5521903404823 36.3288151667668 36.0945766155536 35.3988623985877 34.9092932481032 34.69421680157 33.8362171466534 33.0321338360126 33.1693652226375 31.3453025817871 30.8182795597957 31.3669216449444 31.3439166729267 30.9509046994723 30.8413143157959 30.8355630727915 30.7884032909687
-9999 -9999 -9999 -9999 -9999 -9999 -9999 -9999 -9999 -9999 -9999 -9999 -9999 -9999 27.4131620847262 28.2273405515231 29.0030853564923 29.7652096381554 30.4623157794659 31.2169670691857 32.0673189896804 32.638461626493 33.2188292283278 33.4787591787485 33.8776520949144 34.3102487417368 34.5668446467473 34.8224590008075 34.8902784494253 35.1053921626164 35.2077539884127 35.279287484976 35.3076010483962 35.5932725759653 35.9047288161058 35.9842318021334 36.0686624967135 36.1672656719501 36.218867962177 36.2867686931904 36.3147879380446 36.2537568899301 36.3507124093863 36.3454692547138 36.3607761676495 36.4558439988356 36.313671698937 36.010561136099 35.8958276601938 35.0426230797401 34.8033937307505 34.2479526813214 33.7311022831843 32.8057300861065 31.76987354572 30.7403683295617 30.3570955716647 31.2848344949576 31.0150346022386 30.8444879972018 30.8601791675274 30.8638528677133 30.8597080524151
-9999 -9999 -9999 -9999 -9999 -9999 -9999 -9999 -9999 -9999 -9999 -9999 -9999 27.2529663672814 27.7620198176457 28.5557161477896 29.5506841219389 30.2004302098201 31.1442360511193 31.897624529325 32.6197809072641 33.2054645831768 33.6199446458083 34.0023894676795 34.3619182293232 34.6217487041767 34.8189814640925 35.0264731187087 35.1793262775128 35.2101100041316 35.3000083336463 35.2539223891038 35.2962890038123 35.3914492680476 35.7099820650541 35.8838052016038 35.9735929048978 36.0207114586463 36.0739810650165 36.1145401000977 36.1117415794959 36.1284176753118 36.1304494417631 36.1373205918532 36.1486942584698 36.1323635394757 35.8426328805777 35.5526225750263 35.1631484398475 34.7134669377254 34.4123411912185 34.2458983201247 33.8480377197266 32.7124850933368 31.7912173637977 30.4806216313289 29.3903251061073 28.641942684467 29.215246787438 29.9946858332707 30.4444935138409 31.1946631211501 32.1069732079139
-9999 -9999 -9999 -9999 -9999 -9999 -9999 -9999 -9999 -9999 -9999 -9999 -9999 27.709799693181 28.0381990579458 28.9190199925349 29.8626226278452 30.7229725764348 31.7438407311073 32.5238632789025 33.067238000723 33.6515969496507 34.0298291719877 34.3743218642015 34.6571458669809 34.8374501741849 34.9901751004733 35.1425666809082 35.1416766826923 35.1266814011794 35.2026428809533 35.1569354717548 35.2395447951097 35.2711252065805 35.3785071739784 35.5464322016789 35.705865419828 35.863087287316 35.8133304302509 35.7817497253418 35.8774141164926 35.9073814978966 35.877989255465 35.9037965627817 35.9388081477239 35.7848058847281 35.4582475515512 35.2539666982797 34.7720243013822 34.2976358853854 34.061884366549 33.9959370539739 33.6102470984826 32.5577259063721 31.7281973912166 29.3347700559176 26.6864145719088 28.2389612931472 29.7375410520113 30.6726090357854 30.1214061150184 30.7047538757324 31.3721612783579
-9999 -9999 -9999 -9999 -9999 -9999 -9999 -9999 -9999 -9999 -9999 -9999 26.7365766671988 27.0507545471191 28.013111114502 28.861073420598 29.9486238039457 31.1077860318697 32.1480362231915 32.8726023160494 33.4125603895921 34.0027536245493 34.3362403282752 34.3269808842586 34.4151047926683 34.8997626671424 35.0317685053899 34.9753585228553 34.7911957960862 34.8920511099008 34.9371525691106 34.9730201134315 34.9730588472806 34.9957360487718 35.0221604567308 35.0265784630409 35.1192712050218 35.2510317288912 35.4162855881911 35.4437992389386 35.6439244196965 35.6786105816181 35.6107761676495 35.6714864877554 35.5329275864821 35.3804770249587 35.3666901221642 35.2925153879019 35.1416825514573 34.5308010394757 34.4451584449181 34.3018496586726 34.0964854313777 32.8789455707257 31.7427856738751 30.524603330172 29.7986888885498 29.7489735529973 31.1812943678636 31.6167448483981 30.918292265672 31.0040840735802 31.8862366309533
-9999 -9999 -9999 -9999 -9999 -9999 -9999 -9999 -9999 -9999 -9999 -9999 26.4558573502761 26.9174179664025 27.8030980917124 29.1220826369066 30.3536215562087 31.4153886941763 32.5198019467867 33.251220703125 33.6852038456843 33.8627501267653 34.0892533522386 34.2012513967661 34.256275177002 34.5167928842398 34.5837739797739 34.6779019282414 34.7213657085712 34.801389840933 34.8056426415077 34.7899143512432 34.7531031095065 34.8023461561937 34.7969442514273 34.7926266009991 34.9241291926457 35.263604090764 35.3022622328538 35.353456057035 35.4295246417706 35.486698444073 35.462515610915 35.2995338439941 34.9641841008113 35.0558586120605 35.0217516972468 34.993898831881 34.9423390902006 34.35496873122 34.2832010709322 34.1509704589844 34.0171227088341 33.0121480501615 31.9630129887508 31.0423016181359 30.6242282573993 30.9810669238751 31.7779483795166 31.9099589127761 31.6060075026292 31.2726085369404 31.5688175788293
-9999 -9999 -9999 -9999 -9999 -9999 -9999 -9999 -9999 -9999 -9999 25.4814265324519 26.2965978475717 26.9501828413743 28.3841331188495 29.8397350311279 31.0791818178617 32.0536813002366 33.0288352966309 33.1887051508977 33.8550605773926 34.0581442025992 34.2730935903696 34.3607573876014 34.513621697059 34.6313948998084 34.6997504601112 34.7335266700158 34.7826904883752 34.7675426189716 34.8049146212064 34.7674988966722 34.7366520808293 34.7212876539964 34.6847205528846 34.6973293011005 34.7043903057392 34.7126030555138 34.7857437133789 35.1632672823392 35.4055328369141 35.376532627986 35.2088910616361 35.1250396141639 34.6726901714618 34.2188509427584 34.1792133037861 34.1261878380409 34.0859979482797 33.9590838505672 33.9137579110953 33.6004204383263 33.5696551983173 32.8293286837064 32.4439138265756 32.3865109957181 32.3791514176589 32.0087027916541 32.6836016728328 32.5338007119986 32.5137797135573 32.4785189995399 32.0321686084454
-9999 -9999 -9999 -9999 -9999 -9999 -9999 -9999 -9999 -9999 -9999 25.5382911975567 26.2557861621563 27.3055638533372 28.7671093573937 30.1015843611497 31.4516912607046 32.3275256523719 33.1866912841797 33.2455306419959 34.0284910935622 34.1300421494704 34.3041616586538 34.3620681762695 34.5125503540039 34.633783193735 34.8557296166053 35.0001302865835 35.0514998802772 35.0598035959097 34.9702506432166 34.7208052415114 34.541436122014 34.626151745136 34.6257743835449 34.4773489145132 34.4982578571026 34.4996522756723 34.5186937772311 34.7841042738694 35.0855281536396 35.0983880849985 34.9108065091647 34.6464858421913 34.2878030630258 33.8375429006723 33.8183467571552 33.7669874338003 33.7606629591722 33.6718127910907 33.5737275343675 33.0949269808256 32.8449369577261 32.5400992173415 32.648139660175 32.5052403670091 32.5593396700346 32.6147616459773 32.2481481111967 32.5434147761418 32.7221506558932 32.4326911339393 32.2432413834792
-9999 -9999 -9999 -9999 -9999 -9999 -9999 -9999 -9999 -9999 -9999 -9999 26.3773835989145 27.6976340367244 29.0929528749906 30.59910935622 31.9454216590294 32.9320470369779 33.593379680927 33.4670859116774 33.7623757582444 34.1154048626239 34.2434824430026 34.3830146789551 34.4937198345478 34.4632600637583 34.9756986177885 35.3242354759803 35.3659169123723 35.349921299861 35.2055294330303 34.7121854928824 34.4415638263409 34.3776385967548 34.3391397916354 34.2819363520696 34.2793582035945 34.2699106656588 34.2247440631573 34.2351828355056 34.6741869999812 34.61474609375 34.5320733877329 34.1690494830792 33.8470297593337 33.4014053344727 33.2850585350623 33.2739601135254 33.1976374112643 32.7183538583609 32.7576402517465 32.529421879695 32.0874266991248 32.4712750361516 32.9147884662335 32.8769824688251 32.8896977351262 33.3030979449932 33.3453333928035 32.8913627037635 33.0296959510216 32.4720263847938 32.5596718421349
-9999 -9999 -9999 -9999 -9999 -9999 -9999 -9999 -9999 -9999 -9999 -9999 26.8438368577224 28.0025493915264 29.45394383944 31.0166461651142 32.3674238645113 33.3109371478741 33.7945101811336 33.644229888916 33.8006688631498 34.0856590270996 34.1659895089956 34.2425387455867 34.3051074101375 34.3949605501615 34.788930452787 35.0772737356333 35.1953192490798 35.1874688955454 35.0663067744328 34.9393871013935 34.7877373328576 34.7351041940542 34.651363666241 34.5837214543269 34.515498821552 34.4699293283316 34.239372253418 33.8891355074369 34.2347761300894 34.2967350299542 34.2619587824895 33.7416329017052 33.606935941256 33.1243579571064 33.0114822387695 32.5658859839806 32.1924611605131 31.9658206059383 32.017245219304 31.900565807636 31.8645437680758 32.7038257305439 32.8573455810547 33.1043574993427 32.8817596435547 33.266406426063 33.2560272216797 32.7592465327336 32.7588809086726 31.68380517226 31.485468350924
