rasters/bioclim/bio16.asc
NCOLS 720 
NROWS 300 
XLLCORNER -180 
YLLCORNER -60 
CELLSIZE 0.5 
NODATA_value -9999 
[rows 112 to 139 of 300, columns 315 to 377 of 720]
-9999 -9999 -9999 -9999 -9999 -9999 -9999 -9999 -9999 -9999 -9999 -9999 -9999 -9999 -9999 -9999 -9999 -9999 -9999 -9999 -9999 -9999 -9999 -9999 -9999 -9999 -9999 -9999 -9999 -9999 234.659505990835 247.721508319561 250.014212975135 251.702576857347 248.465970552885 216.328482994666 193.886635413537 191.013353787936 178.93844134991 168.39536344088 151.764981783353 140.73332625169 133.898876483624 125.072140620305 120.923511798565 119.351364722619 117.068380502554 117.722582890437 116.379642193134 111.787984407865 106.767439035269 99.672233581543 93.2750373253456 87.4616429255559 80.7722467275766 73.6295028099647 69.2550653310923 66.7550092843863 63.1433029174805 62.3662077096792 64.9562301635742 66.4176811805138 67.1926785982572
-9999 -9999 -9999 -9999 -9999 -9999 -9999 -9999 -9999 -9999 -9999 -9999 -9999 -9999 -9999 -9999 -9999 -9999 -9999 -9999 -9999 -9999 -9999 -9999 -9999 -9999 -9999 -9999 194.956102811373 207.221419114333 222.44321500338 234.535439124474 244.455611008864 255.61124596229 279.77642587515 223.532978938176 176.661337045523 166.886144784781 161.373335618239 153.865766085111 139.314482468825 123.410111060509 111.18379680927 102.782675523024 99.4651941152719 96.696904695951 101.020721435547 99.6710938673753 95.7150374192458 91.2680376493014 87.5248413085938 79.1073772723858 73.4249596228966 67.4987619840182 62.0929063650278 54.5672322786771 51.9830055236816 46.9041580787072 46.4753752488356 45.876886514517 50.3849088228666 51.3175488985502 51.8461963947003
-9999 -9999 -9999 -9999 -9999 -9999 -9999 -9999 -9999 -9999 -9999 -9999 -9999 -9999 -9999 -9999 -9999 -9999 -9999 -9999 -9999 -9999 -9999 -9999 -9999 -9999 -9999 172.895298884465 177.706584050105 187.65317594088 202.755466167743 214.28114436223 220.816903921274 232.869991595928 240.53389446552 203.745714627779 172.049902108999 159.724551861103 148.905474149264 132.868807279147 122.02960557204 107.349409836989 101.382448049692 89.9484411386343 81.0501157320463 79.2922768226037 79.501708984375 80.2161853496845 77.8223278339093 73.5231150113619 70.9396197979267 62.4677344102126 57.2331032386193 50.7357374338003 49.1530799865723 42.1937015240009 37.1052677447979 34.2999687194824 34.6991547804612 35.9022662823017 37.9614476423997 40.6718180729793 43.8127051133376
-9999 -9999 -9999 -9999 -9999 -9999 -9999 -9999 -9999 -9999 -9999 -9999 -9999 -9999 -9999 -9999 -9999 -9999 -9999 -9999 -9999 -9999 -9999 -9999 -9999 -9999 160.299895066481 159.668095515325 163.518380972055 171.495438795823 182.523649949294 189.281934298002 210.059258094201 238.711755605844 229.924258892353 204.703657883864 163.81007033128 138.79336313101 120.083661592924 105.304280207707 94.1773323645959 92.0372819166917 81.1006722083459 70.9329939622145 66.4862351050744 66.6106687692495 65.6249865018404 66.2820554879995 62.1989511343149 56.8106856712928 54.643434377817 50.1280265221229 42.9188819298377 40.1275796156663 36.3907954876239 34.6676516899696 31.8508014678955 27.3711713644174 27.1261429419884 29.6503752194918 30.7793451455923 34.7896806276762 36.9018504802997
-9999 -9999 -9999 -9999 -9999 -9999 -9999 -9999 -9999 -9999 -9999 -9999 -9999 -9999 -9999 -9999 -9999 -9999 -9999 -9999 -9999 -9999 -9999 -9999 -9999 -9999 148.138371394231 144.039274949294 147.424016512357 160.625903789814 179.157427274264 191.295981773963 218.330000657302 225.94223844088 185.541486299955 143.685290996845 128.050444382888 114.501311668983 100.543377802922 82.5391047551082 75.3986628605769 71.7112684983474 65.9021629920373 59.7138140751765 56.790416424091 56.5586145841158 52.8118629455566 45.8582766606257 44.3017346308782 42.395381634052 41.2905431894156 39.4081717271071 38.3196418468769 32.4802058293269 29.2363768357497 27.0618024972769 24.0144588763897 23.7046662844144 22.7443430973933 23.031887788039 25.0795719440167 26.9372215270996 31.105594928448
-9999 -9999 -9999 -9999 -9999 -9999 -9999 -9999 -9999 -9999 -9999 -9999 -9999 -9999 -9999 -9999 -9999 -9999 -9999 -9999 -9999 -9999 -9999 -9999 -9999 129.189277062049 145.390436612643 143.320726834811 147.360335129958 174.194926335261 166.629893376277 175.773115891677 163.775123009315 157.990370530349 126.355197026179 111.217214144193 104.073845496544 93.9463917658879 82.2991391695463 70.468751173753 62.7646193871131 59.8203095656175 52.68004490779 45.8520587040828 43.8859607989971 38.9037481454703 36.0068346170279 35.4940437903771 33.4542138026311 35.0607175093431 34.4141826629639 35.7394118675819 34.1417309687688 28.1564109508808 25.9940655048077 22.9705948462853 21.5878147712121 19.9583301544189 21.8415366686307 20.3737485592182 22.0528954725999 22.3245000105638 25.9148888221154
-9999 -9999 -9999 -9999 -9999 -9999 -9999 -9999 -9999 -9999 -9999 -9999 -9999 -9999 -9999 -9999 -9999 -9999 -9999 -9999 -9999 -9999 -9999 -9999 -9999 119.532611553486 133.288764953613 143.570806650015 125.855418865497 138.277826162485 108.875995929425 92.921265235314 104.156940753643 96.8971669123723 86.1493553748498 77.9743669950045 72.2909381573017 66.5429922250601 58.9119811424842 54.6014389624962 47.5772212101863 44.4378758943998 39.9225786649264 32.6016847170316 30.9884530580961 29.3397975334754 27.4111109513503 27.0616321563721 26.3997958256648 27.1425971984863 26.638463973999 26.9035695882944 25.8317224062406 23.4503395374005 23.408286021306 22.5616886432354 20.6766858467689 19.2811142114493 20.0452864720271 21.0073746167696 21.9844301663912 22.3424502886259 22.5668476544894
-9999 -9999 -9999 -9999 -9999 -9999 -9999 -9999 -9999 -9999 -9999 -9999 -9999 -9999 -9999 -9999 -9999 -9999 -9999 -9999 -9999 -9999 -9999 -9999 -9999 -9999 105.138907212477 110.618736853966 114.259612450233 112.612075805664 85.6030965951773 72.3002378023588 71.1042354290302 65.2607019864596 61.7195783761831 57.9792415912335 51.6318693894606 48.3060819185697 43.4623697721041 40.9093355032114 36.0454750061035 31.532629599938 27.8928658412053 26.3379950890174 24.9983852093036 25.119740999662 23.1682924123911 21.6376139567449 20.5469677998469 19.9037269445566 21.2425187917856 22.4849011347844 22.8138630206768 22.1277407866258 22.8167467850905 22.7338479849008 20.6495152986967 19.1876338812021 19.3722863564124 19.8146184774546 19.2730661538931 19.2096243638259 18.3933791380662
-9999 -9999 -9999 -9999 -9999 -9999 -9999 -9999 -9999 -9999 -9999 -9999 -9999 -9999 -9999 -9999 -9999 -9999 -9999 -9999 -9999 -9999 -9999 -9999 -9999 93.6573897141677 95.9756041306716 111.234496483436 86.2206602830153 73.7846069335938 64.2437529930702 56.7707751347468 52.5399533785306 49.0701364370493 45.6683748685397 42.968507033128 38.8927411299485 34.2523097991943 31.2576603522668 30.8570311619685 26.572960633498 23.124320103572 20.625721344581 21.6286332790668 20.5497542161208 18.5264444351196 19.3172495181744 19.8068447846633 19.0855106207041 19.0726036658654 18.8005506808941 18.9174920595609 19.4497827383188 20.2923593521118 21.2314080458421 21.7879544038039 20.5590564654424 19.2935360028194 18.0045054875887 17.4942159285912 17.7391306803777 17.9935750961304 16.9816267306988
-9999 -9999 -9999 -9999 -9999 -9999 -9999 -9999 -9999 -9999 -9999 -9999 -9999 -9999 -9999 -9999 -9999 -9999 -9999 -9999 -9999 -9999 -9999 -9999 77.3816390404334 83.1533432006836 82.1333219088041 69.1379450284518 58.9610748291016 53.1729120107797 47.8716844411997 44.7731822087215 41.2847433823806 38.1569262284499 34.3936634063721 31.2611707540659 28.3798395303579 25.4532425220196 24.3208109048697 22.861185000493 20.6335088289701 19.4916453728309 18.0121407875648 17.0131270335271 14.8403686743516 14.4361962171701 15.3524805582487 17.5028183643634 19.1429655735309 21.355868266179 22.65714770097 17.8858316861666 17.1019808329069 18.1355527364291 19.1637611022362 19.648706142719 19.3826217834766 19.6853826596187 18.187324157128 15.5977286192087 15.6762846799997 16.5660593326275 17.5167721968431
-9999 -9999 -9999 -9999 -9999 -9999 -9999 -9999 -9999 -9999 -9999 -9999 -9999 -9999 -9999 -9999 -9999 -9999 -9999 -9999 -9999 -9999 -9999 60.7969838655912 60.313893538255 63.4742728013259 56.2075359637921 52.7438574570876 48.2927530728854 42.1049924997183 39.1924885969896 34.6593617659349 31.955871288593 27.742244720459 25.4823898902306 23.0964747208815 20.1333158199604 18.1899293752817 17.2048949461717 16.9098986112154 15.7305498856765 14.8619222640991 14.5446874545171 13.6221943268409 13.3986359376174 13.9152779212365 15.8083394490756 17.4710637972905 19.5783813549922 22.5497737297645 23.790123792795 21.1272592544556 20.0813640447763 19.6108936163095 18.5682765520536 17.767706816013 17.2017699755155 17.5051504786198 16.7170270773081 16.1950282821288 15.8117686418387 14.2683825126061 16.46132007012
-9999 -9999 -9999 -9999 -9999 -9999 -9999 -9999 -9999 -9999 -9999 166.479036771334 -9999 -9999 -9999 -9999 -9999 -9999 -9999 -9999 -9999 50.7378648611215 52.1977163461538 50.5836844811073 49.6805000305176 46.470703125 43.8745049696702 40.1980763948881 39.2720143244817 34.3392498309796 32.6189136505127 28.0489501953125 24.7668542128343 21.899720118596 20.0838351616493 18.9861235985389 16.9932110126202 15.5335258337168 14.2408025814937 13.5441340299753 12.9706555513235 13.947696355673 14.5532488089341 13.9640067540682 14.0066051849952 14.4478569580958 15.5682391019968 17.5637420507578 20.8577605027419 22.9104736768282 23.9318027496338 22.7001153505765 21.5955188457782 19.348964874561 17.834045960353 16.2077909616324 15.5178995590944 15.6432588467231 15.3347575847919 16.130700129729 15.5308451469128 14.390143101032 15.2530760398278
-9999 -9999 -9999 -9999 -9999 -9999 -9999 -9999 -9999 -9999 -9999 -9999 -9999 -9999 -9999 -9999 -9999 -9999 -9999 -9999 40.2442999619704 43.141723045936 44.63232421875 43.2526333148663 39.4806046119103 38.8364727313702 37.2258827502911 34.0213284125695 29.6681506817157 29.9197066380427 29.2462096581092 26.4849587954008 24.1190371146569 21.1551585564247 18.0193336926974 17.1196926557101 15.9432524167574 14.8468424723699 13.317402106065 10.8512089986068 10.6098210628216 11.4291057770069 12.3468912931589 13.2828967571259 14.2757372581042 15.536640387315 17.267530477964 19.3833863185002 21.8759697400607 22.767414349776 23.2179332146278 22.7026724448571 22.5941359813397 20.5305697000944 18.7702077443783 18.1114802727332 16.1571590166826 13.9047931524423 13.0955124634963 12.8643720700191 13.53342797206 15.5054704913726 17.4989056587219
-9999 -9999 -9999 -9999 -9999 -9999 -9999 -9999 -9999 -9999 -9999 -9999 -9999 -9999 -9999 -9999 -9999 -9999 34.0314646500808 36.1987052330604 34.6860797588642 33.4923239487868 34.7266588944655 33.1296222393329 32.7177853217492 30.7480201721191 29.1399398216834 25.3045472365159 26.4479025327242 27.3191881913405 27.120596738962 24.7669461323665 21.6275694186871 20.1459001394419 18.6564142520611 17.1401725182166 15.9846166463999 15.127588052016 13.5234067623432 11.163132759241 10.8650364142198 11.639773772313 12.7300296930166 13.7807992146565 14.8782288111173 16.4381499748964 17.8672698094295 19.5356170397538 20.8984950872568 21.4180227426382 21.7728744653555 21.6445868015289 21.61832850713 20.5749063583521 19.6170043028318 18.4549913222973 16.261837546642 14.1864559100224 13.3384204644423 12.6417288413415 13.2529737399175 15.5239510902992 17.086348093473
-9999 -9999 -9999 -9999 -9999 -9999 -9999 -9999 -9999 -9999 -9999 -9999 -9999 -9999 -9999 -9999 -9999 -9999 27.0113111642691 26.1459573599008 25.8963461655837 26.7608409294715 27.8732321812556 27.2145236088679 26.4907075441801 29.4752679971548 27.5178202849168 27.448380616995 27.6869957263653 27.3917284745436 25.6690260080191 21.8637265425462 19.5751858491164 20.5574085529034 22.4762287139893 21.8447643426748 17.6084919342628 14.891665495359 14.3233766555786 14.1588332836445 14.1952880712656 14.3562091497275 14.7313645252815 15.6180498416607 17.0096802711487 17.8161702293616 17.8660740852356 18.085545026339 19.6158200777494 21.3852930985964 21.3615888540561 20.4209103951087 19.5985521399058 19.4100305346342 19.7581091844119 20.8541290943439 20.7711290946374 17.0931019232823 17.2121982024266 14.6150308755728 13.96174962704 13.6355382845952 13.8371477127075
-9999 -9999 -9999 -9999 -9999 -9999 -9999 -9999 -9999 -9999 -9999 -9999 -9999 -9999 -9999 -9999 26.2574109297532 24.5155387291541 21.4232303179227 23.5084118476281 23.0264305701623 23.5690096341647 24.6572431417612 24.36969434298 24.7031160501333 27.0871244577261 28.1561267559345 27.2711219054002 26.6169267801138 24.1331139344435 22.8487074925349 20.4657220106858 18.8930024367112 19.7880168327918 21.5522746306199 20.9910197624793 17.8503588162936 15.4616869229537 14.9171789792868 14.5869100964986 14.6363421586844 15.0334941057058 15.5182480078477 16.0292115945082 16.9278919146611 17.7901234259972 18.8718301332914 19.823310485253 20.2885598402757 20.4035255725567 20.7128790341891 21.823741546044 22.4814710662915 21.4839602983915 21.3868261850797 21.5347639964177 23.5369157057542 22.6421581781827 20.053008886484 22.6362711833074 22.4480394583482 17.9993074857272 17.5596159054683
-9999 -9999 -9999 -9999 -9999 -9999 -9999 -9999 -9999 -9999 -9999 -9999 -9999 -9999 -9999 -9999 23.1143917670617 21.2432804107666 19.1810737022987 20.4521515186016 26.0070253518912 27.1352908794697 28.9028678307166 27.9622829143818 25.9701812450702 26.8909492492676 27.8256271068866 28.0051247523381 25.5554150067843 21.8728271631094 20.558268400339 19.9165425300598 19.3792043832632 19.5773595663217 20.3976030349731 19.9620608549852 18.0774196478037 16.4316780016972 15.6617547732133 15.2464157984807 15.3380754177387 15.6069256342374 16.0404058969938 16.3722924452562 16.9040411068843 18.0409639798678 20.2510755245502 21.9965664056631 21.4254501782931 19.9581599602332 20.6053851200984 24.1193859806428 27.9813427191514 29.3287522609417 25.6623687744141 22.1070672365335 25.073580961961 26.8010961826031 26.6625099182129 30.9765732104962 33.2616753211388 35.7496622525729 26.6375067784236
-9999 -9999 -9999 -9999 -9999 -9999 -9999 -9999 -9999 -9999 -9999 -9999 -9999 -9999 -9999 23.256327849168 20.9287895789513 18.823120704064 20.1310575925387 24.8405313491821 31.2564537341778 34.2186597677378 32.7965522179237 29.4845506961529 27.7571406731239 26.2428917518029 26.8722796806922 27.8818121690017 25.9310185359075 22.8787578802842 21.8168682685265 20.3612882173978 19.5907264122596 19.8332644242507 20.8829551843496 20.6565116002009 18.8840412359971 17.5325071628277 16.8873838644761 16.3426715777471 16.2241525650024 16.7736902970534 17.4332035138057 17.882869390341 18.5736835553096 19.6641700451191 21.2908723537738 22.7094028179462 23.2124612514789 23.4954663056594 24.3788611338689 26.8116031793448 29.0111224743036 30.1061338644761 25.9778475761414 23.6086820455698 26.7256018932049 27.5683986223661 27.002933538877 30.2591328987708 30.7368624760554 39.2311540750357 34.486846777109
-9999 -9999 -9999 -9999 -9999 -9999 -9999 -9999 -9999 -9999 -9999 -9999 -9999 -9999 -9999 19.5669692112849 19.1816536830022 21.18555861253 25.8396106133094 29.5488495459923 33.5281950143667 33.8011863415058 32.3630690941444 30.5020008087158 27.1941243685209 24.9740191239577 23.9326975162213 24.4715234316312 23.0312217565683 22.3544041193449 21.813531435453 21.3210510107187 20.9161942555354 20.6795418812678 21.0604821351858 20.816328232105 19.8073312319242 19.0423015814561 18.4724761522733 17.9046514951266 17.7563770367549 18.2468945796673 18.8560766073374 19.2361282201914 20.0795944654025 21.0151790472177 22.6937485291408 23.6183931644146 24.5557773388349 26.3562505428608 26.9898940508182 28.1207225322723 30.0321350097656 29.7292149617122 26.3174170301511 35.5160928872915 35.5801661564754 29.3427278078519 29.3508245761578 32.0080380806556 32.6725763174204 32.3505879915678 32.0761523613563
-9999 -9999 -9999 -9999 -9999 -9999 -9999 -9999 -9999 -9999 -9999 -9999 -9999 -9999 22.179310798645 19.8461454098041 22.7212013831505 26.8310341468224 30.680547274076 33.1754464369554 35.2141447800856 34.4465384850135 32.3840003380409 31.3935232896071 27.3191528320312 24.5994140184843 21.960990685683 20.5030131706825 20.368604183197 21.1189021330613 21.9182247381944 22.9873266953688 23.6118910129254 22.6060799818773 21.2943054345938 20.8918113708496 21.1810712080735 21.3304591545692 20.7331771850586 20.1072547619159 20.1369248536917 20.437708561237 20.8872289657593 21.6950849019564 22.0297264089951 22.5268080005279 23.8483043817373 24.3419347176185 25.4183455338845 27.8902907921718 27.9894541960496 27.8661988698519 29.9976541812603 33.5713495841393 37.9995086376484 42.2163782853347 36.9744019141564 25.8341272060688 29.6250853905311 33.669059239901 32.1907390447763 28.6487263899583 28.9196186065674
-9999 -9999 -9999 -9999 -9999 -9999 -9999 -9999 -9999 -9999 -9999 -9999 -9999 24.5110894716703 24.4392556410569 24.0573762746958 28.2890305152306 34.0960140228271 38.0973528348483 40.3340851710393 39.3052643996019 37.4286905435415 33.1751070022583 29.2955621572641 26.0541880680965 22.8375446613018 20.7959312292246 18.5907104565547 19.1192362125103 20.5480323204627 21.5296421784621 22.3448956562923 22.5885444054237 21.9582126323993 21.5069589614868 21.4458578549899 21.414393901825 21.3952107062707 21.5337805747986 22.2228648845966 23.640025468973 23.9812806936411 24.9527248235849 23.7634965089651 23.2584363130423 23.4558726457449 24.9022583594689 27.3466245944683 29.6229850328886 31.1550118739788 30.7093957387484 30.0645007353563 28.339061150184 31.4073790036715 33.7436647781959 40.9860277909499 43.9044076479398 49.8963508605957 43.8208484649658 37.8466591468224 33.5452610896184 26.6165770750779 18.829374221655
-9999 -9999 -9999 -9999 -9999 -9999 -9999 -9999 -9999 -9999 -9999 -9999 -9999 25.6813548895029 26.8648957472581 28.4593092845036 34.1187104445237 41.7930030822754 45.9456473130446 46.9165806403527 43.7583222022423 39.9341368308434 36.8238575275128 30.6252770057091 24.4222373228807 21.9097284903893 19.2810756243192 18.3247924217811 18.3847631674546 20.0607295403114 20.8359106504 20.7916301580576 20.5649382517888 20.9796143311721 21.9917507171631 22.3598177983211 21.5088054216825 21.9535153462337 23.101882311014 26.2487980035635 26.9945242221539 28.0153169631958 27.5159514500545 26.8009268687322 25.5522188039926 27.6217120977548 28.1243117405818 30.445824769827 33.7853098649245 36.9788656234741 36.0683437494131 31.994532585144 28.667038330665 31.2651990743784 30.1196139408992 41.9638855273907 71.1210315410907 57.9677393986629 43.392603800847 32.9576490842379 38.0055235349215 30.7507070394663 23.6921017720149
-9999 -9999 -9999 -9999 -9999 -9999 -9999 -9999 -9999 -9999 -9999 -9999 27.012382213886 28.3779122279241 28.641549037053 33.0554516865657 39.3946681389442 45.5057807335487 49.5202933091384 53.6135123326228 47.1981635460487 38.8072841350849 33.6171084917509 30.1643544710599 26.6373733373789 22.5188093185425 20.5983080497155 19.9318739817693 20.5397646977351 20.7468423109788 20.2334855886606 19.4700414951031 20.2991620577299 22.0660134095412 24.5530763039222 26.225462106558 24.9132016988901 24.1505236258874 25.2440556012667 27.1923589706421 29.0343596385075 29.3994147227361 29.4109550622793 32.0338271214412 32.081787109375 34.5615516809317 34.7699749286358 36.3527215810922 37.1799311271081 40.5080546599168 38.9234632345346 33.5012405835665 27.8911184530992 32.2015984608577 33.380743760329 40.1130403371958 48.2535015986516 54.6479207552396 40.7516954862154 33.1156235474807 34.2537831526536 30.3893563930805 21.7604643748357
-9999 -9999 -9999 -9999 -9999 -9999 -9999 -9999 -9999 -9999 -9999 -9999 27.8675629542424 30.7841471892137 34.7236691988431 38.1809270565326 44.9723384563739 53.3193695361798 53.9987181149996 52.119410441472 49.7618604806753 43.7901464608999 38.921933394212 34.1644773483276 31.4601154327393 27.1800889235276 25.0810379615197 23.2913376001211 22.5533271202674 23.147944010221 22.250862635099 21.8452688363882 20.9102380459125 23.5152633373554 25.6361766961905 27.5059060316819 26.3005895614624 27.2682297779964 26.8138372714703 28.6609935026902 28.9342936002291 30.6527409920326 30.9243057691134 33.3630471596351 37.8888403085562 39.7964131281926 42.2385157071627 43.3509125342736 42.0661690051739 45.9764822446383 43.1857308607835 37.9794531602126 32.9291387704703 36.1117720970741 38.0637227571928 43.1192164054284 49.2818998923669 49.873682315533 40.3000640502343 32.0821736775912 31.5351483271672 31.142967077402 25.7852848493136
-9999 -9999 -9999 -9999 -9999 -9999 -9999 -9999 -9999 -9999 -9999 32.9185011937068 32.6103051992563 38.9680909376878 41.7230653762817 47.6633755610539 54.7524681091309 62.2302378140963 60.0896537487323 59.425525371845 53.8508437230037 50.7859347416804 48.2317500481239 40.0768124507024 35.6771636376014 31.5461679605337 29.8139535463773 26.5151557188768 26.1423110961914 24.9874371381906 24.9980172377366 25.2695893507737 25.15275148245 25.2453423279982 25.424276645367 27.4280470334567 29.4489031571608 30.7738080391517 31.92042358105 30.1239136915941 30.5710790340717 30.383870785053 32.5490911923922 35.4239135888907 39.9374467409574 46.9683245145358 52.9811543684739 55.2168922424316 52.8557426746075 50.0879783630371 47.1119584303636 45.58790236253 40.9693151620718 41.7014472667988 43.1580357184777 40.5039486518273 38.3883092586811 40.7751469978919 32.8403985683735 30.5436229705811 28.2058000197777 26.1823999331548 26.2364808596097
-9999 -9999 -9999 -9999 -9999 -9999 -9999 -9999 -9999 -9999 -9999 36.9559731116662 38.0416162197406 44.5966336176946 51.756222651555 54.4052596459022 59.5026567899264 66.1073674422044 66.4316049722525 68.2488142160269 59.4975982079139 55.9823243067815 53.7675754840557 45.8452434539795 39.8108919583834 34.3538711988009 33.0658740997314 31.2325079991267 29.2856955895057 28.5731943570651 28.5979265066294 29.0228743186364 29.4443712234497 29.4269951306857 28.641366151663 29.7557994402372 32.3355734898494 33.7816404195932 35.7974148530227 35.852349281311 36.6241237200223 35.9615971491887 39.7538955395038 44.6930632958045 49.9889985598051 57.4107445936937 61.8007786090557 62.5402054419884 61.1463088989258 56.4230195558988 54.1807865729699 57.8771699758676 58.8219821636493 55.9216158940242 53.2789004399226 50.8036035391001 46.9222962306096 45.0203857421875 42.10814842811 36.9224246832041 33.0244073134202 29.3399066925049 26.6993502836961
-9999 -9999 -9999 -9999 -9999 -9999 -9999 -9999 -9999 -9999 -9999 -9999 47.1664767632118 51.91906444843 57.5412722367507 61.3467851785513 64.5789592449482 69.3193168640137 74.5678570087139 76.984189253587 70.9588728684645 64.0941628676194 58.6718573937049 51.7518847538875 45.8264832129845 43.3447672036978 38.5161768106314 35.0125211568979 32.55608690702 31.4872135015634 31.334114588224 34.9541870997502 35.9044921581562 35.8475250831017 35.1697835188646 35.8977702214168 36.4046142284687 39.184071467473 41.11770263085 44.6578954549936 45.6642162616436 47.9590869316688 50.8396833859957 55.7400134159968 62.7941888662485 69.6114827669584 74.3839310866136 73.1535518352802 70.4730782142052 73.0623573890099 70.7793684739333 73.9551121638371 78.3587399996244 70.5659772432767 63.3128518324632 58.1812281975379 56.4590188539945 51.2172222137451 47.485566506019 45.0557397695688 39.7026816148024 33.8346859124991 28.9076466927162
-9999 -9999 -9999 -9999 -9999 -9999 -9999 -9999 -9999 -9999 -9999 -9999 53.4078219487117 61.9443021921011 66.5608359116774 73.7337573124812 77.39013671875 77.8856430053711 84.4048637977013 90.1837918208196 85.2241181593675 77.2856231102577 70.1081143892728 62.9273939866286 58.1994118323693 53.6389163090632 49.9203150822566 44.4383917588454 43.2805579258845 39.9144449967604 39.8663060114934 40.6216074136587 44.6279207376333 43.3410333486704 44.7437597421499 44.5163728273832 42.7609597719633 44.2366036635179 49.1628645383395 58.4695487389198 56.6862344008226 60.2831177344689 62.3161926269531 65.5521742013784 69.2142724257249 76.2975798386794 81.3056646493765 86.5290530278132 88.7733858548678 92.4058553255521 91.1868603046124 90.0540287311261 87.3557214003343 79.2051544189453 72.6101948664739 67.050901559683 65.0403028634878 59.9748989985539 56.8021893134484 56.0051919496976 51.6576457390418 52.1434648953951 46.6798801422119
