rasters/bioclim/bio18.asc
NCOLS 720 
NROWS 300 
XLLCORNER -180 
YLLCORNER -60 
CELLSIZE 0.5 
NODATA_value -9999 
[rows 112 to 139 of 300, columns 126 to 188 of 720]
37.3951869377723 18.6808476081261 26.6029557448167 29.9760098090539 29.1339552952693 37.8869625971868 57.3529419532189 87.076162484976 92.2701322115385 90.3412592961238 122.224405728854 152.817206749549 176.76695720966 171.230878389799 190.435810969426 208.252248910757 182.383280827449 170.294525146484 162.702144916241 134.993745657114 110.36241032527 116.452953632061 154.038476797251 163.962922316331 130.106705298791 138.49429497352 162.624889080341 173.762248112605 165.650524432843 161.963388296274 160.907468355619 157.18734565148 163.099660433256 174.763149554913 172.399673461914 165.443773709811 170.438720703125 172.097021249624 164.660220219539 179.885408841647 181.154187715971 188.96348454402 194.699430025541 205.880995530349 214.374690129207 229.98893737793 238.786342914288 239.193630511944 233.359977135291 233.018342238206 218.960583026593 203.124260535607 207.169347909781 217.856546255258 221.142086322491 237.943298339844 247.429243821364 242.500622089093 243.245333158053 255.193283081055 266.046027550331 286.168996957632 303.0302734375
33.4479522705078 20.3173527350793 14.1612325081458 23.1615531627948 30.1142256810115 44.2116344158466 48.3421522287222 57.5769189687876 93.5348575298603 93.2088752159706 98.2635627159706 127.118959867037 174.169987605168 139.124654916617 155.578204815204 171.678416325496 182.086635883038 187.277681790865 170.671513484075 109.099547166091 118.540397057166 103.754084660457 198.156955425556 177.481420663687 129.332322927622 132.19256063608 149.961476252629 158.615794255183 159.841448270358 153.22675206111 143.791932912973 140.517323420598 147.386651846079 158.211186335637 159.566856971154 158.097780667819 154.814788818359 161.044384883 164.435848529522 164.845306396484 164.717061556303 170.96578333928 185.507872361403 198.708517221304 207.376393244817 222.026836688702 235.270857590895 237.81697669396 235.092306283804 229.711362398588 215.289766751803 206.201330331656 202.097122192383 216.519051185021 231.955159113957 253.235036996695 268.798359797551 263.105378371019 259.82213299091 280.035659790039 280.106239905724 284.056304931641 299.74004305326
18.3643930875338 30.0673261789175 22.5884328988882 17.139503625723 22.4601531395545 36.0507926940918 45.682002727802 55.3292280343863 73.8185248741737 92.2016014685998 96.6773646428035 109.403827373798 166.123323880709 168.169722336989 124.333488464355 114.431183448205 136.486696683444 151.100707420936 128.204503572904 88.6898921086238 119.304213303786 100.405207707332 195.143193171575 168.921288123498 125.449890723595 109.052489647499 129.036039499136 136.554254385141 137.164522611178 129.965465839093 127.835230900691 133.983478252704 140.172644395095 145.585843012883 150.25244140625 142.348409799429 146.277349618765 146.452332716722 156.473220825195 149.035314119779 150.631974440355 154.798840449407 171.664795508751 181.284244243915 198.433633657602 205.558958787185 222.890040471004 228.786160982572 224.450893695538 232.485058124249 223.840918907752 219.016026423528 220.722685593825 223.451711801382 242.047169612004 269.855714064378 264.151728703425 258.398787278395 266.694704495943 259.506098820613 248.326657808744 258.345563448392 275.825420673077
13.3684417284452 49.51477931096 28.3530015211839 21.6184511918288 24.837581047645 36.4591821523813 51.5801808283879 66.8134269714355 88.8371047973633 107.449010995718 130.744165273813 142.895537156325 163.181662926307 174.266659076397 142.032212477464 118.944074777456 110.460626455454 106.7432714609 100.626007080078 104.976084195651 113.259975139911 115.478938762958 112.104537963867 130.360044039213 138.990107609675 112.1805466872 118.457332904522 127.917418259841 122.576251103328 117.998389610877 117.741711543157 122.904622004582 127.660016573392 137.254101679875 139.090697655311 137.706833472619 133.533061687763 139.721187884991 127.586072481596 125.514043074388 124.638644878681 132.746781275823 153.402852571928 164.142829308143 188.843159015362 205.843705397386 216.089943519005 226.691241924579 229.286580012395 233.859319833609 227.458428016076 214.809792151818 218.693939208984 249.651981060322 278.708656897912 275.862242478591 268.110795241136 285.723056499775 280.268081665039 262.290494478666 237.701370239258 258.884654118465 285.865748478816
-9999 40.3336111215445 60.2729465778057 21.0380872579721 16.9039614017193 31.825274687547 44.6736059922438 77.942385160006 107.521067105807 140.346838144156 197.298203688401 217.259415846605 207.996520996094 184.479687030499 170.53259746845 172.178601778471 144.757360018217 118.445514385517 94.0435444758489 85.1772930438702 85.4165373582106 82.1244418804462 113.866365872897 109.511417682354 136.683743403508 125.162365840032 120.462199871357 119.412696838379 117.075626666729 106.984356219952 114.021826524001 118.083084106445 114.722646273099 120.790936396672 126.525120074932 121.316556490385 113.212346883921 114.866342984713 107.86111508883 105.681502709022 118.701604696421 140.454503572904 155.875719510592 171.677964430589 193.410457904522 206.695691622221 223.770037137545 237.345190194937 248.986934955303 255.270855243389 246.946567241962 228.112138014573 248.265156672551 278.608954796424 293.166291456956 282.603463979868 285.816170325646 310.489811823918 299.20261324369 294.155342688927 287.930537297175 293.548957237831 311.756019005409
-9999 21.6533244206355 62.9330514761118 37.9636030930739 -9999 -9999 -9999 59.0155833317683 96.1981788048377 167.952939547025 211.315908578726 259.641371506911 249.027549156776 233.752367459811 212.711417564979 190.937400230995 181.371632502629 134.504541837252 103.238474332369 83.4349112877479 84.4084055973933 91.6892887995793 103.959831237793 135.794971172626 133.838289701022 142.333239628718 122.116088867188 110.516050485464 108.290677584135 104.631817744328 98.9224876990685 106.107350862943 102.782849238469 108.756188025841 117.658684950608 113.240292769212 106.147132580097 100.458640758808 93.4794150865995 104.202483837421 118.493247839121 140.807849590595 160.859203045185 183.048596895658 207.448392427885 234.051135723407 246.146060650165 258.026303804838 277.672147310697 272.071587195763 268.87048457219 281.473744319035 299.71873826247 325.363980806791 321.558435293344 290.859593318059 311.268959632287 326.295031034029 324.736143845778 319.566009521484 322.897406944862 327.458787184495 338.16727740948
-9999 -9999 43.2849482022799 77.730354309082 24.135950088501 -9999 -9999 -9999 90.0105802095853 140.571471581092 200.260083712064 245.914867694561 277.505826509916 262.031461275541 248.934550358699 209.775752140925 220.239478478065 176.559478759766 138.289813115047 105.07381439209 98.0341937725361 108.126717200646 129.176040649414 123.910123971792 142.840102562538 175.967185387245 166.066579965445 131.664455707257 114.816863426795 103.542505411001 96.6604162362906 97.3464188208947 102.493442828839 110.791064629188 116.534827012282 114.529251978948 107.988856682411 107.594621951763 103.54653945336 99.2611024929927 100.503271708122 133.020445016714 160.016265869141 192.758736243615 224.218469473032 261.948664738582 272.700150709886 285.03976557805 301.428290733924 301.022409292368 303.61054288424 327.166644756611 335.777886023888 353.916438176082 356.54043344351 320.243443415715 322.572805551382 337.669028648963 348.109833937425 338.800146249624 342.339287391076 360.539148183969 359.092479999249
-9999 -9999 23.3349960767306 46.6480533893292 30.3576544248141 -9999 -9999 -9999 88.9501612736629 143.809234032264 197.378693800706 238.493610088642 287.667858417218 285.353541447566 275.573296180138 274.330282358023 270.378351064829 247.296520526593 169.781366201547 140.891692528358 127.907032306378 132.957300626315 130.699397160457 134.992330697867 147.059265136719 170.253381582407 174.239097595215 157.599635197566 144.326534564678 112.525164677547 100.258136749268 103.999132009653 97.5390425461989 95.2669196495643 96.8389830956092 98.342413682204 115.832119428194 115.442945627066 108.853689193726 108.695309272179 120.936629955585 137.168864616981 162.389610290527 195.894612825834 257.961041964017 280.121240469126 285.826505220853 293.483796339769 319.801317655123 344.87354689378 368.143334021935 373.492121769832 346.086834247296 326.384904127855 313.3857421875 -9999 -9999 -9999 -9999 -9999 -9999 -9999 331.666149432843
-9999 -9999 -9999 31.4070078042837 27.2715110778809 19.4629421234131 -9999 -9999 -9999 110.613033001239 169.957392765925 189.893262423002 271.097180880033 281.559136023888 302.624983567458 313.107485257662 348.41355074369 330.457096980168 259.188728919396 200.601655226487 189.203916109525 170.53258220966 141.06633406419 155.735289940467 119.547188978929 130.248783405011 139.13533782959 125.030121436486 121.765711857722 110.086114443265 99.1883418743427 95.9791415287898 91.3354565547063 83.5184851426345 85.7091827392578 91.3538586543157 119.047858605018 118.770043739906 109.679119550265 117.893463721642 134.350585057185 149.316634838398 167.784831707294 182.222066439115 225.933317918044 269.91930095966 -9999 -9999 347.855100191557 -9999 436.520690917969 411.285475510817 383.847977858323 334.633920522837 324.749969482422 319.076743492713 -9999 -9999 -9999 -9999 -9999 -9999 -9999
-9999 -9999 -9999 -9999 32.2280962283795 40.4769137455867 37.8210408137395 72.7821966317984 -9999 95.2222407414363 120.506828308105 180.014951265775 253.21860562838 305.222783015325 339.785322922927 388.345592792218 407.23091008113 370.430894118089 298.048411442683 242.757034301758 180.086958665114 115.359012897198 137.22174013578 132.217422485352 119.45997443566 134.56335566594 125.886177649865 120.610154958872 118.415950775146 120.620137141301 101.037236140325 95.1698941450853 86.3274782620943 84.8388627859262 82.8273735046387 86.7313299912673 105.231097294734 117.998003152701 117.525531475361 127.181317256047 130.198897581834 147.891241220328 161.4966407189 178.71035355788 -9999 -9999 -9999 -9999 -9999 -9999 -9999 -9999 -9999 -9999 -9999 -9999 -9999 -9999 -9999 -9999 -9999 -9999 -9999
-9999 -9999 -9999 -9999 -9999 21.0263550831721 54.9585213294396 37.1890002030593 -9999 -9999 104.260154137245 144.451001680814 248.749740600586 330.360748291016 386.146604097807 458.433096078726 501.04007427509 433.281942514273 314.935123150165 263.040103618915 259.35768362192 249.191218449519 168.597219027006 144.610443702111 139.765866206242 150.963762723483 149.138965900128 124.202703035795 126.601334791917 120.845249762902 102.546593299279 89.9306309039776 89.0382526104267 91.4173947847807 94.313358600323 109.019838479849 117.866896996131 121.635156191312 118.546192756066 135.189799382136 142.969339810885 141.601899660551 158.475094428429 -9999 -9999 -9999 -9999 -9999 -9999 -9999 -9999 -9999 -9999 -9999 -9999 -9999 -9999 -9999 -9999 -9999 -9999 -9999 -9999
-9999 -9999 -9999 15.2002136523907 -9999 -9999 38.320118537316 50.75377537654 -9999 -9999 -9999 137.992513803335 211.544397207407 303.17721088116 384.389223538912 472.188873291016 631.147977388822 574.808598445012 413.611121544471 297.40126154973 258.818581214318 237.369495098407 177.4601757343 158.046999417819 154.98098050631 148.182012704703 137.102404667781 120.511330237755 110.516788482666 111.214549724872 81.089419731727 82.1289317791279 73.9566575563871 79.0304069519043 94.4345887991098 104.759787632869 116.18853701078 124.300625727727 121.430665529691 127.736097922692 -9999 -9999 -9999 -9999 -9999 -9999 -9999 -9999 -9999 -9999 -9999 -9999 -9999 -9999 -9999 -9999 -9999 -9999 -9999 -9999 -9999 -9999 -9999
-9999 -9999 -9999 -9999 22.2940780933087 17.4531547106229 20.6984754709097 42.9543066758376 56.130374615009 -9999 -9999 -9999 -9999 257.102416992188 336.598449707031 418.931985708383 518.156792273888 496.548065185547 400.589184100811 313.231776310847 277.025835477389 246.241142859826 202.5999415471 176.023011427659 162.142022352952 146.119638883151 125.807633033166 98.7711632068341 88.5509006793682 79.4334253164438 72.9643908280593 78.833691230187 67.9386521119338 61.6294605548565 68.3681088227492 75.3198258326604 88.7395034203163 117.379728610699 154.654415717492 -9999 -9999 -9999 -9999 -9999 -9999 -9999 -9999 -9999 -9999 -9999 -9999 -9999 -9999 -9999 -9999 -9999 -9999 -9999 -9999 -9999 -9999 -9999 -9999
-9999 -9999 -9999 -9999 -9999 20.5470286149245 24.8958460734441 37.8034145648663 87.7839678250826 78.2138428321252 -9999 -9999 -9999 181.339840228741 262.120748666617 381.253805307242 506.777921236478 471.29014470027 444.379321758564 369.288665771484 338.562269944411 280.992534930889 241.354710505559 198.419815063477 170.520778949444 151.78306051401 117.085752633902 87.9142464857835 81.2079200744629 62.2623216188871 64.5526728996864 74.0874333014855 71.7400349103487 82.7032395876371 66.3952424709613 69.6901600911067 79.3713903793922 120.444100306584 147.605238254254 -9999 -9999 -9999 -9999 -9999 -9999 -9999 -9999 -9999 -9999 -9999 -9999 -9999 -9999 -9999 -9999 -9999 -9999 -9999 -9999 -9999 -9999 -9999 -9999
-9999 -9999 -9999 -9999 -9999 -9999 -9999 -9999 71.0405252896822 145.059292719914 108.816958794227 -9999 -9999 -9999 -9999 333.10948063777 436.61757014348 511.578333928035 524.838745117188 518.723407451923 446.422954852764 349.950444148137 301.161353478065 234.785961444561 180.098207913912 139.994522681603 114.787340017465 94.7635063758263 84.9365150745098 73.0371768657978 74.5908767993634 84.6560649871826 94.001823425293 96.4424620408278 84.2872097308819 90.3285025083102 89.5029624792246 109.490035222127 127.196535513951 -9999 -9999 -9999 -9999 -9999 -9999 -9999 -9999 -9999 -9999 -9999 -9999 -9999 -9999 -9999 -9999 -9999 -9999 -9999 -9999 -9999 -9999 -9999 -9999
-9999 -9999 -9999 -9999 -9999 -9999 -9999 -9999 -9999 66.6598790975717 136.475554833045 -9999 -9999 -9999 -9999 257.558930617112 370.413048377404 540.812577467698 579.148498535156 557.151543250451 537.723060021034 418.565061129057 297.593803992638 254.807779165415 202.402996356671 145.419455895057 112.612711392916 94.0810626103328 85.8562974196214 100.93521969135 94.8487886282114 69.1986355414757 74.5178943047157 110.164355644813 115.241102658785 105.335534315843 94.5851199810322 88.7372329418476 119.00826043349 -9999 -9999 -9999 -9999 -9999 -9999 -9999 -9999 -9999 -9999 -9999 -9999 -9999 -9999 -9999 -9999 -9999 -9999 -9999 -9999 -9999 -9999 -9999 -9999
-9999 -9999 -9999 -9999 -9999 -9999 -9999 -9999 -9999 -9999 91.8121748704177 165.096428504357 -9999 -9999 -9999 192.808194673978 321.063931978666 426.581916222206 608.428713285006 588.340026855469 570.472895695613 440.436232346755 313.234346829928 252.30386704665 220.45969919058 160.56009556697 121.819616464468 85.0349382253794 88.5721632150503 119.518141526442 117.245019179124 79.0691120441143 52.503170802043 142.585921947773 141.632666074313 126.952960968018 104.830652383658 103.041122399844 126.989369062277 137.921682825455 -9999 -9999 -9999 -9999 -9999 -9999 -9999 -9999 -9999 -9999 -9999 -9999 -9999 -9999 -9999 -9999 -9999 -9999 -9999 -9999 -9999 -9999 -9999
-9999 -9999 -9999 -9999 -9999 -9999 -9999 -9999 -9999 -9999 68.3426138070913 166.628221365122 -9999 -9999 -9999 -9999 -9999 332.096862792969 494.654637263371 595.985224797176 610.881732647236 523.344158466046 383.473358154297 277.593076265775 247.115555983323 189.843967144306 146.134080740122 111.558286813589 94.1805223318247 143.986551138071 159.379481975849 139.446559612568 133.943016345684 111.92045710637 163.040171109713 134.408503018893 108.918835273156 115.166432747474 134.512982955346 -9999 -9999 -9999 -9999 -9999 -9999 -9999 -9999 -9999 -9999 -9999 -9999 -9999 -9999 -9999 -9999 -9999 -9999 -9999 -9999 -9999 -9999 -9999 -9999
-9999 -9999 -9999 -9999 -9999 -9999 -9999 -9999 -9999 -9999 34.3497520960294 129.516322209285 181.743203970102 -9999 -9999 -9999 -9999 -9999 323.582075852614 464.299112173227 590.285588191106 577.718066875751 447.003018892728 359.042327880859 304.54189828726 252.127374502329 204.869274432843 164.538551917443 123.422628549429 128.863325265738 145.660906865047 144.904015174279 123.386383056641 99.6307953321017 149.894275078407 175.678938058706 134.275929377629 131.904555687538 153.280976909858 -9999 -9999 -9999 -9999 -9999 -9999 -9999 -9999 -9999 -9999 -9999 -9999 -9999 -9999 -9999 -9999 -9999 -9999 -9999 -9999 -9999 -9999 -9999 -9999
-9999 -9999 -9999 -9999 -9999 -9999 -9999 -9999 -9999 -9999 -9999 64.1667844332182 150.379610501803 188.535702045147 -9999 -9999 -9999 -9999 -9999 377.138556847206 562.809241661659 589.401407095102 478.084284855769 422.35448044997 342.770322359525 271.777813251202 247.432823768029 189.423522362342 144.406207744892 113.550653310922 134.185309776893 148.270575890174 139.823688213642 136.605945000282 195.254015995906 206.974700927734 159.039696913499 132.872827529907 186.538540766789 -9999 -9999 -9999 -9999 -9999 -9999 -9999 -9999 -9999 -9999 -9999 -9999 -9999 -9999 -9999 -9999 -9999 -9999 -9999 -9999 -9999 -9999 -9999 -9999
-9999 -9999 -9999 -9999 -9999 -9999 -9999 -9999 -9999 -9999 -9999 -9999 -9999 263.691706730769 237.595930833083 -9999 -9999 -9999 -9999 -9999 468.379558856671 602.933626615084 523.763397216797 432.38828923152 370.869044377254 273.814860417293 272.076743492713 222.098729060246 168.127660898062 127.704511789175 140.238193805401 148.177284827599 140.223331744854 168.778453533466 127.565368505625 174.043229323167 184.875104464017 170.186405475323 230.250066903921 -9999 -9999 -9999 -9999 -9999 -9999 -9999 -9999 -9999 -9999 -9999 -9999 -9999 -9999 -9999 -9999 -9999 -9999 -9999 -9999 -9999 -9999 -9999 -9999
-9999 -9999 -9999 -9999 -9999 -9999 -9999 -9999 -9999 -9999 -9999 -9999 -9999 -9999 298.734025221605 -9999 -9999 -9999 -9999 -9999 -9999 534.057553804838 572.232560377855 476.02303138146 394.693969726562 328.006063608023 307.990100567157 246.624850933368 191.337739210862 188.118450458233 152.805765592135 134.570213317871 153.162534273588 151.71328999446 120.872419210581 214.054315420297 277.393006544847 196.383843055138 328.29309962346 -9999 -9999 -9999 -9999 -9999 -9999 -9999 -9999 -9999 -9999 -9999 -9999 -9999 -9999 -9999 -9999 -9999 -9999 -9999 -9999 -9999 -9999 -9999 -9999
-9999 -9999 -9999 -9999 -9999 -9999 -9999 -9999 -9999 -9999 -9999 -9999 -9999 -9999 -9999 -9999 -9999 -9999 -9999 -9999 -9999 -9999 645.013610839844 695.757023737981 506.349076491136 406.05418748122 342.711607712966 264.12060546875 209.316989605243 176.102030827449 148.808279771071 135.946645296537 112.907681391789 131.015384967511 173.414979201097 570.507878230168 390.748783991887 292.140173105093 -9999 -9999 -9999 -9999 -9999 -9999 -9999 -9999 -9999 -9999 -9999 -9999 -9999 -9999 -9999 -9999 -9999 -9999 -9999 -9999 -9999 -9999 -9999 -9999 -9999
-9999 -9999 -9999 -9999 -9999 -9999 -9999 -9999 -9999 -9999 -9999 -9999 -9999 -9999 -9999 -9999 -9999 -9999 -9999 -9999 -9999 -9999 -9999 891.362731933594 694.012380746695 457.422978327825 410.728107158954 328.845944918119 244.720655001127 199.783612764799 168.994483360877 127.529250511756 96.1383989774264 123.622690054087 155.012726416955 604.755577674279 562.447124774639 432.616976224459 -9999 -9999 -9999 -9999 -9999 -9999 -9999 -9999 -9999 -9999 -9999 -9999 -9999 -9999 -9999 -9999 -9999 -9999 -9999 -9999 -9999 -9999 -9999 -9999 -9999
-9999 -9999 -9999 -9999 -9999 -9999 -9999 -9999 -9999 -9999 -9999 -9999 -9999 -9999 -9999 -9999 -9999 -9999 -9999 -9999 -9999 -9999 -9999 892.840369591346 764.761704664964 481.148308387169 372.134650597206 343.49354670598 292.944487351638 264.545850313627 222.628331111028 171.702677800105 141.997941824106 137.251227158767 282.085760263296 541.576308030349 663.122065617488 533.704291710487 484.334301288311 -9999 -9999 -9999 -9999 -9999 -9999 -9999 -9999 -9999 -9999 -9999 -9999 -9999 -9999 -9999 -9999 -9999 -9999 -9999 -9999 -9999 -9999 -9999 -9999
-9999 -9999 -9999 -9999 -9999 -9999 -9999 -9999 -9999 -9999 -9999 -9999 -9999 -9999 -9999 -9999 -9999 -9999 -9999 -9999 -9999 -9999 -9999 -9999 620.717510516827 491.225743220403 399.968318058894 393.910919189453 342.11868755634 335.962125338041 228.864766634428 203.867777897761 206.546630859375 175.885309659518 170.628963763897 293.990041879507 556.130528376653 513.002624511719 569.878460223858 -9999 -9999 -9999 -9999 -9999 -9999 -9999 -9999 -9999 -9999 -9999 -9999 -9999 -9999 -9999 -9999 301.288563654973 364.793762207031 402.189037616436 431.621532733624 447.579974834736 -9999 -9999 -9999
-9999 -9999 -9999 -9999 -9999 -9999 -9999 -9999 -9999 -9999 -9999 -9999 -9999 -9999 -9999 -9999 -9999 -9999 -9999 -9999 -9999 -9999 -9999 894.060340294471 676.590597299429 523.033386230469 470.494520920974 482.426600529597 467.723487267127 364.252157358023 270.073699951172 215.603456350473 191.560532203087 174.480339050293 175.115747305063 195.978917048528 322.202092097356 686.305851862981 690.873300405649 447.562910813552 -9999 -9999 -9999 -9999 -9999 -9999 -9999 -9999 -9999 -9999 -9999 -9999 -9999 340.263715303861 372.66951575646 388.466055063101 429.201514610877 435.42961707482 460.519758958083 464.326059194712 -9999 -9999 -9999
-9999 -9999 -9999 -9999 -9999 -9999 -9999 -9999 -9999 -9999 -9999 -9999 -9999 -9999 -9999 -9999 -9999 -9999 -9999 -9999 -9999 -9999 -9999 1035.34372652494 616.355658897987 528.873626708984 405.922008807843 396.849874643179 420.121161827674 391.45467200646 251.718408437876 218.944556603065 236.768080491286 230.347702026367 225.508452782264 213.625426072341 274.379625760592 379.233266977163 833.832500751202 443.961452777569 -9999 -9999 -9999 -9999 -9999 -9999 -9999 -9999 -9999 -9999 -9999 -9999 -9999 385.397125244141 361.525350717398 345.399897648738 390.461691049429 417.832874004657 441.341721754808 -9999 -9999 -9999 -9999
