rasters/bioclim/bio17.asc
NCOLS 720 
NROWS 300 
XLLCORNER -180 
YLLCORNER -60 
CELLSIZE 0.5 
NODATA_value -9999 
[rows 28 to 55 of 300, columns 441 to 503 of 720]
-9999 -9999 -9999 -9999 -9999 -9999 -9999 -9999 -9999 -9999 -9999 -9999 -9999 -9999 -9999 -9999 -9999 -9999 -9999 -9999 -9999 -9999 -9999 -9999 -9999 -9999 -9999 -9999 -9999 -9999 -9999 -9999 -9999 -9999 -9999 -9999 -9999 -9999 -9999 -9999 -9999 -9999 -9999 -9999 -9999 -9999 -9999 -9999 -9999 -9999 -9999 -9999 -9999 -9999 -9999 -9999 -9999 -9999 -9999 -9999 -9999 -9999 -9999
-9999 -9999 -9999 -9999 -9999 -9999 -9999 -9999 -9999 -9999 -9999 -9999 -9999 -9999 -9999 -9999 -9999 -9999 -9999 -9999 -9999 -9999 -9999 -9999 -9999 -9999 -9999 -9999 -9999 -9999 -9999 -9999 -9999 -9999 -9999 -9999 -9999 -9999 -9999 -9999 -9999 -9999 -9999 -9999 -9999 -9999 -9999 -9999 -9999 -9999 -9999 -9999 -9999 -9999 -9999 -9999 -9999 -9999 -9999 -9999 -9999 -9999 -9999
-9999 -9999 -9999 -9999 -9999 -9999 -9999 -9999 -9999 -9999 -9999 -9999 -9999 -9999 -9999 -9999 -9999 -9999 -9999 -9999 -9999 -9999 -9999 -9999 -9999 -9999 -9999 -9999 -9999 -9999 -9999 -9999 -9999 -9999 -9999 -9999 -9999 -9999 -9999 -9999 -9999 -9999 -9999 -9999 -9999 -9999 -9999 -9999 -9999 -9999 -9999 -9999 -9999 -9999 -9999 -9999 -9999 -9999 -9999 -9999 -9999 -9999 -9999
-9999 -9999 -9999 -9999 -9999 -9999 -9999 -9999 -9999 -9999 -9999 -9999 -9999 -9999 -9999 -9999 -9999 -9999 -9999 -9999 -9999 -9999 -9999 -9999 -9999 -9999 -9999 -9999 -9999 -9999 -9999 -9999 -9999 -9999 -9999 -9999 -9999 -9999 -9999 -9999 -9999 -9999 -9999 -9999 -9999 -9999 -9999 -9999 -9999 -9999 -9999 -9999 -9999 -9999 -9999 -9999 -9999 -9999 -9999 -9999 -9999 -9999 -9999
-9999 -9999 -9999 -9999 -9999 -9999 -9999 -9999 -9999 -9999 -9999 -9999 -9999 -9999 -9999 -9999 -9999 -9999 -9999 -9999 -9999 -9999 -9999 -9999 -9999 -9999 -9999 -9999 -9999 -9999 -9999 -9999 -9999 -9999 -9999 -9999 -9999 -9999 -9999 -9999 -9999 -9999 -9999 -9999 -9999 -9999 -9999 -9999 -9999 -9999 -9999 -9999 -9999 -9999 -9999 -9999 -9999 -9999 -9999 -9999 -9999 -9999 -9999
-9999 -9999 -9999 -9999 -9999 -9999 -9999 -9999 -9999 -9999 -9999 -9999 -9999 -9999 -9999 -9999 -9999 -9999 -9999 -9999 -9999 -9999 -9999 -9999 -9999 -9999 -9999 -9999 -9999 -9999 -9999 -9999 -9999 -9999 -9999 -9999 -9999 -9999 -9999 -9999 -9999 -9999 -9999 -9999 -9999 -9999 -9999 -9999 -9999 -9999 -9999 -9999 -9999 -9999 -9999 -9999 -9999 -9999 -9999 12.2986834691121 13.6233295385654 13.290804542028 -9999
-9999 -9999 -9999 -9999 -9999 -9999 -9999 -9999 -9999 -9999 -9999 -9999 -9999 -9999 -9999 -9999 -9999 -9999 -9999 -9999 -9999 -9999 -9999 -9999 -9999 -9999 -9999 -9999 -9999 -9999 -9999 -9999 -9999 -9999 -9999 -9999 -9999 -9999 -9999 -9999 -9999 -9999 -9999 -9999 -9999 -9999 -9999 -9999 -9999 -9999 -9999 -9999 -9999 -9999 -9999 -9999 -9999 16.6763923168182 17.4663048524123 18.4888374622052 18.3789601325989 19.0086530538706 19.8758540520301
-9999 -9999 -9999 -9999 -9999 -9999 -9999 -9999 -9999 -9999 -9999 -9999 -9999 -9999 -9999 -9999 -9999 -9999 -9999 -9999 -9999 -9999 -9999 -9999 -9999 -9999 -9999 -9999 -9999 -9999 -9999 -9999 -9999 -9999 -9999 -9999 -9999 -9999 -9999 -9999 -9999 -9999 -9999 -9999 -9999 -9999 -9999 -9999 -9999 -9999 -9999 -9999 -9999 -9999 -9999 -9999 17.3371532788643 18.4350217489096 19.0054454436669 19.7087831130395 22.4628193928645 22.803781582759 24.1416311264038
-9999 -9999 -9999 -9999 -9999 -9999 -9999 -9999 -9999 -9999 -9999 -9999 -9999 -9999 -9999 -9999 -9999 -9999 -9999 -9999 -9999 -9999 -9999 -9999 -9999 -9999 -9999 -9999 -9999 -9999 -9999 -9999 -9999 -9999 -9999 -9999 -9999 -9999 -9999 -9999 -9999 -9999 -9999 -9999 -9999 -9999 -9999 -9999 -9999 -9999 -9999 -9999 -9999 -9999 -9999 -9999 19.3107181328994 18.5170166492462 18.1702739458818 20.1112545820383 22.1411727024959 24.0246039904081 25.177464558528
-9999 -9999 -9999 -9999 -9999 -9999 -9999 -9999 -9999 -9999 -9999 -9999 -9999 -9999 -9999 -9999 -9999 -9999 -9999 -9999 -9999 -9999 -9999 -9999 -9999 -9999 -9999 -9999 -9999 -9999 -9999 -9999 -9999 -9999 -9999 -9999 -9999 -9999 -9999 -9999 -9999 -9999 -9999 -9999 -9999 -9999 -9999 -9999 -9999 -9999 -9999 -9999 -9999 13.9380637739713 14.7667721647483 16.0982013574013 17.8871386968173 19.0329196177996 19.438056744062 20.7067352258242 22.2808664762057 24.9677435067984 27.6771619503315
-9999 -9999 -9999 -9999 -9999 -9999 -9999 -9999 -9999 -9999 -9999 -9999 -9999 -9999 -9999 -9999 -9999 -9999 -9999 -9999 -9999 -9999 -9999 -9999 -9999 -9999 -9999 -9999 -9999 -9999 -9999 -9999 -9999 -9999 -9999 -9999 -9999 -9999 -9999 -9999 -9999 -9999 -9999 -9999 -9999 -9999 -9999 -9999 -9999 -9999 -9999 -9999 17.0301440587411 -9999 15.559523160641 16.4585838042773 17.7474552805607 19.0179027960851 20.8370183247786 22.1529248677767 23.4390421647292 26.5118737587562 27.1923154684213
-9999 -9999 -9999 -9999 -9999 -9999 -9999 -9999 -9999 -9999 -9999 -9999 -9999 -9999 -9999 -9999 -9999 -9999 -9999 -9999 -9999 -9999 -9999 -9999 -9999 -9999 -9999 -9999 -9999 -9999 -9999 -9999 -9999 -9999 -9999 -9999 34.0600943840467 32.0509360478475 -9999 -9999 -9999 -9999 -9999 -9999 -9999 -9999 -9999 -9999 -9999 -9999 -9999 -9999 -9999 14.8788258662591 16.3711712176983 16.9364448235585 18.1179376152846 19.5515020443843 21.2517509460449 22.5762580358065 25.7288883649386 27.22478221013 28.485256928664
-9999 -9999 -9999 -9999 -9999 -9999 -9999 -9999 -9999 -9999 -9999 -9999 -9999 -9999 -9999 -9999 -9999 -9999 -9999 -9999 -9999 -9999 -9999 -9999 -9999 -9999 -9999 -9999 -9999 -9999 -9999 -9999 -9999 -9999 -9999 -9999 -9999 -9999 29.1949373758756 27.7942482874944 28.5375295215501 28.7050342926612 27.3946177959442 26.5972449077437 -9999 -9999 -9999 -9999 -9999 -9999 -9999 -9999 -9999 15.3666851612238 16.9079897220318 17.351841640587 18.4920574885148 19.9988495203165 21.3344181134151 23.8949180016151 26.0339278441209 28.6972354008601 31.0296828930195
-9999 -9999 -9999 -9999 -9999 -9999 -9999 -9999 -9999 -9999 -9999 -9999 -9999 -9999 -9999 -9999 53.8549597813533 55.5718860626221 55.4865148984469 -9999 -9999 -9999 -9999 -9999 -9999 -9999 -9999 -9999 -9999 -9999 -9999 -9999 -9999 -9999 -9999 -9999 -9999 -9999 -9999 -9999 28.170839199653 25.690355190864 23.4076833724976 21.5591986225202 20.687523328341 22.9851195262029 24.2536508120023 22.0870744448442 19.5934071174035 -9999 -9999 -9999 -9999 -9999 -9999 18.0342287100278 19.8927978552305 20.5322736593393 22.3340202478262 23.5894737243652 26.9089026817909 28.9275243465717 31.072328714224
-9999 -9999 -9999 -9999 -9999 -9999 -9999 -9999 -9999 -9999 -9999 -9999 -9999 -9999 -9999 -9999 50.501519716703 52.9152736663818 -9999 -9999 -9999 -9999 -9999 -9999 -9999 56.8051361670861 57.2190205500676 -9999 -9999 -9999 -9999 -9999 -9999 -9999 43.7331627332247 41.9274287590614 40.1681537628174 38.1155262727004 -9999 -9999 31.7102204102736 28.6670322785011 26.508330143415 25.1367063430639 23.6030759077806 23.4934340990507 23.1404150449313 20.7923554672072 18.0912697085967 17.2546461178706 17.6704027102544 18.1543815686153 17.5153227769412 16.164619079003 -9999 -9999 -9999 22.1004131757296 22.6069594529959 23.8798201634334 26.5254465249869 29.0064766223614 30.8053343112652
-9999 -9999 -9999 -9999 -9999 -9999 -9999 60.9965270115779 64.3645594670222 63.5829329857459 61.0692616976224 56.1189487163837 -9999 -9999 -9999 -9999 -9999 -9999 -9999 -9999 55.9198265075684 57.2832418588492 58.9616754972018 56.2965284494253 55.842352940486 55.6239976149339 56.4148219181941 56.3414799616887 -9999 55.4364383404072 56.5103627718412 55.5618952237643 53.5369779146635 50.6400343088003 49.0401438199557 46.9381696260892 44.574030656081 41.1529797774095 39.1885543236366 37.2897008749155 35.2749027472276 32.5322471215175 30.5687101804293 28.3543436160454 26.2596369569118 24.7802350727411 23.0168687471977 19.337484891598 16.3415294427138 15.050090276278 14.2778275929965 15.542087995089 17.0517467902257 17.659183887335 19.4116940131554 21.1962183072017 22.9711476839506 24.4002527823815 24.6499872941237 26.2477591587947 28.3422247079703 29.2332881780771 31.941446010883
63.0199241638184 -9999 -9999 -9999 -9999 -9999 -9999 59.3471888028658 57.8905614706186 59.1008514991173 58.7274775871864 -9999 -9999 -9999 -9999 -9999 51.3398623833289 51.9126270000751 53.9179922250601 53.4747469975398 54.8848175635705 54.1447243323693 54.5581852839543 53.5779254619892 50.3638883737417 49.5959041302021 52.8829650878906 52.9599136939416 53.1976092411922 53.371471111591 52.9121536841759 52.5081481933594 50.9561204176683 50.2247942410983 48.7307530916654 46.6326597653903 44.8490166297326 42.5720765040471 37.7829005168035 36.5962324876052 35.1147140172812 32.7675474446553 30.6059990295997 28.0002796833332 27.194620682643 26.7227838406196 25.5653695693383 21.9279332252649 17.8707890143761 16.9291228147653 15.0381235526158 15.2049406858591 17.3558676059429 18.2471204537612 18.7295294908377 21.1037170703595 23.1711103732769 24.7261200684767 26.5004705282358 28.347727555495 29.1087599534255 31.5042645381047 33.2052427438589
76.5269881028395 70.4380170381986 -9999 -9999 -9999 -9999 61.268426161546 60.4856303288386 60.2860459547776 -9999 -9999 -9999 -9999 -9999 50.8480051480807 51.1728110680213 53.5954782045805 52.4214131281926 50.6704512376052 51.5849450918344 51.845020881066 51.7127911494328 51.1539535522461 49.7053392850436 48.70685841487 48.2875556945801 48.5343187772311 48.3611793518066 49.7784828772912 50.6273407569298 50.9086239154522 50.5798903245192 50.4568821833684 48.9773946908804 48.830606167133 47.5445891160231 46.1470471895658 43.1646411602314 41.5873104975774 39.8892225485582 39.2429424432608 36.1364861635061 33.5734203687081 30.8369217927639 28.9379015060572 27.5804611536173 26.5221222547384 23.9827852913967 20.3091983795166 18.6622448701125 18.9338129116939 18.6816339126 20.8892230253953 21.0060093219464 20.9311320231511 23.6073561448317 24.487111898569 25.0664986830491 26.9514402242807 28.1417095477764 29.6795203869159 31.2168404505803 34.7810509021466
84.0870050283579 -9999 -9999 -9999 -9999 -9999 -9999 -9999 67.413217984713 64.1380770756648 63.3961319556603 60.3918116642879 58.1307675288274 57.0681428175706 52.9327562772311 49.7979482504038 50.0753129812387 47.8834384037898 46.7961309873141 47.3581812931941 49.4378418555627 50.2342370840219 48.7456794151893 47.540535560021 45.6272951272818 44.700014261099 44.9378811762883 47.8258936955379 48.5220706646259 49.0628260098971 49.8896804222694 50.1399767949031 49.3981578533466 49.9832558265099 50.1308893057016 49.4121927114633 46.3600883483887 44.9707935039814 45.1213302612305 45.6548397357647 42.640904206496 40.4977959852952 38.8685682003315 36.7300609441904 33.8573014094279 29.0557098388672 25.3721292935885 24.9667756007268 24.5748035357549 26.082016651447 27.7498449912438 27.6151436292208 27.265237734868 26.3255496391883 27.0271040109488 26.8145355811486 26.4282404092642 27.1646292759822 27.4762568840614 29.5348182091346 30.565134195181 34.1463529146635 -9999
-9999 -9999 70.0923588092511 73.9630033052885 73.0620865455041 72.9702920180101 -9999 72.4542274475098 73.4653599078839 71.1882688082182 68.1484756469727 68.403188265287 64.9624947767991 61.4361513577975 58.4401362492488 56.6361192556528 54.2847627493051 51.9872763707088 52.3558643047626 54.3639329763559 54.3275219843938 55.5505168621357 54.8283662062425 53.8620053804838 50.9759864807129 50.2967632000263 49.3536602900578 50.141594519982 51.0738710256723 51.3042998680702 52.0840571476863 52.6786815936749 52.5465357853816 52.672476548415 52.2259365962102 49.5781018183782 47.5441758082463 47.1861815819373 47.3452607668363 47.8188210267287 49.9281914050762 47.3626650296725 44.6613117364737 41.7171800457514 39.6697418506329 35.3475830371563 33.9585870596079 34.4194823411795 34.3838779742901 34.0089360750639 33.251011628371 33.1870505993183 31.9706475184514 30.853808769813 30.0960725637583 28.8289592449482 28.8030350024884 28.0991301903358 29.0515278302706 31.0047962482159 33.0271832392766 33.8630820054274 36.1767324300913
84.1230634542612 83.8844311053936 79.9600161038912 82.0590215829702 84.6756304227389 85.3378903315618 83.8438934913048 76.5982322692871 75.4642686110276 75.3837221585787 73.9616461533766 72.7135546757625 72.0379089942345 68.6350869398851 67.0914063086877 63.8036105816181 60.6555387056791 58.0996777461125 57.4951597360464 57.5558515695425 57.4966245797964 57.3387248699482 56.8691409184382 58.1387725243202 56.0879325866699 53.8808027414175 52.6175886300894 52.8425557063176 53.5335074204665 53.8563000605657 54.0666876572829 53.6146815373347 53.7109621488131 52.7018817021297 52.6328249711257 49.3000294612004 46.548498080327 46.9365516809317 47.5163341668936 49.8697719573975 52.7299389472375 51.9715397174542 49.7643804550171 44.6886405944824 42.2565938509428 42.6660832625169 41.8311186570388 40.5792418259841 40.3567231985239 38.7628395374005 37.5518700526311 35.4558953505296 34.2515308673565 33.1883869171143 31.8838200202355 30.9573647425725 29.7497386932373 31.0735495640681 31.9396407787616 33.1765899658203 33.712960756742 35.9170511685885 36.7470604823186
97.0175481942984 88.9304904937744 84.3467823908879 91.3766332773062 91.7149461599497 87.2724826519306 86.6151492779072 80.5674071678748 78.7218005840595 78.6291949932392 77.7652505727915 76.3348159790039 73.790292593149 73.6902492229755 72.6940304682805 67.311210338886 63.9287526057317 59.0840459970328 59.6465732867901 57.4551200866699 57.3228862469013 57.8114829430213 59.134951371413 58.8940485440768 56.3913999704214 54.8729858398438 53.6463006826547 53.2814868046687 55.5119957557091 54.5432525047889 56.2317540095403 55.9818352919358 55.6182432908278 53.521484375 52.8035725813646 47.4858691875751 45.1081953782302 48.177611717811 50.2103574459369 50.8562655815711 50.740817290086 47.506033383883 47.8787234379695 47.9070807236892 46.1762977013221 45.2990702115572 43.5345203693096 42.3551833813007 40.9313244452843 38.7336273193359 36.685037612915 34.8864288330078 34.0574362828181 33.8034659165602 33.512170791626 33.2331374241756 32.399769122784 32.6559873727652 33.5951837392954 34.8361704899715 36.4175497201773 38.2085634378287 40.2381980602558
89.6192345252404 85.8418116936317 87.7322989243727 88.428515801063 90.6861196664663 89.3928354703463 87.6113345806415 83.9956063490648 83.2887397179237 82.3073979891264 78.0486347491925 78.4693057720478 77.879570887639 76.7892863933857 73.9194013155424 68.7882036062387 65.5200928908128 61.1673959585337 61.5375829843374 60.2716519282414 59.6153810941256 59.4680932851938 62.2180031996507 61.6030464172363 59.5026459327111 57.8676878122183 57.2775858365572 57.2471058185284 57.6549999530499 56.7679375868577 58.034722841703 58.7868405855619 59.5564146775466 57.4617227407602 55.783515049861 50.1296143165002 49.3226532569298 51.3039207458496 51.4507600344144 50.9779099684495 48.6651461674617 43.7402227841891 44.8862426464374 45.8004068227915 45.8026052621695 44.3494485708383 42.0702150785006 41.127736898569 38.8211332467886 38.1610752986028 36.0865603226882 35.369495685284 34.8276100158691 35.2755147493803 34.5810501392071 34.3675842285156 35.1255936255822 35.9550866347093 37.5777618701641 39.3253115140475 42.0118622413048 44.3143532092755 45.7600749089168
89.3391289344201 94.4226578932542 94.1290309612568 87.8974342346191 89.8965850243202 87.2120299706092 87.8453809298002 80.6610441941481 80.1043437077449 82.4799156188965 80.5987622187688 77.0867784940279 75.0376698420598 74.2902054419884 73.6448296767015 68.8769111633301 66.1588727510892 64.4756120535044 62.9865326514611 63.8907376802885 64.3791544987605 64.8845258859488 63.8474989670974 63.4136117788462 61.8319253187913 61.2469473618727 60.2185821533203 58.9367458636944 59.5497037447416 58.556644146259 60.1575628427359 60.7522709186261 61.641913487361 59.9686698913574 59.7238713777982 55.5978799966665 54.2671007009653 55.3873780323909 53.4822194026067 50.2250598027156 47.7223670666034 46.8150090437669 45.0134607461783 44.3951596480149 43.387381040133 42.108280475323 39.6062020521898 38.1531156393198 37.5949127490704 37.7574523045466 36.5457192934476 36.4819481189434 36.3579706045297 35.7849395458515 36.9746704101562 37.9750096247746 38.6209928072416 39.8465438255897 41.3062433096079 43.9480127187876 45.9325247544509 48.8155585068923 50.5065495417668
88.0178378178523 90.9590131319486 86.3842914287861 87.3028670090895 84.8289548433744 87.1189633882963 82.5006640507625 85.1255751389724 84.672119140625 83.8685519878681 80.3711938124437 80.0026465195876 77.3211887066181 75.6033395620493 74.697744516226 70.9066147437462 69.8397342975323 69.1309074988732 67.2131591209998 66.1207140409029 66.7539878258338 66.6743425222544 65.7205740121695 65.7157877408541 64.8427109351525 63.3202476501465 61.6198369539701 61.7999748816857 61.3157744774452 61.5281612689678 63.1884624774639 64.1081311152532 65.7643749530499 64.8960681328407 62.6278756948618 61.447259756235 60.3276726649358 58.2453324244573 54.4209647545448 50.6644291510949 49.8275169959435 46.2892875671387 43.0033074892484 42.1249612661508 41.4962247701792 39.7108299548809 38.2928666334886 38.692964553833 38.5814910301795 39.625302534837 39.1051827944242 38.9917473426232 38.3971719008226 38.0387495481051 37.8788779332088 39.9634927602915 39.8273287553054 41.7385286184458 43.9209892566387 45.835917692918 49.1744155883789 51.7900786766639 52.8503150939941
86.205444922814 82.5109431927021 82.2765884399414 82.1698854886568 86.0066410945012 85.2154649587778 87.5353675255409 84.1249680152306 82.0259983356182 82.426263662485 79.6734463618352 79.5028284513033 77.6915024977464 76.8375405531663 76.2891032879169 75.0570537860577 73.366894355187 72.5634278517503 71.101514669565 69.1896676283616 68.6256840045636 68.1073675889235 67.9216942420373 67.1121459374061 66.7492796090933 66.0158412639911 64.9961597736065 63.6153825613169 64.8960048968975 64.8238490178035 67.7784162668081 69.8544308589055 70.2898530226487 69.2714209923377 68.363597869873 66.4655798398531 63.5220132974478 62.0325648968036 57.0105479313777 55.6653603773851 51.013133415809 46.1189773266132 42.681095123291 39.6981620788574 38.9050370729887 39.2938458369328 39.8535803281344 40.600880256066 41.1821561960074 40.3612940861629 40.8243964268611 40.7070363851694 41.2251412318303 41.1311372610239 40.6143674116868 41.4361051412729 41.9198536506066 44.0789736234225 46.7298011779785 48.5017723670373 51.4741894648625 51.776235140287 52.7864057100736
90.9071306081919 86.3412939218374 85.9681408221905 82.7801810044509 82.4790584857647 81.1999658437876 83.992733001709 87.1033292917105 87.0553377591647 85.278383401724 83.6876288193923 82.4023455106295 82.4256456815279 81.0953762347882 79.4990571828989 79.0568577693059 78.1955413818359 77.0465909517728 74.443959749662 72.4272261399489 70.1232625521146 69.8966040978065 69.1064130342924 68.3605191157414 67.9610337477464 67.8431020883413 66.9835777282715 66.1240287193885 68.4779322697566 71.2611424372746 74.8338590768667 74.3399235652043 76.3060693007249 74.7397358234112 73.5689057570237 71.5813272916354 69.6849790719839 64.6265525817871 58.6951707693247 54.449288881742 50.2782372694749 47.9329073979304 43.6649180192214 41.8608699211707 39.7801912747897 39.8985930222731 39.5169875805195 39.6116834787222 39.1386827322153 40.182260953463 42.4566264519325 42.7660855513353 41.8472238687369 42.8974638718825 42.4313081594614 43.5332571176382 44.153056364793 45.2540192237267 48.2798147935134 49.2248300405649 50.1346758328951 50.4409895676833 50.3159126868615
94.3005021902231 98.1237558218149 96.3233677790715 86.0087239192082 81.6704037006085 81.9052737309382 81.4034206683819 89.5689832247221 85.6353771503155 82.8124278141902 83.5048493605394 83.3881410452036 81.9459463266226 81.3186575082632 82.7600708007812 81.6413738544171 82.2267027634841 80.6899830744817 78.6870302053598 75.0148291954627 73.5030048076923 71.44013771644 69.648678119366 70.1084855886606 69.7818706219013 70.1843519944411 69.6642916752742 71.6131580059345 74.3440604576698 77.4210263765775 77.3667144775391 79.0102084233211 79.3150353064904 79.0331133328951 78.3381206805889 78.687621483436 75.1777959970327 67.7873423649715 62.0500649672288 54.9475276653583 50.117542560284 46.9831482813909 45.1474552154541 43.9002314347487 41.884091597337 41.651265511146 41.5938047262338 41.7491524036114 42.0554419297438 42.1235354496882 43.4692431229811 44.3461786416861 42.2963485717773 43.7134554936336 41.5280639941876 42.9567948854887 45.4810102902926 45.8966145148644 47.2030054239126 47.7674135061411 48.831125992995 49.3887522770808 49.6058522737943
