rasters/bioclim/bio15.asc
NCOLS 720 
NROWS 300 
XLLCORNER -180 
YLLCORNER -60 
CELLSIZE 0.5 
NODATA_value -9999 
[rows 112 to 139 of 300, columns 315 to 377 of 720]
-9999 -9999 -9999 -9999 -9999 -9999 -9999 -9999 -9999 -9999 -9999 -9999 -9999 -9999 -9999 -9999 -9999 -9999 -9999 -9999 -9999 -9999 -9999 -9999 -9999 -9999 -9999 -9999 -9999 -9999 80.0106653066782 75.2307281494141 71.645331456111 67.7001982468825 63.7779702406663 61.369691995474 53.0718686030461 51.6505813598633 49.1720906771146 44.8592755244328 45.2006433927096 45.1156275822566 44.6643465482272 42.6139353238619 42.4937870319073 42.5543450575608 40.1933567340557 37.7283471914438 38.0027156242957 41.2446820185735 43.8095805828388 44.901070521428 46.3877446101262 47.5014222952036 51.796453329233 55.0818196810209 59.9736926739032 63.5454242412861 60.834726186899 60.8873323293833 62.6945067185622 66.6689004164476 65.3137820317195
-9999 -9999 -9999 -9999 -9999 -9999 -9999 -9999 -9999 -9999 -9999 -9999 -9999 -9999 -9999 -9999 -9999 -9999 -9999 -9999 -9999 -9999 -9999 -9999 -9999 -9999 -9999 -9999 81.3372949453501 79.2998205331656 76.9766916128305 73.0291947584886 68.9334449768066 63.9156963641827 58.8271226149339 53.3606954721304 50.4110899705153 51.066232241117 41.8205143855168 40.9528086735652 39.881283393273 40.773870908297 40.6249768183782 40.109060727633 41.2787246704102 42.6473717322716 40.7897520798903 43.105846111591 43.640508211576 47.1653019831731 46.9200709416316 48.8020371657151 50.0882773766151 54.1524141751803 56.2795084439791 58.7854846074031 59.7685960622934 59.468810741718 59.5940061715933 61.8471136826735 66.5122478191669 64.5018571706919 63.1831060556265
-9999 -9999 -9999 -9999 -9999 -9999 -9999 -9999 -9999 -9999 -9999 -9999 -9999 -9999 -9999 -9999 -9999 -9999 -9999 -9999 -9999 -9999 -9999 -9999 -9999 -9999 -9999 80.4117842454177 79.812133202186 78.5446436955379 76.6126133845403 75.3538665771484 72.3368588961088 63.7589707007775 54.4647249075083 51.703679891733 48.369071667011 44.0187019935021 41.0264974740835 39.8346154139592 38.7880105238694 38.7237738095797 37.156002338116 40.0437363844651 44.2184175344614 45.6635768596943 49.4287379338191 48.2279384319599 47.3590613145095 51.2361670274001 52.4853087205153 55.8242190434382 59.5219826331505 63.9654039236215 67.3051335261418 66.0168756338266 65.5654264596792 65.7308954092173 63.4154067406288 62.6400918226976 65.0447918818547 64.3816557664138 62.5442434457632
-9999 -9999 -9999 -9999 -9999 -9999 -9999 -9999 -9999 -9999 -9999 -9999 -9999 -9999 -9999 -9999 -9999 -9999 -9999 -9999 -9999 -9999 -9999 -9999 -9999 -9999 82.271129314716 79.0351040179913 77.2271229670598 77.8495401235727 76.5333903386043 71.8536315331092 63.0070304870605 51.7604951124925 47.8448991041917 46.2352060171274 45.2356854952299 44.6364731421837 44.1429804288424 43.3103250356821 40.7744001241831 40.0514630537767 44.5775615985577 49.6266978337215 51.1797535236065 52.5992079514724 49.3240576524001 47.9174690246582 49.0460991492638 55.2771761967586 56.6028433579665 57.3319344153771 65.317624605619 70.0523355924166 73.5808853736291 69.9304087712215 68.0392124469464 65.1007834214431 62.4829714848445 63.1243629455566 63.4378456702599 59.1900221017691 60.6262984642616
-9999 -9999 -9999 -9999 -9999 -9999 -9999 -9999 -9999 -9999 -9999 -9999 -9999 -9999 -9999 -9999 -9999 -9999 -9999 -9999 -9999 -9999 -9999 -9999 -9999 -9999 77.952403141902 80.7507529625526 78.6078632061298 75.2183471092811 65.1906365614671 53.9049964317909 46.5692071181077 44.120005094088 46.8237815270057 49.8694105881911 50.3544654846191 48.3508641169621 47.3171800466684 53.1223440903884 56.7133592458872 52.9348479050856 56.7405809255747 57.6517662635216 53.5094534067007 51.5097832312951 49.7172728318435 53.9309049753042 53.7923184908353 53.90985254141 54.0494505075308 54.9801750183105 62.429007603572 70.4809379577637 72.9653687110314 69.6049176729642 66.4323037954477 63.755789243258 63.4608474144569 63.2291318453275 64.170048053448 62.1867429293119 61.1862904475285
-9999 -9999 -9999 -9999 -9999 -9999 -9999 -9999 -9999 -9999 -9999 -9999 -9999 -9999 -9999 -9999 -9999 -9999 -9999 -9999 -9999 -9999 -9999 -9999 -9999 85.2690564669096 64.1838854276217 60.9524409954364 56.8924716069148 50.8755760192871 47.9422205411471 45.4717551011306 46.4047756195068 46.504940032959 48.5978273245005 48.9437473003681 47.6696187532865 48.1557141817533 45.2833087627704 55.8680760310246 58.8872278653658 56.8780752328726 59.2346860445463 59.7016044029823 54.7097217853253 56.7290291419396 52.2518128615159 56.3407208369328 50.7633678729718 53.5497146019569 58.1747597914476 60.9624812786396 66.1616833026593 75.225227355957 77.3685188293457 75.1214834359976 69.9378893925593 68.4621256314791 62.7679698650654 64.45836522029 65.5812697777381 63.1579343355619 62.8775059626653
-9999 -9999 -9999 -9999 -9999 -9999 -9999 -9999 -9999 -9999 -9999 -9999 -9999 -9999 -9999 -9999 -9999 -9999 -9999 -9999 -9999 -9999 -9999 -9999 -9999 82.3897062448355 61.4864205580491 51.5135037348821 52.2263967073881 44.9016289344201 45.0006922208346 51.4990249046913 51.4954669658954 51.2011847862831 50.6180370037372 51.4851869436411 51.8321773822491 49.8008367098295 50.0965400108924 56.4981202345628 65.6035458491399 67.4191427964431 67.6168573819674 60.9522778437688 62.5190843435434 60.4762708223783 59.0694192739633 58.9334349999061 62.6817377530611 68.1112934992864 70.78203025231 72.761723445012 81.3607741135817 86.0903687110314 84.441295330341 82.3022481478178 77.0121213472807 72.6941883380596 67.5957996661846 69.0826430687538 68.0760104839618 66.4426580575796 65.0516891479492
-9999 -9999 -9999 -9999 -9999 -9999 -9999 -9999 -9999 -9999 -9999 -9999 -9999 -9999 -9999 -9999 -9999 -9999 -9999 -9999 -9999 -9999 -9999 -9999 -9999 -9999 74.2366696871244 54.9324073791504 46.488288292518 45.5127604557918 53.0705416752742 53.8789755014273 49.998407804049 51.5849858797514 51.4054307204026 52.404108781081 55.0164891756498 55.3410245455228 55.7940380389874 63.2745361328125 74.1017221304087 78.2405198904184 74.0075616102952 73.6050265385554 74.4086966881385 69.7981030390813 70.4306182861328 75.5177459716797 73.825684767503 74.7622017493615 77.2735680800218 79.1437471829928 87.4490462083083 93.5825553307166 93.4403891930213 90.5486048184908 85.2161856431227 79.8981719383827 74.2932475163386 71.4355794466459 69.273368542011 70.8761182931753 71.1554178091196
-9999 -9999 -9999 -9999 -9999 -9999 -9999 -9999 -9999 -9999 -9999 -9999 -9999 -9999 -9999 -9999 -9999 -9999 -9999 -9999 -9999 -9999 -9999 -9999 -9999 89.9558422382061 57.9319663414588 43.7315670893743 48.5655103830191 60.1991154597356 67.2701143118051 66.0783075185923 64.571533203125 60.9537934523362 57.5721588134766 60.9466705322266 63.3380895761343 67.3736228942871 69.3690305856558 68.6056929368239 75.8131725604718 77.8322780315693 75.6136342562162 76.7378569382888 81.0290709275466 84.9909268892728 85.2840875478891 85.4624586838942 82.1550125708947 81.8442236093374 79.6952141981859 86.7079417888935 91.09815626878 91.7084297767052 92.9104194641113 89.9325637817383 87.1361450782189 82.4866450383113 77.5289644094614 74.3134783231295 72.7995561453012 68.1915561969464 73.6794389578012
-9999 -9999 -9999 -9999 -9999 -9999 -9999 -9999 -9999 -9999 -9999 -9999 -9999 -9999 -9999 -9999 -9999 -9999 -9999 -9999 -9999 -9999 -9999 -9999 85.9802046555739 69.0564868633564 51.0959537212665 52.2684563856858 60.5129051208496 63.8459120530349 68.5235020564153 69.4268616896409 72.0361686119666 68.5880082937387 67.6878538865309 68.0519224313589 65.5221223097581 64.9253114553598 67.8014523432805 72.5997924804688 75.9800737821139 79.5360415532039 73.8702313349797 74.08076271644 80.1765591548039 87.7275625375601 89.789069542518 86.34764451247 86.1335722116324 82.0955533247728 77.5272238804744 87.7000911419208 87.554007603572 88.6550976679875 89.251655285175 87.4278232867901 83.6500610938439 79.8588027954102 76.131295130803 72.864994929387 70.2212360088642 71.8101994441106 71.3398516728328
-9999 -9999 -9999 -9999 -9999 -9999 -9999 -9999 -9999 -9999 -9999 -9999 -9999 -9999 -9999 -9999 -9999 -9999 -9999 -9999 -9999 -9999 -9999 81.249516413762 75.984927544227 64.3074402442345 62.7927278371958 64.9686883779673 68.188244159405 69.3116384652945 72.5599949176495 74.0529515193059 76.4532268230732 83.4814218374399 80.6369954622709 80.0039499722994 79.8827863839956 76.6548658517691 79.7122430067796 79.0875543447641 81.0872893700233 83.2843170166016 80.9142500070425 83.1591289226825 87.1133243854229 89.5185065636268 89.6155075660119 87.8736991882324 85.0955549386831 83.4723264254057 79.936267559345 81.9791972820575 82.7698895381047 83.0603059621958 85.6915796720065 84.197945521428 80.7618276155912 79.3762387495775 75.2302545400766 76.4703077169565 77.9806688748873 78.0670984708346 76.649300795335
-9999 -9999 -9999 -9999 -9999 -9999 -9999 -9999 -9999 -9999 -9999 56.9298368600699 -9999 -9999 -9999 -9999 -9999 -9999 -9999 -9999 -9999 84.074698814979 81.6120370718149 73.3503617506761 71.4880858201247 67.2993671710675 59.9669491694524 65.48413672814 71.554131434514 76.2707199683556 82.4134392371544 81.9717084444486 83.0790067819449 86.7453231811523 88.3051129854642 88.5703582763672 83.3981238145095 80.6868576636681 79.334536919227 81.3667617210975 82.5964050292969 83.695384979248 86.1431001516489 87.8482225858248 87.828725374662 89.5460099440355 89.5284784757174 89.451727940486 86.0487932058481 86.0169325608474 87.1401017995981 85.554194523738 86.5314410283015 88.9392920274001 84.6454596886268 84.4348084376409 81.1651024451623 79.1144588177021 76.7713561424842 79.2086733304537 83.7009600125826 88.5812647892879 85.786425957313
-9999 -9999 -9999 -9999 -9999 -9999 -9999 -9999 -9999 -9999 -9999 -9999 -9999 -9999 -9999 -9999 -9999 -9999 -9999 -9999 83.5124188936674 75.2876622126653 75.4247281001164 72.3461286104642 61.9743910569411 63.1634500943697 60.9756484398475 65.6538872352013 69.0041345449594 78.3019840533917 84.163445692796 82.1542537395771 84.2044856731708 92.8431989229642 89.7750660822942 82.3008546095628 85.0754118699294 83.2658626849835 79.3928046593299 81.1512333796575 80.1903263972356 80.9092744680551 84.6717042189378 87.6263172443096 91.6294294504019 92.7836611821101 93.0724820357103 92.0839265676645 91.5764700082632 94.2962270883413 96.5878932659443 99.0489290677584 95.2954072218675 94.6222968468299 91.4538386418269 87.1561358525203 82.8463906508226 75.9909353989821 75.5985964261568 78.9106929485614 82.3643027085524 88.2596793541541 90.648672250601
-9999 -9999 -9999 -9999 -9999 -9999 -9999 -9999 -9999 -9999 -9999 -9999 -9999 -9999 -9999 -9999 -9999 -9999 93.0147546621469 96.5456319955679 89.6598393366887 75.3081923264724 74.7107943021334 70.3711301363432 62.1942652188815 62.0457596412072 61.5915779700646 68.3907993023212 72.6755538353553 88.9600190382737 91.2117133507362 88.7202612069937 90.0099305372972 93.5828880896935 90.7350229116587 84.8962056086614 84.8550332876352 84.558481656588 80.8713795588567 80.4835762610802 79.8816331716684 82.7837292597844 85.8388608785776 88.3468431326059 91.5894187046931 93.2755207648644 93.2812717144306 93.113697052002 96.2126972491925 100.938693119929 103.705050541804 100.26896080604 97.1039637052096 91.5740063007061 89.1676861689641 86.1722805316632 81.5451981471135 76.537607046274 79.0827962435209 78.8750032278208 81.5824250441331 83.6496761028583 84.8192986708421
-9999 -9999 -9999 -9999 -9999 -9999 -9999 -9999 -9999 -9999 -9999 -9999 -9999 -9999 -9999 -9999 -9999 -9999 96.2681380051833 94.2728517972506 83.6480331420898 78.4636752788837 77.500732421875 69.5173718379094 73.4938043447641 62.5931560809796 74.8555632371169 84.0731380169208 88.9639024000901 96.222116617056 100.189358637883 99.1878879253681 93.9995968158428 94.7036790114183 99.4331606351412 96.0687349759615 91.0881928663987 90.4992740337665 88.7105853740986 87.6910508962778 86.9975169255183 88.0102663773757 87.9856271010179 89.6347688528208 91.5874889080341 92.5406513214111 91.8763469549326 92.0140642019419 94.9063550508939 97.564604979295 94.4139501865094 91.8742096974299 88.0534637891329 84.8044319886428 82.80272263747 81.2909173231859 82.4620015070989 84.4063255603497 85.2540632394644 81.1873300992525 79.1007887033316 76.2258705726037 74.9337378281813
-9999 -9999 -9999 -9999 -9999 -9999 -9999 -9999 -9999 -9999 -9999 -9999 -9999 -9999 -9999 -9999 87.0803568913386 91.8314883892353 91.7799976055439 96.7314230111929 87.4372106698843 81.7252872173603 79.9913001427284 75.5854101914626 77.9570673429049 75.5387226985051 85.4235901465783 89.4194162808932 93.3754116938664 104.03509756235 102.750937828651 97.4670867919922 94.5717978844276 93.6947749211238 95.3249693650466 97.8487102801983 93.074278317965 88.8678230872521 87.9787095876841 86.4786834716797 84.9616543696477 87.0265922546387 89.5993936978854 91.2212785574106 92.5963442875789 93.767647082989 94.7425319965069 95.7397683950571 94.4798988929162 93.1838631263146 90.3749694824219 88.3808734600361 87.4365965036245 84.4494018554688 84.6903737875132 85.0438628563514 86.039188678448 87.6755737891564 89.9838289114145 87.8521520174467 85.2945506756122 82.0459808936486 77.358593573937
-9999 -9999 -9999 -9999 -9999 -9999 -9999 -9999 -9999 -9999 -9999 -9999 -9999 -9999 -9999 -9999 84.878041780912 88.253651545598 90.6556261502779 89.3943986159105 83.2988648047814 81.5455248906062 85.46660056481 88.0748781057505 93.663807795598 88.7420234680176 92.2977738013634 97.3458950336163 97.8136221078726 101.632333021898 99.6796875 96.2134387676532 94.7410090519832 93.6840931819035 95.2899959270771 92.759642967811 90.6754998427171 88.1396232018104 87.736185660729 85.165221287654 86.0165575467623 88.946236537053 91.3604721656212 92.0567653362568 92.971424983098 94.938593350924 97.7623373178335 98.7454229501577 96.2211561936599 90.2905114980844 87.5223271296575 88.7291459303636 87.5141830444336 80.4159038250263 86.7475486168495 92.7256610576923 89.8504128089318 89.7325093195989 88.0087720430814 82.5839162973257 80.3966131943923 70.8173258854793 74.1169512822078
-9999 -9999 -9999 -9999 -9999 -9999 -9999 -9999 -9999 -9999 -9999 -9999 -9999 -9999 -9999 89.6343985337477 85.7209725013146 96.8468293410081 99.5453326885517 100.211107694186 101.366480313815 104.9032129141 112.440175569974 109.129323519193 107.716421274038 113.168235778809 112.829491835374 104.382076263428 103.734166071965 101.431807297927 99.5857860858624 100.275917346661 97.0928940406212 95.2960507319524 96.688781444843 95.5127223088191 93.4644374847412 90.2259272061861 88.547724210299 86.7671165466309 86.774596287654 89.7033805847168 92.1971459021935 93.5058708190918 95.3523113544171 97.6498888455904 98.2103535578801 99.3639297485352 96.6056377704327 92.4553656944862 90.6952990018404 92.7579709566557 94.3117602421687 87.1459922790527 88.9755448561448 91.7601476816031 90.9938419048603 88.5754705575796 89.7661182697003 85.8377439058744 85.339611346905 72.7620409451998 72.8627797640287
-9999 -9999 -9999 -9999 -9999 -9999 -9999 -9999 -9999 -9999 -9999 -9999 -9999 -9999 -9999 79.2235157306378 92.4376305800218 96.5456176170936 112.02450972337 111.963723402757 121.073141831618 125.462438143217 122.46990614671 123.516688420222 120.350325951209 118.945890573355 110.890869140625 108.283436114971 106.880777505728 103.450316502498 101.513639303354 99.5570801955003 97.5460938673753 97.9487317892221 98.6514935126671 95.984498830942 94.689638871413 93.4567433870756 91.417308807373 88.3572020897498 88.0207877525916 90.3855106647198 92.3932008009691 93.7840452927809 96.4469897930439 98.2093147864709 101.348823987521 101.317259274996 98.3323750129113 96.7129683861366 94.5949055598332 97.4239231989934 99.2534974905161 94.6182714608999 94.1777701744666 85.7574228140024 80.728213090163 88.883167560284 86.6092549837553 83.2352793766902 81.3624942486103 80.4928594735952 77.6711898216834
-9999 -9999 -9999 -9999 -9999 -9999 -9999 -9999 -9999 -9999 -9999 -9999 -9999 -9999 78.5761912419246 84.1888906038725 97.613474038931 108.899137056791 113.323885404147 120.32245694674 129.079834571251 129.769617520846 127.729113065279 132.478948152982 128.461821336013 120.631287501409 110.04327069796 103.588990725004 102.006150172307 100.816305013803 100.602916130653 101.67570745028 100.452379813561 98.13463475154 96.6629221989558 96.043951181265 97.0333557128906 96.6874812199519 93.8933501610389 91.2508360055777 90.9380663358248 91.355897463285 92.6124021089994 96.9482019864596 98.1467641683725 99.7799987792969 103.438339820275 103.846101027269 101.526087834285 100.668992849497 100.681691096379 98.8925241323618 101.408729259784 102.480827918419 98.7607938326322 88.9423613915077 82.158942589393 91.3122200599084 87.8096571702224 82.2339677077073 81.2448883056641 75.6094284057617 73.5144427372859
-9999 -9999 -9999 -9999 -9999 -9999 -9999 -9999 -9999 -9999 -9999 -9999 -9999 73.2962872431828 77.4516487121582 92.430784372183 112.097142146184 118.528361393855 131.115161602314 134.505552438589 134.759351290189 135.481857299805 131.677241398738 129.467410160945 129.452720055213 119.603605710543 111.150368030255 101.090215536264 101.560843981229 101.113621785091 99.3350853553185 98.6433956439678 98.0616232065054 98.1140711857722 98.8756596491887 98.9231174175556 97.2478942871094 95.6903733473558 95.5594769991361 96.0233359703651 100.108197872455 100.985333516048 105.167711698092 104.068293057955 103.177770174467 103.562160198505 107.725531944862 109.952521690956 108.6214159452 106.141367105337 103.622361990122 105.077115278978 103.567290966327 105.73693554218 104.261120429406 93.2006806593675 81.6011610764724 75.0336115910457 74.1672894404485 73.6215653052697 78.9365548353929 78.770937699538 84.1461043724647
-9999 -9999 -9999 -9999 -9999 -9999 -9999 -9999 -9999 -9999 -9999 -9999 -9999 82.4863471984863 89.7170157799354 102.620508634127 117.910400977501 132.344543457031 141.226490901067 145.342422485352 139.951038654034 135.389364976149 138.469337463379 132.677327669584 125.889501718374 122.44423029973 111.308167677659 102.824545200054 98.0747528076172 98.5356844388522 97.8418567364032 96.353632413424 95.1781815748948 97.1916292630709 99.0391980684721 99.8955799983098 97.9528427124023 101.031965549176 103.046554712149 108.559803302471 110.322826678936 115.366104125977 114.900231581468 115.126284672664 111.141811664288 113.001650883601 114.258405832144 113.022124657264 113.003494849572 111.001204857459 111.356204106258 110.896604684683 108.433295323299 109.930184584398 104.170323298528 87.6889431293194 70.6135881864108 77.3307814964881 82.1882579510029 85.1319964482234 75.067925966703 81.9831695556641 78.744314633883
-9999 -9999 -9999 -9999 -9999 -9999 -9999 -9999 -9999 -9999 -9999 -9999 80.9706943218525 87.3083648681641 96.6759602473332 106.093899653508 121.500254704402 133.220217778133 138.632447462815 138.160575866699 143.254030080942 141.007900531475 132.903019244854 131.914037851187 132.605754558857 125.2220118596 114.68329679049 107.566974346454 107.987758929913 107.063525566688 103.934620343722 98.4034037956825 98.9150220430814 101.654344998873 105.413970360389 111.101737976074 113.273020230807 114.200478186974 115.674244807317 116.944279010479 119.801333500789 117.503102229192 115.349479675293 119.558493394118 118.311640225924 118.212365957407 117.970684344952 117.310247567984 115.448603703425 115.708780141977 114.890053382287 118.940912099985 111.959641089806 115.076556865986 106.139120835524 104.139347369854 98.2472886305589 95.5196682856633 98.7270654531626 95.1019642169659 87.1009228046124 84.3391503554124 88.3190545302171
-9999 -9999 -9999 -9999 -9999 -9999 -9999 -9999 -9999 -9999 -9999 -9999 90.292717566857 94.9025063147912 106.661079993615 113.84533397968 131.555219210111 138.388141338642 142.567026578463 138.461766756498 147.152780972994 145.295980013334 141.079787034255 137.559510451097 139.066791827862 128.891409653884 122.574093745305 114.234804006723 112.940557626578 116.065163245568 113.087410560021 109.017907362718 101.826837392954 108.326182438777 112.030557485727 117.566077599159 117.787823016827 122.779447702261 120.226401695838 122.734942509578 121.134139427772 120.957644535945 117.994969294621 118.643798241249 111.457481384277 118.578711876502 122.105919471154 123.446094219501 119.535318227915 125.396750230056 126.544329129733 128.417528592623 122.824919480544 120.91563298152 111.455072256235 108.555276137132 104.939230111929 104.856570317195 100.225404005784 96.2448337261493 96.5127451970027 90.1073250403771 93.3480095496544
-9999 -9999 -9999 -9999 -9999 -9999 -9999 -9999 -9999 -9999 -9999 88.5468565133902 99.1365415132963 108.988577329195 128.072566692646 137.380288344163 147.699842599722 146.35693359375 147.912073575533 141.355022723858 144.326184786283 146.722348139836 143.865663381723 141.256614685059 139.9040820782 131.814159099872 127.907227736253 120.229883047251 120.114243727464 118.519558246319 119.752163813664 116.598196176382 114.748086195726 115.339513338529 114.992237384503 119.659098698543 121.907363304725 122.318678635817 123.921509962816 121.726517897386 125.522858839769 123.905933086689 120.801773071289 119.864571204552 113.497465280386 116.183445857121 111.990065354567 117.710482670711 123.537446242112 128.733268737793 127.933691758376 130.924353966346 128.406186617338 125.041962256798 124.244709895207 118.883055466872 117.729160602276 116.357960040753 104.451543954703 100.893930288462 98.6163224440355 100.261428833008 104.246930635892
-9999 -9999 -9999 -9999 -9999 -9999 -9999 -9999 -9999 -9999 -9999 104.888011638935 109.655359708346 119.810959449181 139.354415306678 145.089942932129 146.46067575308 147.90240243765 146.140082139235 137.239936241737 141.469635596642 142.81765805758 146.113870474008 146.365285433256 142.21952526386 133.668297400841 131.427415114183 127.460500863882 125.545322711651 126.543308551495 127.895631643442 126.236719571627 124.503804720365 127.682078434871 125.433447617751 123.574888376089 123.644466106708 124.761285048265 128.604614844689 132.626605107234 132.930183410645 132.499425447904 127.166770935059 123.507702754094 121.444637005146 112.517430818998 116.242308396559 115.276184668908 125.770499596229 132.745944096492 132.260931161734 133.639373779297 135.875434875488 136.010187002329 134.794624328613 133.24819124662 127.997382530799 121.465117821327 111.625146719126 104.428047180176 100.355164161095 105.691318805401 108.214342557467
-9999 -9999 -9999 -9999 -9999 -9999 -9999 -9999 -9999 -9999 -9999 -9999 123.481442964994 133.416342515212 136.534165015587 140.809012192946 146.449744591346 145.310822706956 141.952810434195 137.121675344614 136.207227853628 142.544451786922 143.73217010498 145.591138399564 144.304807222806 143.001503577599 139.874492351825 134.208355830266 132.440508915828 134.107328561636 131.440505981445 135.525909423828 132.163446279672 133.511488107535 130.128248948317 127.118510906513 128.738858736478 127.936646681566 130.92490034837 137.351166945237 136.234362675593 135.427731440617 135.362205505371 128.149073087252 121.655984144944 111.124004070575 114.371416532076 110.086757366474 117.775691692646 118.376129150391 130.829338660607 134.12653526893 133.646911621094 139.505582956167 139.384054330679 136.993414658767 133.659038250263 125.111825209398 116.688548161433 111.659320537861 109.384448711689 116.675340505747 117.448706406813
-9999 -9999 -9999 -9999 -9999 -9999 -9999 -9999 -9999 -9999 -9999 -9999 128.59585747352 138.394551203801 140.967765808105 145.057481619028 147.296056307279 143.932366591233 142.891620342548 137.834553058331 137.890515840971 145.625711294321 145.099906921387 147.045239375188 150.367953960712 148.546432495117 149.215470534105 147.387549180251 147.650519150954 143.081006563627 143.540791438176 140.346389770508 138.781970684345 137.845082796537 136.921259366549 132.39519911546 134.979977534367 134.06682410607 132.164793161245 135.629225510817 141.106181218074 141.760674109826 143.246005718525 130.927288348858 127.276031494141 115.624118511493 111.845653240497 107.644404484675 106.626350402832 112.459421597994 121.784727243277 122.577471219576 130.991468576285 136.76837686392 138.256556584285 138.119922931378 135.597631601187 135.165794372559 130.740167471079 126.596234248235 125.858217679537 125.439871567946 119.357163649339
