rasters/bioclim/bio16.asc
NCOLS 720 
NROWS 300 
XLLCORNER -180 
YLLCORNER -60 
CELLSIZE 0.5 
NODATA_value -9999 
[rows 28 to 55 of 300, columns 63 to 125 of 720]
-9999 -9999 -9999 -9999 -9999 -9999 -9999 -9999 -9999 -9999 -9999 -9999 -9999 -9999 -9999 -9999 -9999 -9999 -9999 -9999 -9999 -9999 -9999 -9999 -9999 -9999 -9999 -9999 -9999 -9999 -9999 -9999 -9999 -9999 -9999 -9999 -9999 -9999 -9999 -9999 -9999 -9999 -9999 -9999 -9999 -9999 -9999 -9999 -9999 -9999 -9999 -9999 -9999 -9999 -9999 -9999 -9999 -9999 -9999 54.4402674161471 54.6512077038105 -9999 -9999
-9999 -9999 -9999 -9999 -9999 -9999 -9999 -9999 -9999 -9999 -9999 -9999 -9999 -9999 -9999 -9999 -9999 -9999 -9999 -9999 -9999 -9999 -9999 -9999 -9999 -9999 -9999 -9999 -9999 -9999 -9999 -9999 -9999 -9999 -9999 -9999 -9999 -9999 -9999 -9999 -9999 -9999 -9999 -9999 -9999 -9999 -9999 -9999 -9999 -9999 -9999 -9999 -9999 -9999 -9999 -9999 -9999 -9999 -9999 -9999 -9999 -9999 58.9961999746469
-9999 -9999 -9999 -9999 -9999 -9999 -9999 -9999 -9999 -9999 -9999 -9999 -9999 -9999 -9999 -9999 -9999 -9999 -9999 -9999 -9999 -9999 -9999 -9999 -9999 -9999 -9999 -9999 -9999 -9999 -9999 -9999 -9999 -9999 -9999 -9999 -9999 -9999 -9999 -9999 -9999 -9999 -9999 -9999 -9999 -9999 -9999 -9999 -9999 -9999 -9999 -9999 -9999 -9999 -9999 -9999 -9999 -9999 -9999 -9999 -9999 -9999 -9999
-9999 -9999 -9999 -9999 -9999 -9999 -9999 -9999 -9999 -9999 -9999 -9999 -9999 -9999 -9999 -9999 -9999 -9999 -9999 -9999 -9999 -9999 -9999 -9999 -9999 -9999 -9999 -9999 -9999 -9999 -9999 -9999 -9999 -9999 -9999 -9999 -9999 -9999 -9999 -9999 -9999 -9999 -9999 -9999 -9999 -9999 -9999 -9999 53.0948633047251 57.1993381793682 59.5423267071064 62.7961358290452 62.982783977802 63.6827454200158 62.4350207402156 62.1562147874099 64.6556819035457 -9999 -9999 -9999 67.5711960425744 63.6309030972994 -9999
-9999 -9999 -9999 -9999 -9999 -9999 -9999 -9999 -9999 -9999 -9999 -9999 -9999 -9999 -9999 -9999 -9999 -9999 -9999 -9999 -9999 -9999 -9999 -9999 -9999 -9999 -9999 -9999 -9999 -9999 -9999 -9999 -9999 -9999 -9999 -9999 -9999 -9999 -9999 -9999 -9999 -9999 -9999 -9999 -9999 -9999 -9999 -9999 -9999 65.9644123957707 66.4038065396822 68.025095132681 68.3859927837665 66.2091836195726 65.1084814805251 64.0641441345215 63.3279016934908 65.098692380465 67.8858900803786 72.4648619431716 70.593383202186 67.9614765460675 67.4809012779823
-9999 -9999 -9999 -9999 -9999 -9999 -9999 -9999 -9999 -9999 -9999 -9999 -9999 -9999 -9999 -9999 -9999 -9999 -9999 -9999 -9999 -9999 -9999 -9999 -9999 -9999 -9999 -9999 -9999 -9999 -9999 -9999 -9999 -9999 -9999 -9999 -9999 -9999 -9999 -9999 -9999 -9999 -9999 -9999 -9999 -9999 -9999 -9999 70.3852961613582 73.2813433133639 72.0041656494141 71.8207919781025 69.5316889836238 68.1314571087177 69.4752655029297 66.6433780376728 64.3680235055777 66.0233060396635 72.2787076509916 76.0650846041166 73.5460827167218 71.3558822044959 69.7119228656475
-9999 -9999 -9999 -9999 -9999 -9999 -9999 -9999 -9999 -9999 -9999 -9999 -9999 -9999 -9999 -9999 -9999 -9999 -9999 -9999 -9999 -9999 -9999 -9999 -9999 -9999 -9999 -9999 -9999 -9999 -9999 -9999 -9999 -9999 -9999 -9999 -9999 -9999 -9999 -9999 -9999 -9999 -9999 -9999 -9999 -9999 -9999 71.7970337500939 74.2161565927359 74.2992888230544 71.1935870830829 70.187123812162 72.410777752216 70.3485623873197 70.164924621582 68.5848555931678 68.5429895841158 68.3812123812162 71.6324272155762 75.0634988638071 -9999 -9999 72.2019286522498
-9999 -9999 -9999 -9999 -9999 -9999 -9999 -9999 -9999 -9999 -9999 -9999 -9999 -9999 -9999 -9999 -9999 -9999 -9999 -9999 -9999 -9999 -9999 -9999 -9999 -9999 -9999 -9999 -9999 -9999 -9999 -9999 -9999 -9999 -9999 -9999 -9999 -9999 -9999 -9999 -9999 -9999 -9999 -9999 -9999 -9999 75.2576505220853 75.6070128220778 76.3493397052471 75.9636430006761 74.1688346862793 74.5666847229004 73.7222970815805 73.4713927048903 73.2293422405536 71.4804065410907 72.6126782343938 71.0980984614446 -9999 -9999 -9999 78.7936600905198 73.928108215332
-9999 -9999 -9999 -9999 -9999 -9999 -9999 -9999 -9999 -9999 -9999 -9999 -9999 -9999 -9999 -9999 -9999 -9999 -9999 -9999 -9999 -9999 -9999 -9999 -9999 -9999 -9999 -9999 -9999 -9999 -9999 -9999 -9999 -9999 -9999 -9999 -9999 -9999 -9999 -9999 -9999 -9999 -9999 -9999 -9999 -9999 -9999 -9999 84.2795234093299 92.0965411846454 89.2285103431115 84.8118649996244 84.3438984797551 80.1613417405349 79.8899770883413 79.7331830538236 -9999 -9999 -9999 84.8186246431791 85.1962033785307 82.1040948721079 82.2251381507287
-9999 -9999 -9999 -9999 -9999 -9999 -9999 -9999 -9999 -9999 -9999 -9999 -9999 -9999 -9999 -9999 -9999 -9999 -9999 -9999 -9999 -9999 -9999 -9999 -9999 -9999 -9999 -9999 -9999 -9999 -9999 -9999 -9999 -9999 -9999 -9999 -9999 -9999 -9999 -9999 -9999 -9999 -9999 -9999 -9999 -9999 -9999 -9999 -9999 -9999 86.7346432025616 85.3946386483999 85.0520577063927 -9999 -9999 -9999 -9999 -9999 -9999 -9999 -9999 -9999 -9999
-9999 -9999 -9999 -9999 -9999 -9999 -9999 -9999 -9999 -9999 -9999 -9999 -9999 -9999 -9999 -9999 -9999 -9999 -9999 -9999 -9999 -9999 -9999 -9999 -9999 -9999 -9999 -9999 -9999 -9999 -9999 -9999 -9999 -9999 -9999 -9999 -9999 -9999 -9999 -9999 -9999 -9999 -9999 -9999 -9999 -9999 -9999 -9999 -9999 -9999 -9999 -9999 -9999 -9999 -9999 -9999 -9999 -9999 -9999 -9999 -9999 85.4687036367563 85.5901976365309
87.9128400362455 88.2128513042743 -9999 -9999 -9999 -9999 -9999 -9999 -9999 -9999 -9999 -9999 -9999 -9999 -9999 -9999 -9999 -9999 -9999 -9999 -9999 -9999 -9999 -9999 -9999 -9999 -9999 -9999 -9999 -9999 -9999 -9999 -9999 -9999 -9999 -9999 -9999 -9999 -9999 -9999 -9999 79.7588583139273 77.3281877957858 -9999 -9999 -9999 -9999 -9999 -9999 -9999 -9999 -9999 -9999 -9999 -9999 -9999 -9999 -9999 -9999 -9999 -9999 -9999 -9999
103.569678086501 103.132215059721 102.314008272611 100.881019592285 100.928734999437 99.4221930870643 95.4251902653621 89.3645858764648 80.2889806307279 73.1411969111516 72.089905665471 72.1173119178185 73.492194542518 79.7062973609337 -9999 -9999 -9999 -9999 -9999 -9999 -9999 -9999 -9999 -9999 -9999 -9999 -9999 -9999 -9999 -9999 -9999 -9999 -9999 76.9339775672326 83.2022564227764 79.5129799476037 74.4928629948543 76.8439671443059 92.148073049692 102.985595116249 101.317696204552 94.4133987426758 86.8003827608549 80.8844422560472 -9999 -9999 78.4382688082182 78.4494693462665 -9999 -9999 -9999 87.0150492741511 91.8481861994817 93.8203811645508 -9999 -9999 -9999 -9999 -9999 -9999 -9999 -9999 -9999
129.854581392728 132.488062345065 133.638134883 130.237055264986 129.405326256385 127.053936884953 125.084914574256 115.479995140663 105.787199167105 101.558848454402 94.4531816335825 91.6083934490497 91.1567083505484 86.7412464435284 86.6319351196289 87.0476851830116 88.4082450866699 89.447258582482 94.623169532189 102.759069002592 -9999 -9999 -9999 -9999 -9999 104.59718146691 100.619959904597 98.2565806462215 101.077729445237 99.3922840998723 90.4539607121394 76.8176169762245 78.0104487492488 82.1423797607422 87.5016673161433 92.7140678992638 94.8622448260968 104.788270216722 112.553547198956 122.794982910156 109.931482168344 94.7849479088416 89.0604541485126 81.2740901066707 82.0988223736103 83.0223159790039 81.3103831364558 80.7316997234638 80.0722351074219 81.1104196401743 84.5345230102539 90.1989417442909 93.8701559213492 99.255500793457 100.634428757888 97.2753959068885 90.5460985623873 91.545045705942 90.8235579270583 -9999 -9999 -9999 -9999
142.168699411245 146.13185941256 145.659314082219 138.15542778602 132.830808199369 132.534971383902 124.011245140663 116.232978820801 111.039557236892 105.426939744216 102.764050997221 100.47861128587 101.482960040753 103.415398230919 99.4061138446514 101.831875727727 99.7742931659405 101.99941605788 110.687543428861 116.031078045185 115.344913189228 113.993630629319 116.518234839806 115.344125600962 111.878493675819 107.123979421762 104.967723552997 101.874770531288 101.653626662034 100.51547065148 97.0902539766752 89.3973664503831 86.5058810894306 91.4131604708158 94.5713759202224 93.385994544396 89.2375077467698 89.86144726093 95.8013781034029 102.794059166541 96.665399991549 90.2729204618014 89.7332276564378 91.2391234177809 93.7230758666992 92.1234048696665 91.1021194458008 89.4686073890099 88.2988017155574 90.0068013117864 89.3821669358474 89.7324383075421 93.827276963454 97.0271377563477 100.082463777982 99.0737533569336 96.4360210712139 97.5593643188477 98.7211708655724 100.027711721567 98.5908279418945 98.9894192035382 97.8342026930589
153.992317199707 145.709442725548 143.139866755559 133.145761930026 125.377400324895 121.181435805101 117.910248389611 115.928766690768 110.899888258714 113.224089402419 111.81519317627 114.120014484112 114.16752741887 113.486977210412 115.0355958205 114.886120722844 111.811946575458 110.665229797363 118.111139737643 127.151133610652 125.106295658992 119.750002347506 119.560148385855 120.141394981971 117.381707998422 110.262565025916 107.648624713604 106.653924208421 104.311910775992 102.523772019606 102.6673243596 97.4460660494291 95.5007605919471 96.0131401648888 97.1553051288311 92.2749692476713 84.6316581139198 82.0712638268104 85.0658434354342 88.2737344595102 90.4611646212064 96.592897268442 98.6201793964093 102.047041672927 105.467395489032 103.155488821176 100.87495128925 97.5032788790189 97.778572669396 96.5659344012921 94.352541410006 89.9253704364483 92.3638358482948 97.5897809542142 101.840636620155 104.199828514686 105.44256239671 104.580106295072 106.32669712947 102.133016733023 101.208503136268 100.005697397085 -9999
147.416647104117 135.833510765663 134.299254197341 129.122384878305 129.143629220816 128.840837918795 130.649121211125 127.7630175077 120.110608614408 122.388721759503 120.809444134052 122.971169691819 125.113923292894 127.309267484225 128.517285860502 124.761323195237 122.818077087402 120.775526780349 121.424312884991 122.479858985314 129.638147794283 142.601648183969 145.25451366718 137.441856384277 126.869888892541 123.84188079834 127.418109013484 122.579647357647 111.415661738469 106.39892402062 106.695128220778 105.234938988319 103.201352632963 100.553679833045 98.6333242563101 95.1324762197641 91.3742951613206 87.7788044856145 85.3546048677885 85.1771979698768 89.7492863581731 96.2886452308068 98.5064503596379 96.3188863900992 96.2224813608023 95.94371678279 95.8458202068622 94.6111083397498 93.9056742741511 93.2987864567683 92.6436233520508 93.9811172485352 92.6682123037485 98.989879314716 101.446975708008 102.105774806096 104.609200110802 107.72001178448 106.121612548828 106.080235407903 105.829801706167 105.042053809533 -9999
141.981793917142 132.856421250563 130.644373967097 129.627809377817 131.111721919133 133.136704664964 136.115139301007 131.706725487342 129.497752262996 129.477805504432 134.9086426955 142.435911912185 145.296460665189 146.306306105394 147.085370577299 146.575030987079 142.465692960299 138.125491215633 129.138360830454 121.795694791354 132.589157691369 148.30684368427 149.340269822341 138.463191105769 131.41040625939 127.950988769531 125.413202139047 122.783041147085 112.340810335599 106.917028573843 107.4891404372 109.017433166504 106.930125896747 103.493586026705 103.624549865723 98.5808833195613 97.1798295241136 95.7283313457782 94.5876089242788 93.1162954477163 95.6520473773663 100.605350787823 103.40619131235 100.729602520282 101.982640193059 100.640098278339 99.3041100135216 99.8824462890625 98.359570136437 93.1545034555288 95.741574214055 97.3092692448543 96.6290787916917 96.2079893258902 96.5255088806152 100.524085411659 106.258505601149 108.472974337064 108.214495145358 107.694776681753 109.430242685171 111.267218369704 -9999
140.641914367676 127.971582852877 128.39482820951 128.664952204778 130.303757300744 134.076218238244 135.052849402794 138.826169527494 136.944794874925 138.361706660344 150.035534785344 166.730386000413 175.36144902156 173.257955697867 172.252643878643 174.626970731295 177.937700124887 167.921247629019 137.922825153057 118.866619990422 121.003799438477 129.625970693735 130.850844163161 131.901662386381 133.120738689716 124.638698871319 119.795130216158 117.75041785607 108.564040550819 106.368033775916 107.054828937237 106.876422588642 106.429995023287 104.497579134428 104.833905146672 101.965609036959 101.169359060434 102.098926250751 103.560181837816 106.45188669058 105.672867408166 106.589597848745 109.514293377216 108.977890014648 110.450533940242 111.33737886869 110.560759324294 110.491113516001 108.010453150823 106.578790517954 104.790655869704 104.473135728102 102.437587738037 96.2615529573881 95.66779591487 103.674819359413 111.562786395733 106.966097905086 109.949644822341 110.949956453764 112.017305814303 116.480309119591 -9999
148.387323819674 151.058181175819 148.433186457707 143.555663475624 135.920882591834 132.855154184195 133.675368088942 133.199619586651 134.298370948205 139.123504638672 150.040348346417 163.382052494929 170.958317096417 179.761866642879 183.04496882512 187.475708594689 189.470983651968 172.978304936336 132.9342381404 109.179017873911 114.989065903884 127.291358360877 129.244510944073 126.100043663612 124.81558579665 124.154806870681 120.381209153395 120.315667372483 116.221899179312 113.391308711125 114.075315035306 112.413658728966 111.599852928749 109.956653888409 109.999200674204 108.834763160119 105.143352215107 107.397491455078 105.115132845365 105.087963984563 105.663828336276 105.681132389949 108.607021625225 112.94072664701 115.34897848276 113.620898320125 110.940638615535 108.779350280762 105.980502788837 105.393866025485 103.977124727689 103.778923621544 104.296819540171 100.187211256761 106.278499309833 109.237498356746 110.062522301307 112.626210139348 110.630165100098 112.29866027832 112.297251774715 110.288700397198 -9999
161.044461763822 176.390330387996 176.315125685472 163.982070922852 150.545381986178 145.093497643104 134.056134150578 129.509435213529 135.061083867 140.285440885104 145.109681349534 148.24599808913 157.241997352013 174.871965848483 184.476790208083 187.321243286133 185.689227764423 167.381948617788 123.481326763447 99.6347891000601 108.160535959097 125.743358318622 130.197085453914 123.649295513447 119.418457618126 120.600907545823 119.143265357384 121.119467515212 127.623882000263 129.321029076209 126.500814584585 124.089685293344 121.303569500263 119.123636685885 117.002012399527 116.450261629545 114.648090655987 111.839005103478 109.682250976562 109.382568946251 107.004176800068 108.851320706881 111.098616966834 115.214317908654 123.111993642954 118.388454730694 112.201248168945 106.950443854699 107.557860741249 109.36582330557 109.137053269606 108.418798886813 114.523307800293 115.595099815956 115.824082594651 114.604273282565 112.897173368014 102.388525155874 102.979145343487 104.147793696477 103.402052659255 106.216819763184 -9999
167.935409545898 182.059591440054 189.478162325346 200.973943857046 207.537143413837 193.639797504132 170.949861966647 156.031724196214 146.174274151142 140.911112858699 134.454862154447 129.746614309458 133.402616647574 145.825771625225 156.95056621845 162.89005455604 166.149421105018 153.553611168495 129.758984492375 114.714887765738 115.63744530311 124.642060499925 125.329302274264 118.42103107159 114.85617182805 117.168456444374 114.942717918983 118.041955801157 128.763118450458 136.288427499624 135.882150503305 133.029312133789 129.43964268611 127.194674565242 124.362927950346 131.854901240422 138.332359313965 138.535512484037 138.331096942608 136.155901395358 134.845959003155 130.262472886306 125.860340411846 116.811088562012 113.41322356004 109.889533703144 104.60714839055 106.771380204421 114.357405442458 118.695914048415 119.804389073299 124.015321878287 121.946865081787 127.046729454627 122.067704127385 118.216971764198 112.522686298077 107.826149867131 106.128203758827 103.664682828463 107.907731863169 112.819592402532 -9999
175.243539663462 177.500831017127 182.561765230619 198.058069082407 206.284724308894 197.713536189153 180.465943556565 166.574935913086 158.475757305439 151.178730891301 137.954854525053 131.023456866925 128.242804307204 139.730212871845 150.394997816819 151.380098783053 145.911540104793 137.907982459435 129.675929142879 120.42365030142 121.859453054575 127.582416240986 124.907275860126 120.002378610464 118.20681821383 121.499755859375 123.257595355694 123.082309429462 136.582312950721 143.084666912372 140.405020493727 137.8070801955 138.27242396428 135.925444382888 137.364191495455 144.278747558594 152.522046015813 155.168030372033 154.49681854248 154.80212871845 156.83442570613 154.604143582858 147.991695697491 127.804540193998 117.130264869103 113.463285299448 112.200029813326 112.945340083196 120.897758190448 126.320433983436 121.208783369798 116.757617657001 116.833032461313 120.979686443622 123.756469139686 120.855859022874 114.601371471698 109.981156862699 107.512367248535 103.434013953576 105.874686607948 108.48694727971 -9999
183.680497389573 173.506487332858 163.744241567758 155.763812138484 153.673081031212 163.661491980919 -9999 -9999 -9999 -9999 152.69631253756 143.856085557204 141.118298457219 143.261820866511 147.217735290527 141.234703650841 125.438236530011 122.213233360877 125.207547701322 127.938953693096 125.223163898175 129.058479895959 126.711622971755 123.206491323618 120.912139305702 125.028244605431 126.846517122709 127.762362553523 130.613711430476 134.159076397236 133.600601196289 134.4323924138 138.441782437838 137.46403327355 138.317551246056 144.707321166992 152.103215144231 153.545443021334 155.601262606107 158.362086369441 165.48975783128 169.992939875676 161.998848548302 141.624289879432 128.767726017879 124.177287761982 123.031106802133 119.621407142052 124.982757568359 129.899367405818 117.466472038856 111.334344717172 112.814543210543 117.561352656438 115.433421208308 111.25514632005 104.013585604154 100.835815723126 100.089049706092 101.402741652269 104.600473844088 107.292819683368 -9999
189.718833336463 193.52111346905 188.629184429462 172.182775644156 161.168525108924 158.961168729342 -9999 -9999 -9999 -9999 141.915127680852 137.638950054462 138.910140991211 152.998205331656 162.537036602314 154.440061129056 139.839208162748 127.918854346642 117.006168658917 108.085213881273 109.483306884766 116.8147852971 117.620128338154 119.90510559082 123.530383770282 128.935075613169 130.428406348595 129.082713200496 122.835324214055 118.869192857009 120.977529672476 127.573882469764 128.982426570012 136.788260826698 142.082820012019 148.05599799523 153.358278714694 165.214370727539 167.534794734075 174.250335693359 178.562325110802 185.147310697115 182.712532630334 158.232666015625 137.686364980844 131.886938241812 130.337893559383 122.170513446514 121.929947192852 120.413100022536 115.513398683988 109.001117266141 108.663533724271 111.885270192073 112.298046992375 104.805869762714 99.1026200514573 97.9745955834022 101.160153902494 101.735987149752 102.233496445876 103.992516737718 -9999
194.954087477464 199.709356454703 200.200318556565 185.607873769907 173.283949631911 156.517170832707 -9999 -9999 -9999 -9999 137.874404907227 136.310421870305 140.325105520395 157.160842895508 175.801508976863 176.544460590069 163.338981041541 143.653900733361 119.080495394193 96.3469044612004 98.1576279860276 109.886089031513 110.930183997521 117.63917365441 124.025864234337 133.07947246845 132.833736126239 131.155514643742 125.945706294133 125.488760728102 124.269971994253 123.863895709698 126.301001328688 136.576700063852 147.822107755221 152.831386272724 165.991847111629 176.465396587665 181.792715219351 191.736770629883 198.555943415715 207.697108342097 199.588150024414 172.586471557617 152.124446575458 145.259355985201 140.224676865798 130.085809560922 126.622571505033 120.509615971492 114.673030999991 110.666535010705 109.441811928382 108.579461904672 109.754305326022 104.651196406438 97.1756773728591 97.1348495483398 101.46603334867 103.393733097957 101.85327911377 100.886299133301 -9999
208.09598834698 190.120920034555 187.582932692308 170.846419701209 161.401376577524 167.437049278846 -9999 -9999 -9999 -9999 167.454096867488 160.215836745042 152.570368840144 151.480750450721 162.848391019381 163.572818462665 155.769127478966 145.170013427734 136.207839378944 123.737841092623 120.915378863995 118.677892831656 118.048262376052 121.770367549016 127.434706467849 133.23243537316 139.239421551044 141.37509390024 140.306519141564 142.013025137094 132.879731985239 124.704858633188 129.915034367488 141.110053429237 152.436063326322 167.199425330529 180.756096473107 196.398009080153 207.862836397611 221.994822575496 225.658061100886 226.792724609375 221.503935593825 204.322124774639 188.480368980995 175.243851294884 163.019731374887 139.403755187988 123.160257486197 112.845295245831 107.086521295401 109.812214044424 109.259674218985 106.959126692552 103.620256277231 101.338371276855 97.9478577833909 96.5737360440768 93.984489440918 92.7835341233474 96.9435594998873 101.469472738413 -9999
-9999 -9999 -9999 -9999 -9999 -9999 197.163851224459 -9999 -9999 -9999 -9999 -9999 -9999 -9999 -9999 -9999 -9999 -9999 -9999 -9999 128.222350487342 116.865567720853 112.417164142315 116.450093195989 119.993053729718 125.748141362117 135.06363091102 136.516766474797 139.966342632587 140.191096379207 135.821682856633 124.439206636869 130.191879272461 139.687481806828 151.555804325984 165.902491642879 182.048859816331 196.989053579477 219.018888033353 230.560460017278 236.15770310622 225.203072181115 218.457041813777 215.166981623723 207.141295212966 201.282183133639 187.384465144231 165.362211961013 140.520789806659 122.261395674485 115.42288853572 117.611193436843 113.865633157583 109.099301264836 105.086212158203 104.634479669424 104.933349462656 104.089387746958 99.9369735717773 98.1973935640775 98.8536687997671 103.819198021522 108.581574660081
