rasters/bioclim/bio16.asc
NCOLS 720 
NROWS 300 
XLLCORNER -180 
YLLCORNER -60 
CELLSIZE 0.5 
NODATA_value -9999 
[rows 112 to 139 of 300, columns 126 to 188 of 720]
295.495769794171 92.7774922297551 64.7890595656175 52.1580836956318 50.9135417938232 61.8619725153996 85.8544845581055 121.029637850248 128.385299682617 127.494392981896 163.24969130296 199.302142803486 218.440460205078 207.644493689904 224.905374380258 239.327119093675 213.238998413086 203.511036799504 194.33001943735 165.786960308368 136.644239572378 141.92315028264 174.269202599159 175.915164654072 146.662927480844 159.412434504582 181.396121685322 188.010222214919 185.629256028395 185.173504169171 187.747167733999 195.382118811974 190.261935894306 198.43047274076 210.844091562124 225.767664982722 248.778267493615 254.817630474384 245.812841562124 271.765664907602 285.488474919246 299.12555870643 304.293508676382 310.552938608023 325.653510460487 333.073807936448 336.944436880258 349.98574594351 359.468414306641 365.978663517879 382.656799316406 392.758373553936 406.408076359675 421.20613685021 419.469071608323 413.817504882812 405.546372633714 404.275939941406 395.364666278546 403.496842604417 411.191631610577 429.791269155649 427.932065523588
244.510769183819 99.3385661198543 38.7296563662015 42.3550607241117 49.0736261514517 65.982116992657 74.4621209364671 82.9984330397386 118.327497042142 115.044702970065 125.792647141677 165.160454383263 213.725523728591 186.866815420297 198.145388089694 217.939603365385 230.085662841797 231.355310293344 212.07710148738 147.2420801016 153.75475017841 138.715201744666 226.682759211614 190.7921095628 148.171179551345 153.878176175631 170.58986722506 177.661159808819 182.301922137921 179.871583205003 174.902256892278 170.990727351262 176.849592942458 187.722415630634 209.673913808969 226.696986271785 234.078498253456 235.836667574369 246.991134643555 259.361372727614 275.055186345027 289.192213792067 299.169892531175 301.631805419922 315.429279033954 319.24705857497 327.205270620493 345.947920579177 365.384627122145 382.248727651743 394.293773944561 404.119600736178 407.127821702224 414.892014723558 407.514146071214 409.719841590294 399.369708721454 386.036205585186 382.591071495643 401.793365478516 407.650810828576 414.106201171875 422.799130953275
283.696326622596 131.482625521146 49.3462131206806 34.3947990124042 40.7979978414682 57.4705857496995 70.9638792184683 79.317388681265 92.1283663236178 109.442749610314 116.497366685134 135.142474247859 197.262116652269 204.619302602915 157.540190476638 149.923421419584 177.997752262996 188.821381788987 165.096881573017 123.94613295335 146.440296466534 132.084000807542 219.135063758263 184.617847149189 150.680529667781 140.681567265437 153.072358351487 154.506854717548 160.003581120418 153.391918475811 150.441286527194 155.822101299579 163.064815814678 175.079770601713 190.966161874624 222.903895451472 240.455358651968 242.512782170222 250.059634868915 252.271417471079 268.108572152945 287.126545832707 295.864904550406 304.534883939303 318.7979689378 320.17244544396 318.481311504657 336.930560772236 366.552154541016 384.748720609225 401.446983924279 406.658484825721 410.246692364032 408.808901273287 393.797649676983 403.05611713116 396.430950458233 367.053570087139 383.442331167368 384.958345853365 403.990203857422 396.781881479117 389.189601017879
229.887204683744 187.480412996732 83.8368946955754 49.9325775733361 37.756837111253 48.9718938974234 69.105889247014 90.2949371337891 112.520679180439 129.242920508751 155.404205322266 171.671261127178 193.489750788762 203.441059992864 168.627712543194 149.360736553486 141.245177048903 136.500503540039 128.579331618089 128.399196918194 136.623016944298 141.391331012432 142.508094787598 154.290337195763 162.717379643367 139.608404306265 140.70448420598 147.976453927847 141.680026714618 137.348193828876 135.419047429011 141.025778550368 153.927136347844 171.237611037034 183.685767540565 212.923314021184 233.913368811974 243.14136329064 238.587207500751 252.474393404447 270.276888333834 286.261081402118 296.879460261418 305.527880155123 325.299555851863 329.761502779447 334.558056171124 348.475454477163 371.425128643329 388.196112999549 408.666440523588 403.90666785607 398.392369196965 391.706927959736 402.028998741737 408.100355881911 401.855069673978 393.370781531701 388.359520545373 388.214827317458 379.108196551983 376.771648700421 393.144939716046
-9999 171.948763333834 139.356041541466 114.388930100661 51.2892300532414 41.0003230755146 54.1356840867263 90.1906861525316 128.970018240122 165.389844454252 226.101648183969 250.195022583008 236.784108088567 210.083087627704 196.281442495493 196.992992694561 169.46112882174 138.216961787297 113.439841637245 103.883255591759 107.323573185847 110.175068781926 143.774256779597 141.211062504695 164.446012056791 148.120146531325 137.763029832106 138.15099628155 138.729837270883 131.546797532302 134.729916499211 141.633204533504 152.659905066857 170.332835270808 190.506031916692 206.671610905574 217.262235201322 229.256561279297 234.404363778921 240.872474083534 272.322305532602 294.822005051833 300.134775015024 305.244241567758 326.043278620793 344.540363018329 358.984156681941 371.011955848107 385.511314978966 407.398193359375 425.872847336989 416.862492487981 414.4526954064 417.884267953726 428.658923809345 407.002117450421 387.145359919621 400.432959923377 404.524773230919 387.087061955379 386.095677302434 387.498786339393 397.804870605469
-9999 155.31592970628 139.618113591121 89.5464383638822 -9999 -9999 -9999 74.3195422245906 120.830798809345 194.184323824369 233.293901883639 282.403479942909 273.746448223407 251.568739670974 228.341396625225 205.725616455078 198.015047513522 148.453599196214 115.220499478854 94.5466672457182 95.5993399986854 105.324444110577 122.153080280011 154.984627356896 153.239465566782 163.390633216271 143.434371361366 129.95993570181 128.666041447566 131.089653602013 125.400694627028 136.266679030198 149.397388164814 172.214792104868 188.225030752329 196.128299419697 201.587939922626 212.107345581055 221.407937856821 241.449513362004 264.979419414814 297.001056377704 315.356964111328 321.099102313702 336.163175142728 354.758507361779 369.18994140625 383.914877084585 406.845451941857 427.175102820763 434.689152644231 446.213907095102 439.161804199219 443.919881967398 457.687267596905 419.445056621845 405.655268742488 402.555527907151 403.839054987981 404.41838660607 414.096186711238 418.676027738131 412.685978816106
-9999 -9999 105.292280930739 110.96348630465 45.3470385624812 -9999 -9999 -9999 115.40211721567 164.743642953726 214.861564049354 262.716043325571 296.346510667067 273.771829458383 259.838797936073 216.788162231445 228.993877704327 184.756029569186 147.634641794058 114.372458237868 107.349345280574 119.100914588341 140.471577570989 135.68635559082 156.191959674542 190.547565166767 183.03095304049 148.602561950684 130.074378380409 126.860824584961 123.182267409105 132.958642225999 149.153156573956 169.689089261569 184.757673997145 192.137104914739 195.323643611028 213.087686391977 224.669837364784 244.859174288236 267.082680335412 295.797285813552 312.370661808894 341.460777869591 358.149613600511 371.653681828425 379.443195049579 389.010584904597 405.962446946364 421.886120135968 426.568612905649 433.239062969501 438.654557448167 448.09573833759 434.942124586839 415.693263127254 408.575070894682 405.274489182692 409.608006403996 405.008084810697 420.209404578576 438.427084115835 427.73006263146
-9999 -9999 106.449343461257 94.827626154973 61.8909237201397 -9999 -9999 -9999 97.0836475078876 155.337240365835 206.663649338942 247.644346970778 301.473684457632 293.5548048753 279.161794809195 278.926870492788 278.489106398362 257.56637103741 183.039077758789 154.207433260404 142.456665625939 150.162391075721 146.922536996695 147.789716280424 159.476725651668 182.150577251728 186.565126859225 168.597519507775 158.065463139461 131.690533564641 124.536069429838 133.238166222206 141.338671170748 163.275439922626 172.0490429218 188.273125281701 217.185706505409 225.410217285156 228.744988074669 251.691333477314 284.944587120643 304.955186110276 320.803342379057 344.774479792668 380.892556997446 379.573127159706 377.925377478966 385.095003568209 413.712813157302 416.362168532151 436.725024883564 449.562530517578 440.868135892428 436.550577016977 426.400561992939 -9999 -9999 -9999 -9999 -9999 -9999 -9999 411.675661527193
-9999 -9999 -9999 88.4016350966234 64.2912236727201 41.7264593564547 -9999 -9999 -9999 117.865820077749 176.635830218975 197.77016390287 284.939234806941 288.167657705454 305.299342228816 316.028179462139 353.817594088041 341.362966684195 271.965470534105 215.297518216647 207.730680025541 191.3879101093 157.49155484713 167.40390249399 128.492834237906 138.862919734075 148.766326904297 136.686793400691 137.742119422326 129.793558560885 120.927127544697 124.218529921312 135.991428081806 152.878248948317 160.631867041955 176.580118032602 224.310883742112 229.841833261343 239.852178720328 258.365580632136 278.128136268029 288.737498356746 301.009340726412 315.132310133714 334.650137094351 356.827892596905 -9999 -9999 400.500504713792 -9999 470.77111346905 456.954369178185 448.871680626502 423.648747370793 410.316140981821 402.407299335186 -9999 -9999 -9999 -9999 -9999 -9999 -9999
-9999 -9999 -9999 -9999 65.3790614788349 65.3693674527682 53.8750457763672 82.4000725379357 -9999 116.947056110089 137.251626821665 187.381900493915 264.275688758263 321.697897104117 348.950108454778 393.681098351112 410.492595966046 379.676436204177 313.344897930439 262.347855788011 197.224342346191 130.781967163086 151.498749366173 143.572985722468 126.926717904898 138.950216440054 130.113723754883 127.510900644156 131.642633291391 137.581287090595 118.453456291786 117.792950556828 129.724108769343 145.799606323242 148.40727527325 163.795519902156 194.596030602088 219.504275982197 243.889454768254 262.27599980281 258.716190044697 269.142299945538 275.12098811223 283.831992516151 -9999 -9999 -9999 -9999 -9999 -9999 -9999 -9999 -9999 -9999 -9999 -9999 -9999 -9999 -9999 -9999 -9999 -9999 -9999
-9999 -9999 -9999 -9999 -9999 63.2247983492338 76.2989469674917 49.5084078862117 -9999 -9999 112.040939331055 154.762097872221 261.710702749399 349.421682504507 399.002990722656 471.946967491737 505.524026724008 441.786973219651 348.32664841872 282.72789470966 279.688024667593 270.270564152644 184.270350529597 155.434289785532 149.933540344238 158.58924983098 155.559879596417 132.762544485239 141.332658620981 139.586264390212 123.042006859413 120.903791574331 136.877545870267 150.612892150879 158.103172889123 172.52804682805 192.444138746995 208.693916907677 229.094133817233 249.976995614859 262.8088085468 264.918455857497 262.580427903395 -9999 -9999 -9999 -9999 -9999 -9999 -9999 -9999 -9999 -9999 -9999 -9999 -9999 -9999 -9999 -9999 -9999 -9999 -9999 -9999
-9999 -9999 -9999 68.1046835092398 -9999 -9999 74.3981446486253 71.1556543203501 -9999 -9999 -9999 149.378258338341 224.912912222055 320.503863994892 407.493884746845 502.643695537861 637.492657001202 582.449580265926 426.459190955529 315.052534836989 277.025903555063 258.143229557918 196.958579430213 177.233481773963 170.307033832257 162.309191190279 150.107797475962 134.335901700533 130.787874661959 135.047018784743 108.513629033015 120.357147803673 123.773955125075 141.369317274827 161.524862436148 168.681509164663 188.771300095778 210.541668231671 217.23473064716 229.783322847806 -9999 -9999 -9999 -9999 -9999 -9999 -9999 -9999 -9999 -9999 -9999 -9999 -9999 -9999 -9999 -9999 -9999 -9999 -9999 -9999 -9999 -9999 -9999
-9999 -9999 -9999 -9999 46.0970306396484 53.9078512925368 55.7284804124099 63.0787770197942 66.7597817641038 -9999 -9999 -9999 -9999 270.71599989671 356.205226017879 465.971008300781 540.034052922176 509.481553297776 416.81881244366 331.73182795598 295.822474553035 269.341775747446 230.594823983999 200.131713867188 183.151331388033 167.204866849459 144.943627577562 117.786692692683 111.177621694712 103.654245229868 98.1923831059382 118.344079824594 117.294956500714 117.51943558913 129.985967782828 143.276420006385 175.350716224084 204.465113713191 224.090576171875 -9999 -9999 -9999 -9999 -9999 -9999 -9999 -9999 -9999 -9999 -9999 -9999 -9999 -9999 -9999 -9999 -9999 -9999 -9999 -9999 -9999 -9999 -9999 -9999
-9999 -9999 -9999 -9999 -9999 47.7331886291504 50.1217526655931 53.9431883004995 95.3118233313927 94.3627736018254 -9999 -9999 -9999 197.396338829627 272.081143892728 419.370586688702 538.838630089393 487.315455510066 462.202639066256 390.936288686899 357.736006516677 305.941378079928 285.601759690505 240.175865760216 205.926755464994 176.540866558368 135.623282212477 105.526286198543 100.10350887592 84.2477208651029 90.7286649850699 110.525330470159 116.6203419612 123.55003122183 117.513992896447 136.292520376352 166.376095111553 196.583131056565 221.145906888522 -9999 -9999 -9999 -9999 -9999 -9999 -9999 -9999 -9999 -9999 -9999 -9999 -9999 -9999 -9999 -9999 -9999 -9999 -9999 -9999 -9999 -9999 -9999 -9999
-9999 -9999 -9999 -9999 -9999 -9999 -9999 -9999 88.8094180180476 154.864029517541 115.404124333308 -9999 -9999 -9999 -9999 369.708679199219 482.596219576322 546.824314997746 537.803330641526 532.568439190204 464.266998291016 373.823068472055 348.613677978516 292.107799823468 228.154550405649 165.460662841797 126.366158705491 103.919990539551 94.7602606553298 90.5038475623498 99.6043472290039 117.673616262583 129.489425072303 133.595149113582 135.486273545485 154.030247614934 172.76306269719 189.049642709585 218.032937856821 -9999 -9999 -9999 -9999 -9999 -9999 -9999 -9999 -9999 -9999 -9999 -9999 -9999 -9999 -9999 -9999 -9999 -9999 -9999 -9999 -9999 -9999 -9999 -9999
-9999 -9999 -9999 -9999 -9999 -9999 -9999 -9999 -9999 84.8741102952224 139.156993572529 -9999 -9999 -9999 -9999 281.889050997221 420.318591778095 589.559532752404 607.609743558443 568.994598388672 565.076575646034 451.934060903696 348.017758882963 310.570578941932 245.801442072942 164.782407320463 118.77292398306 98.2415428161621 92.7432752755972 109.951700063852 113.896435077374 97.8012460561899 113.93022273137 164.848718496469 183.108873807467 172.874438359187 169.255899282602 168.268447875977 213.406262911283 -9999 -9999 -9999 -9999 -9999 -9999 -9999 -9999 -9999 -9999 -9999 -9999 -9999 -9999 -9999 -9999 -9999 -9999 -9999 -9999 -9999 -9999 -9999 -9999
-9999 -9999 -9999 -9999 -9999 -9999 -9999 -9999 -9999 -9999 100.019516284649 166.998881413386 -9999 -9999 -9999 196.769372793344 328.499861497145 454.898383507362 668.715444711538 614.180086576022 600.18073448768 480.675015963041 359.010805570162 294.127710195688 252.830834021935 172.241386413574 125.884890042819 88.3002876868615 93.6858881436861 128.022088270921 133.072700500488 105.627774165227 92.9125330998347 240.526450523963 239.910317054162 195.697563758263 170.527708200308 175.998019878681 220.961134690505 247.36732013409 -9999 -9999 -9999 -9999 -9999 -9999 -9999 -9999 -9999 -9999 -9999 -9999 -9999 -9999 -9999 -9999 -9999 -9999 -9999 -9999 -9999 -9999 -9999
-9999 -9999 -9999 -9999 -9999 -9999 -9999 -9999 -9999 -9999 80.4838544405424 168.764512869028 -9999 -9999 -9999 -9999 -9999 347.018406794621 537.592294546274 641.305471567007 646.273033728966 538.750004695012 399.347693810096 300.8617577186 267.822744516226 205.134482750526 160.659321124737 117.923777066744 100.179623530461 151.945962759165 169.019360468938 157.862254216121 172.408564640925 184.237703763522 325.178642859826 260.781847440279 226.018791785607 209.537778414213 234.178230872521 -9999 -9999 -9999 -9999 -9999 -9999 -9999 -9999 -9999 -9999 -9999 -9999 -9999 -9999 -9999 -9999 -9999 -9999 -9999 -9999 -9999 -9999 -9999 -9999
-9999 -9999 -9999 -9999 -9999 -9999 -9999 -9999 -9999 -9999 50.5334447713999 134.424823467548 181.743203970102 -9999 -9999 -9999 -9999 -9999 357.800429124099 503.431741567758 665.263662484976 622.726792555589 462.339252178486 377.375384990986 330.050295316256 295.829952533428 248.438912024865 176.990485558143 133.982320932242 140.444933377779 158.310858506423 161.974530733549 155.844866239108 164.708929208609 246.019119262695 292.194122314453 251.467687753531 238.55662888747 252.459615854117 -9999 -9999 -9999 -9999 -9999 -9999 -9999 -9999 -9999 -9999 -9999 -9999 -9999 -9999 -9999 -9999 -9999 -9999 -9999 -9999 -9999 -9999 -9999 -9999
-9999 -9999 -9999 -9999 -9999 -9999 -9999 -9999 -9999 -9999 -9999 75.3066086402306 151.591996999887 188.535702045147 -9999 -9999 -9999 -9999 -9999 424.444364107572 627.426879882812 648.341271033654 499.128227820763 436.694920466496 366.530252309946 330.988560603215 297.738361065204 230.427423330454 164.352026719313 131.652241633489 151.753895686223 162.838795588567 168.549679682805 202.069517869216 274.29812504695 330.601792555589 263.960637019231 246.730771578275 282.780060988206 -9999 -9999 -9999 -9999 -9999 -9999 -9999 -9999 -9999 -9999 -9999 -9999 -9999 -9999 -9999 -9999 -9999 -9999 -9999 -9999 -9999 -9999 -9999 -9999
-9999 -9999 -9999 -9999 -9999 -9999 -9999 -9999 -9999 -9999 -9999 -9999 -9999 263.691706730769 260.875563401442 -9999 -9999 -9999 -9999 -9999 495.979447584886 661.317321777344 569.006338266226 445.599433312049 376.470527062049 307.859522892879 308.677189753606 247.768598116361 190.660955575796 147.221662081205 156.232647235577 159.060955341046 165.715950599084 218.119614821214 198.671790489784 264.287396944486 282.087455162635 302.068500225361 372.557391826923 -9999 -9999 -9999 -9999 -9999 -9999 -9999 -9999 -9999 -9999 -9999 -9999 -9999 -9999 -9999 -9999 -9999 -9999 -9999 -9999 -9999 -9999 -9999 -9999
-9999 -9999 -9999 -9999 -9999 -9999 -9999 -9999 -9999 -9999 -9999 -9999 -9999 -9999 328.031860351562 -9999 -9999 -9999 -9999 -9999 -9999 559.651235727163 611.352421687199 504.871002197266 400.014040433443 350.53087909405 339.173936110276 268.24669940655 227.387989924504 215.118727463942 175.165543776292 160.284875723032 178.594392042894 198.998327401968 189.246281550481 276.107387836163 326.314173771785 322.404293353741 479.80311701848 -9999 -9999 -9999 -9999 -9999 -9999 -9999 -9999 -9999 -9999 -9999 -9999 -9999 -9999 -9999 -9999 -9999 -9999 -9999 -9999 -9999 -9999 -9999 -9999
-9999 -9999 -9999 -9999 -9999 -9999 -9999 -9999 -9999 -9999 -9999 -9999 -9999 -9999 -9999 -9999 -9999 -9999 -9999 -9999 -9999 -9999 665.956857534555 731.376291128305 540.64403123122 433.752753624549 374.229177621695 292.942934476412 250.552973820613 223.287293654222 202.378430880033 183.399154663086 188.508612999549 250.481596726638 308.113141573392 645.934795673077 460.234436035156 428.439760648287 -9999 -9999 -9999 -9999 -9999 -9999 -9999 -9999 -9999 -9999 -9999 -9999 -9999 -9999 -9999 -9999 -9999 -9999 -9999 -9999 -9999 -9999 -9999 -9999 -9999
-9999 -9999 -9999 -9999 -9999 -9999 -9999 -9999 -9999 -9999 -9999 -9999 -9999 -9999 -9999 -9999 -9999 -9999 -9999 -9999 -9999 -9999 -9999 939.845895620493 749.623676006611 502.71923828125 447.831228402945 372.490945669321 312.736560528095 262.14979670598 232.8684962346 219.989865816556 203.564674964318 277.337559626653 353.318638728215 778.684312086839 695.734299879808 547.869168795072 -9999 -9999 -9999 -9999 -9999 -9999 -9999 -9999 -9999 -9999 -9999 -9999 -9999 -9999 -9999 -9999 -9999 -9999 -9999 -9999 -9999 -9999 -9999 -9999 -9999
-9999 -9999 -9999 -9999 -9999 -9999 -9999 -9999 -9999 -9999 -9999 -9999 -9999 -9999 -9999 -9999 -9999 -9999 -9999 -9999 -9999 -9999 -9999 939.915034367488 819.036419208233 527.409325232873 477.913722111629 421.631500244141 356.461660531851 306.250427246094 288.73678119366 235.636485173152 213.926047691932 277.696331317608 519.067481407752 790.193565955529 895.209956242488 692.926936222957 719.663377028245 -9999 -9999 -9999 -9999 -9999 -9999 -9999 -9999 -9999 -9999 -9999 -9999 -9999 -9999 -9999 -9999 -9999 -9999 -9999 -9999 -9999 -9999 -9999 -9999
-9999 -9999 -9999 -9999 -9999 -9999 -9999 -9999 -9999 -9999 -9999 -9999 -9999 -9999 -9999 -9999 -9999 -9999 -9999 -9999 -9999 -9999 -9999 -9999 666.612407977764 561.552382249099 565.61679311899 517.556335449219 442.716653677133 412.133993295523 340.20314847506 309.65835923415 266.943919255183 290.419103769156 371.837679349459 612.762315016526 832.895770733173 699.689166729267 839.88176551232 -9999 -9999 -9999 -9999 -9999 -9999 -9999 -9999 -9999 -9999 -9999 -9999 -9999 -9999 -9999 -9999 321.770258976863 389.224055363582 429.452275202825 465.270700307993 500.200890174279 -9999 -9999 -9999
-9999 -9999 -9999 -9999 -9999 -9999 -9999 -9999 -9999 -9999 -9999 -9999 -9999 -9999 -9999 -9999 -9999 -9999 -9999 -9999 -9999 -9999 -9999 948.310462364784 759.760690542368 633.096524752103 653.232201209435 654.439293494591 598.735750638522 520.790959284856 434.558586707482 397.022883488582 348.675832895132 335.91215632512 347.812739445613 423.875354473407 691.251272348257 922.458228478065 877.880122258113 677.184429462139 -9999 -9999 -9999 -9999 -9999 -9999 -9999 -9999 -9999 -9999 -9999 -9999 -9999 372.404477632963 436.599231426532 436.445117657001 461.569948636568 473.086249718299 510.819842998798 553.657135009766 -9999 -9999 -9999
-9999 -9999 -9999 -9999 -9999 -9999 -9999 -9999 -9999 -9999 -9999 -9999 -9999 -9999 -9999 -9999 -9999 -9999 -9999 -9999 -9999 -9999 -9999 1110.24564302885 685.174687312199 579.049818772536 483.983975923978 519.894348144531 515.345003568209 526.674445519081 448.066230187049 389.105731670673 408.499114990234 441.149141751803 382.866013746995 340.69491811899 553.341170090895 888.093195988582 1212.96503155048 639.893423227163 -9999 -9999 -9999 -9999 -9999 -9999 -9999 -9999 -9999 -9999 -9999 -9999 -9999 472.937802828275 436.376277043269 399.470099815956 438.324944129357 471.437589205228 523.2017188439 -9999 -9999 -9999 -9999
