rasters/bioclim/bio18.asc
NCOLS 720 
NROWS 300 
XLLCORNER -180 
YLLCORNER -60 
CELLSIZE 0.5 
NODATA_value -9999 
[rows 224 to 251 of 300, columns 567 to 629 of 720]
-9999 -9999 -9999 -9999 -9999 -9999 -9999 -9999 -9999 -9999 -9999 -9999 -9999 -9999 -9999 -9999 -9999 -9999 -9999 -9999 -9999 -9999 105.637494600736 111.227731557993 116.586692223182 123.799609844501 128.310537484976 131.869469862718 141.811671330379 132.380061222957 122.564132103553 122.328196598933 127.128983130822 127.940053499662 128.461967468262 131.928678072416 130.561758774977 131.225827730619 127.555358299842 131.102316342867 124.51810337947 116.076563321627 117.52016889132 116.729669424204 116.266976576585 111.252212230976 116.518188183124 120.635826697716 124.490962101863 125.153888408954 127.6063279372 127.729757455679 123.650207519531 124.922676673302 127.269661536584 127.252749222976 120.505353780893 106.885950822097 102.352640592135 98.2674812903771 98.4333745516264 95.7790998312143 90.567999619704
-9999 -9999 -9999 -9999 -9999 -9999 -9999 -9999 -9999 -9999 -9999 -9999 -9999 -9999 -9999 -9999 -9999 -9999 -9999 -9999 81.1728286743164 87.8208538935735 100.936160454383 103.831211383526 115.819844759428 108.593231201172 114.72109574538 113.085148151104 119.36722271259 113.582174447867 103.039013202374 103.837054912861 113.306273240309 116.912336496206 119.664064847506 120.485609788161 123.528445904072 125.135578448956 130.408993060772 116.932185539832 109.11477132944 111.83315218412 109.780709486741 106.264626136193 106.161797156701 109.061725909893 111.86083808312 111.72266974816 116.97646683913 116.980786250188 118.936640225924 117.600494384766 104.09006529588 102.374658437876 103.710847707895 104.189017075759 98.8506484398475 96.6834661043607 93.6596870422363 93.0485248565674 89.510382432204 88.022852237408 81.9657588371864
-9999 -9999 -9999 -9999 -9999 -9999 -9999 -9999 -9999 -9999 -9999 -9999 -9999 -9999 -9999 -9999 -9999 -9999 -9999 -9999 -9999 62.328061910776 70.7601658747746 70.0069933671218 82.3226705697867 91.7331205514761 91.4383688706618 91.3030835665189 92.6964281522311 91.4854172926683 90.3277312058669 87.6159993685209 102.86106637808 107.275719862718 108.517075171837 113.597511291504 114.24930865948 117.653008094201 117.643898010254 110.071979816143 100.005025716928 102.742868863619 101.243772359995 97.9853078402006 99.7554673414964 97.0528347308819 99.0027641883263 99.5557048504169 100.367075993465 100.680363581731 100.49479675293 100.276373349703 90.8665686387282 87.5164307814378 91.0936549260066 89.7182464599609 90.7989466740535 90.5938973060021 91.4679935161884 89.8174772996169 95.8349313002366 88.7115465310904 78.8256998795729
-9999 -9999 -9999 -9999 -9999 -9999 -9999 -9999 -9999 -9999 -9999 -9999 -9999 -9999 -9999 -9999 -9999 -9999 -9999 -9999 47.0579762825599 47.9455843705397 57.2445251758282 60.1625674321101 71.4434303870568 79.1238966721755 75.3641266456017 79.0745579646184 75.5032207782452 76.6182880401611 78.9982600578895 85.8962299640362 97.0047014676608 101.800346374512 102.171521700346 106.916088984563 111.661830021785 117.108348552997 115.64429473877 113.117921682505 99.9703278174767 99.4204978942871 98.6378754835862 102.168192936824 99.5825823270358 99.1072147075947 97.1745860760029 96.9225094134991 95.9645494314341 96.2666103656475 97.3066101074219 92.959706233098 89.7480694697453 85.4777080829327 78.4530592698317 77.9252818180965 81.1804979764498 86.1753173241248 86.7952420161321 85.7859837458684 80.6955689650316 77.9547406710111 77.5080369802622
-9999 -9999 -9999 -9999 -9999 -9999 -9999 -9999 -9999 -9999 -9999 -9999 -9999 -9999 -9999 -9999 -9999 -9999 -9999 -9999 37.0652489845569 38.6293718631451 46.8081877781795 50.7171670473539 62.9948645371657 70.3863701453576 67.3563321920542 68.2654151916504 65.8643018282377 66.0205970177284 69.3650157635029 75.7568256671612 82.7061518155611 86.9397389338567 91.3315661503718 97.781627361591 103.920815101037 110.316193800706 113.2361033513 112.455245384803 103.410393641545 100.380510770358 97.9667481642503 100.035299447867 97.3865955059345 93.1118331322303 93.6095099815956 94.641112107497 94.3314778254582 96.4795925433819 94.7276529165415 93.7413899348332 90.5534380399264 82.5110637958233 65.5748552175669 61.2707240764911 65.9249901404748 80.0335432199331 79.601629110483 77.0697702261118 74.2920048053448 72.7433091677152 69.3036251068115
-9999 -9999 -9999 -9999 -9999 -9999 -9999 -9999 -9999 -9999 -9999 -9999 -9999 -9999 -9999 -9999 -9999 -9999 -9999 -9999 29.2067589393029 25.6938852897057 34.5898692057683 39.7550945281982 48.9471762730525 52.4723969973051 53.3841615823599 56.7436633476844 55.8136590810922 57.7143010359544 60.7469153771034 66.7514783419096 76.9181471604567 81.6889789287861 80.2816021259014 83.2756767272949 91.2387475233812 95.1709720905011 98.004215827355 99.8554118229793 97.4420576829177 97.6444355891301 100.759982769306 99.0583912776067 94.5138843242939 91.1876329275278 88.0464650667631 86.0190585209773 88.8049219571627 90.2396874060998 93.570199232835 85.4817231985239 76.9110515301044 66.7487980769231 56.8393124800462 51.2654982346755 52.9358656956599 57.7534630115216 60.074786406297 70.0033164391151 74.228756244366 68.3660278320312 64.3643468710092
-9999 -9999 -9999 -9999 -9999 -9999 -9999 -9999 -9999 -9999 -9999 -9999 -9999 -9999 -9999 -9999 -9999 -9999 -9999 -9999 -9999 26.8594084519606 34.5890765556922 37.3294953566331 40.9805230360765 42.1057384931124 47.9155107644888 49.4652265401987 52.9188829568716 54.7359781998854 58.7805557250977 63.2503462571364 68.8112589029165 74.1440456096943 73.0342536339393 75.9834145766038 77.4369412935697 81.0142496549166 85.3697489224947 84.9790405860314 84.5570241487943 88.4850097069373 93.443123450646 93.9651448176457 91.1048378577599 85.9371073796199 83.5947575202355 82.6509446364183 84.115317271306 84.4930502084585 80.836668748122 78.0999541649452 65.9411186805138 57.240994820228 51.5235831920917 46.2505645751953 43.4628762465257 45.3490613790659 49.1517555530255 57.7453827491173 66.3294830322266 63.4199641301082 62.0990898425762
-9999 -9999 -9999 -9999 -9999 -9999 -9999 -9999 -9999 -9999 -9999 -9999 -9999 -9999 -9999 -9999 -9999 -9999 -9999 -9999 -9999 38.2285787509038 44.367030950693 45.471589748676 39.0067678598257 36.8620170446543 40.9055033463698 49.6043692368727 50.8905597099891 57.5136674734262 60.9709102924053 63.3040624765249 65.1164543445294 69.1179756751427 71.7619489523081 73.9346545292781 71.9325802142803 73.3833010746882 77.4873026334322 78.0252741300143 76.2132386427659 77.4807155315693 82.5746609614446 84.2872599088229 85.2044234642616 81.5936764937181 81.4904303183922 78.6047156407283 79.3649256779597 75.8295797201303 70.9383273491493 65.8790561969464 63.4247454129733 53.2271291292631 47.4789213033823 44.3153910270104 40.4559733317449 40.8773812514085 42.3025630804209 46.8008386905377 53.0642843980056 62.8549090165358 65.2064813467173
-9999 -9999 -9999 -9999 -9999 -9999 -9999 -9999 -9999 -9999 -9999 -9999 -9999 -9999 -9999 -9999 -9999 -9999 -9999 -9999 37.4406038064223 35.2174758911133 43.3395614624023 45.8933498676007 35.9955240396353 36.3547062507043 40.1005970881535 47.3997553311861 52.4966605259822 56.3472790351281 60.1118915264423 61.6562089186448 63.0331810437716 66.1874243662908 71.2060417762169 75.0259220416729 76.6513645465557 81.3443430387057 83.8680783785307 81.8715535677396 78.7809688861553 77.1306460453914 82.5164272601788 83.212653526893 83.4103205754207 83.9311332702637 83.2499014047476 85.7768388894888 84.9753828782302 83.2518113943247 78.976005260761 71.4361968407264 64.9577847994291 60.5225923978365 54.907289651724 47.1414150824914 44.9514597379244 46.0192533639761 44.6611744807317 48.1580352783203 49.1451885516827 52.2777856680063 58.1133845402644
-9999 -9999 -9999 -9999 -9999 -9999 -9999 -9999 -9999 -9999 -9999 -9999 -9999 -9999 -9999 -9999 -9999 -9999 -9999 -9999 29.2787623405457 35.031330035283 40.3170729417067 42.6079653226412 38.7485578977145 34.5809800074651 41.2197209138137 47.1894258352426 52.1202090336726 59.033576965332 60.1113774226262 61.4807441417988 61.642253435575 68.5855990189772 72.6790032753578 77.396424807035 77.9162992330698 86.6982521644005 87.6726197462816 82.935299213116 80.79010449923 81.7376324580266 82.8541177602915 83.3748999375563 86.8486272371732 88.1650808774508 90.7537290132963 91.7068402216985 92.6061354417067 93.026616023137 88.2863625746507 78.4831381577712 71.261708186223 67.3488704974835 58.9804373521071 57.3934681232159 53.7256727952224 53.8734515263484 49.2225488516001 50.3929798419659 48.722107227032 49.6267522665171 50.1167121300331
-9999 -9999 -9999 -9999 -9999 -9999 -9999 -9999 -9999 -9999 -9999 -9999 -9999 -9999 -9999 -9999 -9999 -9999 -9999 -9999 -9999 40.5548582077026 44.575592481173 46.9753912412203 41.6715626349816 42.8277686192439 46.5076803060678 52.0020941220797 57.0320051633395 59.8130845289964 62.1442533639761 58.7560267815223 57.3274242694561 60.3231723491962 62.8508429894081 68.684168448815 72.828365619366 81.7383409646841 80.4555948697604 76.1579038179838 73.9597872220553 79.0665271465595 80.5311549260066 84.889224419227 86.1414046654334 87.846465917734 90.1379303565392 90.7809140132024 91.4364201472356 92.3800885127141 90.1554641723633 83.8584720905011 77.2659266545222 73.0261397728553 70.2906288733849 72.5341849693885 63.4712524414062 54.6692622258113 50.4017115372878 49.5774875053993 49.0237507453332 49.0890065706693 49.2106634286734
-9999 -9999 -9999 -9999 -9999 -9999 -9999 -9999 -9999 -9999 -9999 -9999 -9999 -9999 -9999 -9999 -9999 -9999 -9999 -9999 -9999 41.2947196226854 45.8463344573975 49.0178030454195 42.62777196444 45.0006334598248 48.1602984208327 49.3648350055401 54.5910286536584 56.979333290687 64.7258963951698 58.840169613178 54.8843012589675 54.1268815260667 58.5262820904072 59.3123518136831 61.9364180931678 72.9482241410475 72.7750173715445 67.6266921116756 66.5964770683875 72.1213286473201 77.3920566852276 80.4264828608586 81.3630206768329 85.9587035545936 87.2313113579383 87.8352546691895 86.5615580632136 85.4211795513447 88.0910706153283 82.02098435622 75.1498659574068 73.1303831247183 74.5105640704815 69.1838106008676 66.8632199214055 56.73690869258 53.9181069594163 50.353436249953 48.2633382357084 49.6102619171143 53.1930985083947
-9999 -9999 -9999 -9999 -9999 -9999 -9999 -9999 -9999 -9999 -9999 -9999 -9999 -9999 -9999 -9999 -9999 -9999 -9999 -9999 -9999 -9999 45.3061483823336 46.1527294745812 48.6133717757005 46.031384394719 50.0797254122221 51.7584439791166 54.9817164494441 55.5314678779015 61.667704802293 59.5484668291532 54.9047773801363 49.8687529930702 51.1285115755521 49.7210693359375 54.7088840924777 59.5884096805866 62.184284063486 59.2478484373826 59.0479435553918 66.4614279820369 68.37847166795 70.2775691105769 77.2658506540152 84.6790360670823 83.5557350745568 76.1735035822942 77.1839256286621 76.5949486952562 79.9786594097431 73.6958634303166 69.9209596193754 70.347836127648 72.1758654667781 72.2314652663011 70.4643865732046 65.8657693129319 60.8065429100623 57.2574389531062 52.4185752868652 54.1356339087853 55.8136157989502
-9999 -9999 -9999 -9999 -9999 -9999 -9999 -9999 -9999 -9999 -9999 -9999 -9999 -9999 -9999 -9999 -9999 -9999 -9999 -9999 -9999 -9999 56.5819907555213 52.2100944519043 52.7765852121206 49.8598951193003 50.1981843801645 49.7909767444317 53.5496389682476 54.5833501815796 58.7689455472506 59.5615042172945 55.8086948394775 54.5879635444054 53.0366260822003 49.5354257730337 51.5331962292011 50.7269705258883 51.3189754852882 49.6459372547957 48.4873632284311 56.8589093501751 54.9211448522714 58.3634012662447 65.4082135420579 69.7069678673377 65.5823106032151 63.028323833759 61.7215094933143 64.8080504490779 69.3142789693979 68.915883577787 65.6668390127329 64.1965882227971 64.4946157015287 67.3747796278734 66.1812359736516 61.7610241816594 59.4291866009052 59.2931383573092 57.3663972707895 54.2549473689153 56.4629680926983
-9999 -9999 -9999 -9999 -9999 -9999 -9999 -9999 -9999 -9999 -9999 -9999 -9999 -9999 -9999 -9999 -9999 -9999 -9999 -9999 -9999 -9999 -9999 63.5691088162936 61.797846867488 60.9394786541279 52.8357322399433 49.1964888939491 55.0070372361403 54.3571024674636 53.6599402794471 56.4925435873178 58.344233586238 55.376808313223 50.87325829726 48.0428372896635 47.9193280293391 47.7370152106652 44.8313820912288 39.4194652117216 40.3324238703801 40.0105280509362 41.0590235636785 45.9331962878887 52.0655068617601 51.2684712043175 47.5964763347919 41.1308049422044 41.7692299255958 51.0732390330388 56.806707749 60.2660997830904 58.4912012540377 58.1545376410851 62.4536914825439 62.574948824369 62.34563768827 58.693552163931 57.504326747014 57.8359730060284 55.5088685842661 52.8970583402194 54.2647291330191
-9999 -9999 -9999 -9999 -9999 -9999 -9999 -9999 -9999 -9999 -9999 -9999 -9999 -9999 -9999 -9999 -9999 -9999 -9999 -9999 -9999 -9999 -9999 70.5592272831843 68.1605934729943 69.2769326430101 65.7670179513784 56.3463811140794 55.1026797661414 58.5037759634165 64.9505803034856 61.9015042231633 59.1098541846642 57.6815473116361 59.0768555861253 57.6423154977652 51.2743010154137 47.8166564794687 42.1258751062246 35.8492656120887 28.4976888895035 28.2172401501582 31.1022357390477 35.9861968847421 37.4998278984657 39.3197680253249 33.9934665239774 28.1164513184474 27.1399467220673 31.711519919909 39.1548231565035 47.772990153386 48.856990300692 52.8842088259183 53.655182324923 55.5051182966966 56.3424711961013 56.8282613020677 58.6178814814641 57.1313856565035 53.6686546619122 52.3688480670636 47.0523634690505
-9999 -9999 -9999 -9999 -9999 -9999 -9999 -9999 -9999 -9999 -9999 -9999 -9999 -9999 -9999 -9999 -9999 -9999 -9999 -9999 -9999 -9999 -9999 63.9927670405461 69.2164573669434 74.7255938603328 72.3643496586726 66.4385543236366 65.4842103811411 65.6969940478985 69.7869981619028 64.7316495455228 59.1682932927058 57.7146483201247 59.0415267944336 59.4718443063589 55.52483690702 51.0179975216205 44.0194440254798 36.2889302693881 30.0209900049063 28.3787632171924 29.0527944564819 30.6699134386503 32.9693062855647 35.3331698637742 32.2245068916908 25.637296639956 24.2086582917434 24.3011585290615 27.9284617717449 37.2994656196007 41.5332447932317 48.2300514808068 48.4886144491342 50.5703098590557 53.0372804495005 53.2929358849159 54.2460134946383 55.3078093895545 54.7920865278978 53.3512708223783 47.5070378230168
-9999 -9999 -9999 -9999 -9999 -9999 -9999 -9999 -9999 -9999 -9999 -9999 -9999 -9999 -9999 -9999 -9999 -9999 -9999 -9999 -9999 -9999 -9999 58.3170996445876 63.1840846721943 71.4706015953651 72.4199095505934 66.7681934650128 71.0114361689641 73.3302717942458 73.7450890174279 68.07030076247 58.1282069866474 53.7344796107366 55.4916152954102 55.7741834200346 56.8505727327787 59.211515720074 55.1605633955735 46.9710531968337 42.94291136815 35.9021472197313 30.168316584367 28.1719487217756 31.5317246180314 37.4112927363469 37.9157805809608 33.634548333975 31.6255086018489 27.6578716498155 26.0493095471309 27.0245374532846 39.0351523619432 47.7488860350389 49.9785317641038 51.5219433124249 50.1000055166391 49.1404963273269 50.1465467306284 52.97573192303 55.423988195566 53.6178022531363 52.5991388467642
-9999 -9999 -9999 -9999 -9999 -9999 -9999 -9999 -9999 -9999 -9999 -9999 -9999 -9999 -9999 -9999 -9999 -9999 -9999 -9999 -9999 -9999 -9999 -9999 57.2851974780743 60.0613560309777 61.4602910555326 64.9921216231126 70.0103004162128 75.4953548724835 75.0839848151574 66.8004420353816 54.4507295168363 54.2427780444805 49.9647315098689 50.6173392075759 52.5594743581919 60.8040962219238 59.7692160973182 56.9214417384221 53.1402432368352 44.8476762038011 37.4935940228976 34.2319625707773 35.9654088387122 40.7709638155424 39.9538565415602 39.0538748227633 37.3897104996901 32.4942000462459 29.7361288804274 27.6609387030968 28.0145774254432 28.7509913811317 33.5097353275006 41.2890998400175 47.8636724031889 48.4352578383226 48.0552558898926 50.8952272855319 51.3801231384277 49.3813626216008 51.7198762160081
-9999 -9999 -9999 -9999 -9999 -9999 -9999 -9999 -9999 -9999 -9999 -9999 -9999 -9999 -9999 -9999 -9999 -9999 -9999 -9999 -9999 -9999 -9999 -9999 52.5296429854173 49.2466480548565 51.3351330390343 58.5870704650879 65.268544123723 70.8316324674166 75.2617395841158 68.0176690908579 60.6979754521297 55.642943749061 47.2709759932298 45.6447492746206 49.8343221224271 55.1599718240591 58.6379687969501 60.4567802135761 61.6394797105056 58.1691517463097 50.3264604715201 45.1779143993671 43.6823689387395 44.6497815939096 43.9709202693059 41.1937291071965 40.7710536076472 40.2552248147818 37.5315955235408 -9999 -9999 -9999 -9999 -9999 -9999 44.0792273007906 46.8307647705078 49.6726919320913 45.5095404111422 45.5386287982647 48.876666875986
-9999 -9999 -9999 -9999 -9999 -9999 -9999 -9999 -9999 -9999 -9999 -9999 -9999 -9999 -9999 -9999 -9999 -9999 -9999 -9999 -9999 -9999 -9999 -9999 58.6505041856032 50.0507165468656 44.87029002263 46.994137103741 52.7497191795936 62.8154773712158 72.0264043074388 72.0873313316932 70.6435262239896 66.0421659029447 58.3222113389235 52.6819082406851 49.1023477407602 45.1277013925406 45.7527385124793 48.8381777543288 52.8066856677716 52.9298252692589 52.9121739314153 51.8162410442646 48.504769545335 46.8465736095722 43.8020395132212 41.565040735098 -9999 -9999 -9999 -9999 -9999 -9999 -9999 -9999 -9999 -9999 -9999 24.0807012411264 42.1352867713341 41.5630867297833 49.3239914820744
-9999 -9999 -9999 -9999 -9999 -9999 -9999 -9999 -9999 -9999 -9999 -9999 -9999 -9999 -9999 -9999 -9999 -9999 -9999 -9999 -9999 -9999 -9999 -9999 60.9766842768743 52.6194644341102 46.24264893165 44.888546870305 45.3596299978403 56.55826319181 67.1712772662823 71.2113359891451 74.2935157189002 70.6499674870418 61.8536362281212 56.8154607919546 51.7587840740497 44.5823585803692 41.8508469508244 40.563999909621 40.6081490149865 43.1789742983305 48.1589506589449 -9999 -9999 -9999 -9999 -9999 -9999 -9999 -9999 -9999 -9999 -9999 -9999 -9999 -9999 -9999 -9999 -9999 -9999 40.2359187786396 46.4555394099309
-9999 -9999 -9999 -9999 -9999 -9999 -9999 -9999 -9999 -9999 -9999 -9999 -9999 -9999 -9999 -9999 -9999 -9999 -9999 -9999 -9999 -9999 -9999 -9999 60.6314092782828 58.2420779008132 49.8153087909405 45.6465141589825 43.7020008380596 52.9681405287523 59.900837971614 65.901607806866 68.719790825477 67.6662603525015 64.252020909236 58.4850035447341 51.6013017801138 47.575744335468 39.632564838116 35.0897981203519 32.4216211759127 -9999 -9999 -9999 -9999 -9999 -9999 -9999 -9999 -9999 -9999 -9999 -9999 -9999 -9999 -9999 -9999 -9999 -9999 -9999 -9999 -9999 46.548919237577
-9999 -9999 -9999 -9999 -9999 -9999 -9999 -9999 -9999 -9999 -9999 -9999 -9999 -9999 -9999 -9999 -9999 -9999 -9999 -9999 -9999 -9999 -9999 71.4303098825308 68.3177478496845 71.1383297259991 61.1980221088116 50.3543530977689 51.9462127685547 57.6763971768893 63.8436602078951 62.257580096905 63.9163363530086 62.8778780423678 64.060787494366 64.8535569997934 61.565183199369 52.6468365009014 45.8796159304105 37.7657115642841 32.9813942542443 -9999 -9999 -9999 -9999 -9999 -9999 -9999 -9999 -9999 -9999 -9999 -9999 -9999 -9999 -9999 -9999 -9999 -9999 -9999 -9999 -9999 -9999
-9999 -9999 -9999 -9999 -9999 -9999 -9999 -9999 -9999 -9999 -9999 -9999 -9999 -9999 -9999 -9999 -9999 -9999 -9999 -9999 -9999 -9999 -9999 87.0522502018855 84.1122195904072 81.7819574796236 74.3252736605131 69.9902091393104 70.5968372638409 74.1761442331167 76.6670499948355 74.2845435509315 -9999 -9999 -9999 -9999 -9999 -9999 -9999 -9999 -9999 -9999 -9999 -9999 -9999 -9999 -9999 -9999 -9999 -9999 -9999 -9999 -9999 -9999 -9999 -9999 -9999 -9999 -9999 -9999 -9999 -9999 -9999
-9999 -9999 -9999 -9999 -9999 -9999 -9999 -9999 -9999 -9999 -9999 -9999 -9999 -9999 -9999 -9999 -9999 -9999 -9999 -9999 -9999 -9999 -9999 -9999 -9999 81.0157153789814 80.8489280113807 82.859608576848 89.3155564528245 88.6522879967323 -9999 -9999 -9999 -9999 -9999 -9999 -9999 -9999 -9999 -9999 -9999 -9999 -9999 -9999 -9999 -9999 -9999 -9999 -9999 -9999 -9999 -9999 -9999 -9999 -9999 -9999 -9999 -9999 -9999 -9999 -9999 -9999 -9999
-9999 -9999 -9999 -9999 -9999 -9999 -9999 -9999 -9999 -9999 -9999 -9999 -9999 -9999 -9999 -9999 -9999 -9999 -9999 -9999 -9999 -9999 -9999 -9999 -9999 -9999 -9999 -9999 -9999 -9999 -9999 -9999 -9999 -9999 -9999 -9999 -9999 -9999 -9999 -9999 -9999 -9999 -9999 -9999 -9999 -9999 -9999 -9999 -9999 -9999 -9999 -9999 -9999 -9999 -9999 -9999 -9999 -9999 -9999 -9999 -9999 -9999 -9999
-9999 -9999 -9999 -9999 -9999 -9999 -9999 -9999 -9999 -9999 -9999 -9999 -9999 -9999 -9999 -9999 -9999 -9999 -9999 -9999 -9999 -9999 -9999 -9999 -9999 -9999 -9999 -9999 -9999 -9999 -9999 -9999 -9999 -9999 -9999 -9999 -9999 -9999 -9999 -9999 -9999 -9999 -9999 -9999 -9999 -9999 -9999 -9999 -9999 -9999 -9999 -9999 -9999 -9999 -9999 -9999 -9999 -9999 -9999 -9999 -9999 -9999 -9999
