rasters/bioclim/bio17.asc
NCOLS 720 
NROWS 300 
XLLCORNER -180 
YLLCORNER -60 
CELLSIZE 0.5 
NODATA_value -9999 
[rows 28 to 55 of 300, columns 63 to 125 of 720]
-9999 -9999 -9999 -9999 -9999 -9999 -9999 -9999 -9999 -9999 -9999 -9999 -9999 -9999 -9999 -9999 -9999 -9999 -9999 -9999 -9999 -9999 -9999 -9999 -9999 -9999 -9999 -9999 -9999 -9999 -9999 -9999 -9999 -9999 -9999 -9999 -9999 -9999 -9999 -9999 -9999 -9999 -9999 -9999 -9999 -9999 -9999 -9999 -9999 -9999 -9999 -9999 -9999 -9999 -9999 -9999 -9999 -9999 -9999 3.11726165047059 2.28424958082346 -9999 -9999
-9999 -9999 -9999 -9999 -9999 -9999 -9999 -9999 -9999 -9999 -9999 -9999 -9999 -9999 -9999 -9999 -9999 -9999 -9999 -9999 -9999 -9999 -9999 -9999 -9999 -9999 -9999 -9999 -9999 -9999 -9999 -9999 -9999 -9999 -9999 -9999 -9999 -9999 -9999 -9999 -9999 -9999 -9999 -9999 -9999 -9999 -9999 -9999 -9999 -9999 -9999 -9999 -9999 -9999 -9999 -9999 -9999 -9999 -9999 -9999 -9999 -9999 1.53334182500839
-9999 -9999 -9999 -9999 -9999 -9999 -9999 -9999 -9999 -9999 -9999 -9999 -9999 -9999 -9999 -9999 -9999 -9999 -9999 -9999 -9999 -9999 -9999 -9999 -9999 -9999 -9999 -9999 -9999 -9999 -9999 -9999 -9999 -9999 -9999 -9999 -9999 -9999 -9999 -9999 -9999 -9999 -9999 -9999 -9999 -9999 -9999 -9999 -9999 -9999 -9999 -9999 -9999 -9999 -9999 -9999 -9999 -9999 -9999 -9999 -9999 -9999 -9999
-9999 -9999 -9999 -9999 -9999 -9999 -9999 -9999 -9999 -9999 -9999 -9999 -9999 -9999 -9999 -9999 -9999 -9999 -9999 -9999 -9999 -9999 -9999 -9999 -9999 -9999 -9999 -9999 -9999 -9999 -9999 -9999 -9999 -9999 -9999 -9999 -9999 -9999 -9999 -9999 -9999 -9999 -9999 -9999 -9999 -9999 -9999 -9999 0.716157064988063 1.18746107816696 1.41914906811256 1.92514068404069 3.46665400725145 4.27506630237286 4.93321202351497 5.44505849709878 6.00156565812918 -9999 -9999 -9999 4.72684641526296 3.22276779780021 -9999
-9999 -9999 -9999 -9999 -9999 -9999 -9999 -9999 -9999 -9999 -9999 -9999 -9999 -9999 -9999 -9999 -9999 -9999 -9999 -9999 -9999 -9999 -9999 -9999 -9999 -9999 -9999 -9999 -9999 -9999 -9999 -9999 -9999 -9999 -9999 -9999 -9999 -9999 -9999 -9999 -9999 -9999 -9999 -9999 -9999 -9999 -9999 -9999 -9999 2.65881893955744 2.10735733692463 2.98123278067662 4.27262487205175 4.07273439260629 4.50900220870972 4.45371473752535 6.08237209686866 7.33539657867872 8.78329878586989 9.57465366216806 4.98965870417081 4.22371420493493 3.53493938996242
-9999 -9999 -9999 -9999 -9999 -9999 -9999 -9999 -9999 -9999 -9999 -9999 -9999 -9999 -9999 -9999 -9999 -9999 -9999 -9999 -9999 -9999 -9999 -9999 -9999 -9999 -9999 -9999 -9999 -9999 -9999 -9999 -9999 -9999 -9999 -9999 -9999 -9999 -9999 -9999 -9999 -9999 -9999 -9999 -9999 -9999 -9999 -9999 3.80254002488576 5.49057165676585 5.41752019180701 4.50914326310158 5.60287838715773 4.74809890526992 4.67049085176908 5.62457389097947 6.55995843043694 8.04535951981178 8.36084369512705 8.68564927577972 7.33560316723127 6.29224151602158 4.6271775502425
-9999 -9999 -9999 -9999 -9999 -9999 -9999 -9999 -9999 -9999 -9999 -9999 -9999 -9999 -9999 -9999 -9999 -9999 -9999 -9999 -9999 -9999 -9999 -9999 -9999 -9999 -9999 -9999 -9999 -9999 -9999 -9999 -9999 -9999 -9999 -9999 -9999 -9999 -9999 -9999 -9999 -9999 -9999 -9999 -9999 -9999 -9999 5.65937131643295 4.94924664497375 4.70403638252845 4.93455899678744 4.69981612322422 4.81334264461811 4.61879876943735 4.64008492689866 5.00593180739536 6.73927223682404 8.19499787917504 9.39555588135353 8.63722859896146 -9999 -9999 5.82761214329646
-9999 -9999 -9999 -9999 -9999 -9999 -9999 -9999 -9999 -9999 -9999 -9999 -9999 -9999 -9999 -9999 -9999 -9999 -9999 -9999 -9999 -9999 -9999 -9999 -9999 -9999 -9999 -9999 -9999 -9999 -9999 -9999 -9999 -9999 -9999 -9999 -9999 -9999 -9999 -9999 -9999 -9999 -9999 -9999 -9999 -9999 7.73584787203715 8.14568961583651 6.06344529757133 4.89129298466903 4.66161486047965 4.55006731444827 5.55374887284751 4.91344962240412 5.3937164195455 5.81991303884066 7.17619541058174 11.1897391355955 -9999 -9999 -9999 6.99894675841698 7.46233474291288
-9999 -9999 -9999 -9999 -9999 -9999 -9999 -9999 -9999 -9999 -9999 -9999 -9999 -9999 -9999 -9999 -9999 -9999 -9999 -9999 -9999 -9999 -9999 -9999 -9999 -9999 -9999 -9999 -9999 -9999 -9999 -9999 -9999 -9999 -9999 -9999 -9999 -9999 -9999 -9999 -9999 -9999 -9999 -9999 -9999 -9999 -9999 -9999 7.19341106598194 5.26213756891397 4.62362428353383 4.12733057141304 3.71064243064477 7.71703012172992 8.66622805595398 10.2088364087618 -9999 -9999 -9999 11.9566617378822 9.55533559505756 9.68785414328942 8.31968069076538
-9999 -9999 -9999 -9999 -9999 -9999 -9999 -9999 -9999 -9999 -9999 -9999 -9999 -9999 -9999 -9999 -9999 -9999 -9999 -9999 -9999 -9999 -9999 -9999 -9999 -9999 -9999 -9999 -9999 -9999 -9999 -9999 -9999 -9999 -9999 -9999 -9999 -9999 -9999 -9999 -9999 -9999 -9999 -9999 -9999 -9999 -9999 -9999 -9999 -9999 10.5464576024276 10.677180822079 9.50794693139883 -9999 -9999 -9999 -9999 -9999 -9999 -9999 -9999 -9999 -9999
-9999 -9999 -9999 -9999 -9999 -9999 -9999 -9999 -9999 -9999 -9999 -9999 -9999 -9999 -9999 -9999 -9999 -9999 -9999 -9999 -9999 -9999 -9999 -9999 -9999 -9999 -9999 -9999 -9999 -9999 -9999 -9999 -9999 -9999 -9999 -9999 -9999 -9999 -9999 -9999 -9999 -9999 -9999 -9999 -9999 -9999 -9999 -9999 -9999 -9999 -9999 -9999 -9999 -9999 -9999 -9999 -9999 -9999 -9999 -9999 -9999 10.2343886448787 10.4610756360568
2.15510884615091 1.98802022521312 -9999 -9999 -9999 -9999 -9999 -9999 -9999 -9999 -9999 -9999 -9999 -9999 -9999 -9999 -9999 -9999 -9999 -9999 -9999 -9999 -9999 -9999 -9999 -9999 -9999 -9999 -9999 -9999 -9999 -9999 -9999 -9999 -9999 -9999 -9999 -9999 -9999 -9999 -9999 8.81597990256089 8.84444955679086 -9999 -9999 -9999 -9999 -9999 -9999 -9999 -9999 -9999 -9999 -9999 -9999 -9999 -9999 -9999 -9999 -9999 -9999 -9999 -9999
2.7932918713643 2.16736400127411 1.39553419443277 1.29719343380286 1.0645510749175 1.01268771978525 0.902479391831618 1.40407445797553 5.30854179308965 7.34853205314049 7.3516402061169 6.97040943916027 7.00792483183054 7.07130935558906 -9999 -9999 -9999 -9999 -9999 -9999 -9999 -9999 -9999 -9999 -9999 -9999 -9999 -9999 -9999 -9999 -9999 -9999 -9999 9.42256221404442 9.55093781764691 9.21837098781879 8.46008219168736 6.10561675406419 8.42506298652062 9.64819154372582 6.24397488740774 4.1465951020901 6.09128006605002 12.8005219973051 -9999 -9999 14.9176346338712 13.9179930686951 -9999 -9999 -9999 12.5421748161316 10.7718131358807 9.96769413581261 -9999 -9999 -9999 -9999 -9999 -9999 -9999 -9999 -9999
1.91180562686462 1.0763170512823 1.10321393838296 1.56217279801002 1.63236933946609 1.79283098991101 1.96753301070287 1.86448582319113 1.62728604445091 1.22265685693576 1.39070501465064 1.55808230088307 1.74776862447078 1.94132124002163 2.03021292044566 1.59556790498587 1.43489945049469 2.64845997782854 4.75756764411926 10.4549084443312 -9999 -9999 -9999 -9999 -9999 11.8603420624366 14.2822499642005 17.0951941563533 19.9943407498873 19.9908350431002 18.7689729103675 16.9097999426035 17.2160990788386 15.5763518260075 14.9101040913508 12.9827178441561 10.3427063135 3.87701060909491 5.24140849938759 3.7384026325666 2.5770274240237 1.10784809291363 2.43101505132822 15.1840430773222 17.5836957051204 18.6148968476516 17.32639503479 15.3330837029677 15.2308535575867 13.121794957381 12.1703800788293 12.2038021821242 9.49391964765695 6.31899678707123 6.78740827853863 7.33549789281992 7.10401439666748 9.41350100590632 10.5561204323402 -9999 -9999 -9999 -9999
2.60206306897677 2.04686005298908 1.84382967937451 1.61441496759653 1.73961671728354 1.3272947422587 1.6869666668085 1.7153703891314 1.69190747247866 1.5513579249382 1.86055864966833 2.16161545996483 2.27878410999592 2.08799165143416 1.86560490182959 2.17981313054378 2.4700745848509 4.04893211218027 3.12916014286188 5.39818470294659 7.25726120288555 9.45968606838813 11.3846954382383 15.8210772734422 18.3699187498826 22.3696092458872 23.5738679445707 24.982666015625 26.0657887092003 26.4073229569655 23.6590210841252 21.0930736981905 19.319255902217 18.9057338421161 17.7237233382005 16.1809635895949 14.9519915947547 13.7715015778175 15.1817202201256 18.4570401265071 18.3583413637601 15.6883042042072 16.310876259437 17.7184304457444 17.8922065588144 16.0455724642827 16.5240745911231 16.6899309525123 16.454297542572 15.4123695263496 14.6028750309577 14.9693503013024 14.1165871620178 12.876365514902 13.5677720583402 11.881004186777 11.9312728001521 11.597976061014 12.1375367091252 15.1987385383019 15.0132012000451 15.8922241651095 17.250918168288
2.80535215827135 2.56887685335599 2.15521863332162 2.06144116475032 1.76255296743833 1.68832252346552 1.75276884895105 1.63524127923525 1.52215708677585 1.35436969537001 1.44651116086886 1.88645493525725 2.00582585999599 2.6079650005469 2.37593845220713 2.76169842023116 4.72831115355858 9.50513782868019 10.6601495376 9.15916851850656 8.5860081085792 7.61005375935481 8.15879779595595 10.783977325146 16.0061378479004 24.9416355719933 29.562290925246 32.6005351726825 35.2105219914363 31.0841519282414 29.7067398658166 25.5319634951078 23.0179918729342 21.068835405203 20.0706245715802 19.9950030400203 19.679168847891 19.3981873438909 21.7302922468919 21.1279198573186 22.1216694024893 21.2197264891404 21.2983508476844 20.3316896878756 20.5102100372314 20.3723888397217 18.7202016390287 18.9410769022428 19.0576098882235 17.2350071760324 17.6040082344642 17.0705457650698 16.9713064340445 16.5491060110239 17.5875380589412 16.780690413255 16.181618983929 13.7967819800744 17.2507415184608 19.3966208971464 19.6610863025372 18.9612902127779 -9999
4.26691188262059 4.1382857308938 3.64805260988382 3.65618072206584 3.49933139177469 3.2312385394023 2.36660460096139 2.08411813584658 2.05388210828488 1.78715193042388 1.96579799743799 3.3606861491616 2.38212615251541 2.55667373308769 2.38404702223264 3.81247099087788 6.37980665610387 10.7034096351037 12.0275240311256 14.7125527308537 11.9572685315059 12.4787731537452 6.98604414096245 8.19814142814049 12.3446165965154 27.4686621152438 35.2640463022085 37.8801119877742 41.9614428006686 39.6751512380747 34.8686128763052 29.9247886951153 27.8554599468525 25.4436359405518 22.8704857459435 22.0526963747465 21.9532912327693 22.3078466562124 23.0976946904109 23.2041854858398 23.6685735262357 23.9078652308537 23.454398228572 22.3095419957088 20.8578303410457 20.2889800438514 20.6337468440716 21.2029611147367 20.9001701795138 20.5984976475055 21.9475858761714 21.412720313439 20.1294133112981 19.4366990602933 17.7337656754714 16.616468502925 18.6535468468299 15.4755048018235 20.0706019768348 20.1991147261399 22.1974651630108 24.6934290665847 -9999
5.86879999821003 6.80273540203388 4.22597411045661 6.5526747245055 6.00186834885524 5.3147644171348 3.8151713013649 3.7056593482311 4.86965192281283 4.63900244235992 2.61523650242732 2.17099411900227 3.19034453538748 4.20830052632552 5.01144624673403 4.41237482657799 6.22962956245129 6.36520293125739 8.65526214012733 8.94194164642921 12.6306287692143 16.3302480257474 18.7902622956496 23.458108315101 17.2282254879291 32.8303951850304 37.3851911104642 45.4797306060791 44.406372657189 42.0370903015137 36.359746492826 31.627738072322 27.8922380300669 26.2587804060716 24.3402186173659 22.3447754199688 22.2103718977708 22.232232607328 21.9649306077224 22.9240151918851 25.1683814709003 24.7087462498591 23.160074527447 21.715433707604 22.0048616849459 23.0849007826585 23.8720097175011 23.3390833414518 24.5522780418396 24.0276495860173 22.9298688081595 21.7545986909133 22.5037708649269 19.4099873762864 18.5413453028752 20.4023532133836 20.5534684107854 18.9884198995737 20.1865951831524 21.0828901437613 24.3365452106182 26.3822885660025 -9999
14.3323432482206 13.0333744195791 10.7837815651527 9.51471215028029 7.602183507039 6.38420160000141 4.89852352325733 5.02921886398242 4.9132333443715 5.79201903709999 4.26017081221709 2.33434131053778 3.53678884987648 3.08801458088251 2.94116984880888 2.13802793392768 1.85175080712025 2.84312373858232 3.18225548702937 6.65417961890881 14.4437853739812 19.4062519073486 22.8496275681716 26.0408482184777 24.7775438748873 29.5126730111929 40.393492772029 41.6600927206186 42.7128290029672 36.9883240919847 34.154538668119 28.1111551431509 24.9080744523268 24.4712985112117 21.5321306081919 23.0863754565899 23.3936937772311 24.0089234572191 22.9500392033504 23.5867846562312 24.7883578080397 24.8517346015343 23.7248884347769 23.1633358001709 23.6071475102351 23.9864107278677 25.9181463535015 26.4041152367225 25.4188923835754 24.7299524820768 24.1514683870169 22.979862176455 19.5027958062979 20.006678874676 19.2316054564256 21.6837509962229 22.1484025074885 18.8942866692176 18.3293202473567 18.689438196329 21.8597869139451 25.0847446001493 -9999
20.0504872248723 14.7997130614061 11.4786046468295 9.22539059932415 7.93977302771348 5.9172341640179 5.07888244665586 4.45365940607511 5.177303479268 4.61732378372779 4.86241715229475 4.11028762047107 3.63835843709799 4.1312882739764 4.45014688143363 1.4191819572678 0.816024725826887 1.0431817165361 1.44202105815594 6.20209648975959 15.3439065126272 19.0955996146569 22.5998166157649 23.3813705444336 25.8451485267052 22.9796591538649 34.9663618527926 37.7441168565017 38.534122467041 35.8626543191763 33.2977961026705 28.7558175600492 27.0174347804143 25.3413750575139 25.1210250854492 25.2851103269137 27.4814960773175 27.2041894472562 27.2864908071665 26.889138001662 25.5733495858999 27.5340090531569 26.1356688279372 25.4451186840351 24.959402524508 27.0160224621113 28.2379094637357 29.6593195108267 29.4353138850285 28.7595569904034 27.2937239133395 23.8951504780696 22.9431566458482 23.1722588539124 23.4500580934378 22.7150870103102 22.904880633721 20.8992252349854 21.5438508987427 21.0894773923434 18.7062097535684 19.1386171487662 -9999
19.1850007864145 9.66543395702655 5.53365333263691 4.18396799610211 3.98605464054988 1.22678073094441 1.25635936512397 1.53854730725288 2.37425219324919 2.37827983269325 1.96960059037575 1.24880595734486 1.33387616735238 2.59625040567838 3.67860271380498 0.876334995031357 0.532383181154728 0.747850816983443 1.241031733843 2.15166363349328 10.5655661362868 10.943156508299 14.8152647752028 22.5139521818895 27.0774304316594 29.4089957017165 34.7699228433462 34.5098651005672 28.4692192077637 27.9689992757944 26.4571016751803 24.7884260324331 23.076220879188 24.7564854255089 25.7978706359863 27.4586043724647 28.7285172389104 28.8435727632963 28.4754539636465 29.9480419158936 29.8846664428711 31.2379558269794 29.8180572803204 28.1056338823759 29.0277513357309 30.7667965522179 31.3037932469295 31.3653477888841 32.3251972198486 29.9911441802979 28.3016105064979 27.8814546878521 31.3426255446214 30.9332576898428 28.2955569120554 27.4482238476093 25.1358707868136 23.8961130288931 24.7143990443303 22.1549857854843 18.8010962559627 19.3407034873962 -9999
18.8183257029607 12.6214787776654 7.69413689466623 3.50935957064995 1.14251354222114 0.729710631645643 0.583440549098528 0.45364636182785 0.399125523292101 0.291294265251893 0.210187003589593 0.97058237515963 2.28168503137735 2.1833241719466 3.87885363514607 1.41347954364923 0.633208100612347 0.945823387457774 1.91583078182661 2.85279830516531 3.60609264503448 6.93817869516519 8.2863876086015 10.3009995313791 14.6995196709266 20.9542768184955 27.4415917029748 26.1327981215257 20.6676901303805 17.0777330031762 15.2855787644019 12.9127354621887 14.8392221010648 20.6896414023179 24.7008241506723 21.4431366186876 25.0193751408504 30.6560588249793 33.3100154583271 31.7857663814838 31.8296617361215 30.815225307758 29.0522994995117 31.5607052582961 33.6310146771945 34.0017775755662 32.2483244675856 31.0338699634259 32.2996233426608 31.9649058855497 31.2677929951594 34.154259461623 32.0247217325064 29.4471781070416 25.527958723215 27.3597428248479 26.1977156125582 24.9909943800706 26.1047146136944 24.9821478495231 22.617929311899 23.7824093745305 -9999
21.6945326144879 20.9126809927133 13.6059591770172 6.65747356414795 2.68556101276324 0.768305828364996 0.566987633705139 0.505183439988356 0.31047871021124 0.135669793073948 0.0842727583188277 0.146411446424631 0.213182064203116 0.44834367529704 4.62728615219776 7.18497385428502 0.746839221853476 1.01045698615221 1.07777914118308 1.38495925756601 1.77907530390299 1.80518172337459 4.19806241072141 4.01552726672246 5.41866830679086 4.6311858525643 4.3003975886565 6.34423037675711 6.80129172251775 6.2988674732355 5.84234032034874 6.24243188821352 4.95750675751613 7.37879051210789 10.536016537593 10.6175958193265 13.6493637745197 22.5030883642343 24.4880073253925 27.5545610281137 30.4493053142841 32.4781731825608 33.4740489079402 34.6358824509841 34.8621764549842 35.6390665494479 32.5584877454318 31.2003100468562 30.4541574991666 30.9028370930598 30.641242320721 31.1298480400672 31.5354242691627 28.5362391838661 26.6753903535696 27.0641550742663 27.0234746015989 27.8122955835783 27.6010278555063 26.2890275074885 25.2876285406259 25.714216709137 -9999
20.3089785942665 18.7354043080257 17.0927137961754 14.5475449928871 10.7296487734868 8.71686058778029 -9999 -9999 -9999 -9999 0.235756482069309 0.396275638996695 0.257503589758506 0.808825871119132 1.56221214395303 2.27277802504026 7.94280600547791 2.22489141500913 5.7326137469365 3.58229796703045 1.88017146962766 1.78318121570807 2.19189868523524 3.33623323990748 7.98057202192453 8.2416745699369 10.514577462123 6.87443951460031 8.29603503300593 5.10806242319254 6.67091321028196 11.1059692456172 10.3693043268644 13.4506083818582 14.5750728020301 14.4113460320693 16.8132062691909 31.5532345404992 35.8584817739633 38.697307733389 40.5638729975774 41.5535621643066 42.1011710533729 39.5057700230525 35.0412547771747 33.1301440459031 32.6945500007043 29.3185970233037 27.9855705774747 27.8765590741084 28.2053813223655 28.4821752390036 30.4147158035865 30.0379578425334 29.09494972229 29.8825018222515 29.0159580524151 28.6200960599459 28.308933037978 27.1576949999883 27.3682818412781 26.7719943706806 -9999
18.6459436416626 7.63873785275679 3.8792363680326 2.95136392001922 3.72649121284485 8.55418607363334 -9999 -9999 -9999 -9999 7.72931700944901 8.62155977579263 3.12642486508076 2.2124158232831 1.661398598781 2.62187535029191 3.90341578080104 5.70778400164384 7.54072221655112 11.0356882535494 13.2386727699867 15.8943075400132 14.2006586148189 15.5021300682655 23.1330993358905 25.5818217350886 18.2191593463604 17.3795587099515 18.4802009875958 20.7096526072575 22.4402702038105 15.5080457100501 17.2560396194458 19.1223549109239 22.0774738605206 27.417946595412 34.6223129859337 38.5133766761193 43.8465969379132 46.0492225060096 52.615428337684 52.1193172748272 47.4000519972581 43.8770088782677 40.2151936751146 37.2733171169574 33.331362760984 30.5387225288611 30.8614873152513 29.9714019481952 28.7276403353764 28.6949192927434 29.0189952850342 28.6850952781164 29.4464963399447 28.5834509776189 28.1032029665433 27.8880327298091 27.9881457365476 26.9352441017444 26.7688853924091 25.6364740224985 -9999
30.6973171234131 26.9483906672551 16.8412536107577 10.6264464304997 8.34702476171347 7.81117678147096 -9999 -9999 -9999 -9999 23.3773392897386 24.7841281890869 14.1844534507165 8.59055421902583 8.49141465012844 8.11224370736342 10.4140392816984 9.33098600460933 12.473663513477 10.1776751554929 13.0183307574346 14.7208700180054 17.740531041072 17.8212862748366 17.6301617255578 15.4249974030715 13.055621954111 11.6155235217168 16.0959334006676 11.9401391102717 13.9092976129972 19.7369327545166 23.5235647788415 22.416699226086 24.1827621093163 34.5383520859938 41.0185834444486 46.2801708808312 54.6217507582444 57.4793070279635 58.0689292320838 54.1524408780611 51.9697875976562 49.8802824753981 46.6035379263071 42.4922808133639 36.3454457796537 31.5684630320622 33.0978450041551 33.1858160312359 30.5085714046772 29.3056943898018 28.5171489715576 29.1939512399527 28.8755141038161 29.0242129105788 28.4802948694963 29.2207455543371 29.3332385695898 27.4674648780089 26.2933795635517 25.4141948406513 -9999
42.3652841127836 40.7130889892578 46.9462057260367 37.7058370296772 29.0379349635198 25.5130762687096 -9999 -9999 -9999 -9999 36.7793571765606 33.705468911391 35.3243169784546 31.4922129557683 37.023958499615 33.9797166677622 26.3492453648494 14.3072005051833 8.61554714578849 2.5255725475458 1.89761240436481 10.0612560785734 13.5600219139686 13.6074515122634 14.7052917480469 14.0765484296359 12.7783464285044 11.1189865699181 7.92137002944946 9.43348886416509 13.3860796048091 19.7375034919152 22.0880631666917 28.2860772059514 37.4371254260723 42.6446131192721 48.3735621525691 53.8604451693021 60.3182569650503 64.7271267817571 66.2451189481295 61.8096554095928 52.6924778864934 49.4174461364746 41.6131348243127 40.8573806469257 37.6979321699876 37.2458292154165 37.817839549138 34.2142488773053 31.9005833405715 31.2896600319789 30.0558931827545 30.0395681491265 29.848593381735 29.562331529764 28.5603919029236 28.379708143381 27.4153521977938 26.5172580715555 26.6070230924166 26.5002714303824 -9999
-9999 -9999 -9999 -9999 -9999 -9999 39.8157846010648 -9999 -9999 -9999 -9999 -9999 -9999 -9999 -9999 -9999 -9999 -9999 -9999 -9999 4.54849156508079 4.4515726176592 4.97482206271245 9.18333150790288 13.0174884796143 9.46007644213163 6.23695841202369 7.00653483317449 5.81628439518122 8.43288792096651 12.5749995891864 19.2694127009465 25.4847696744479 33.1980121319111 39.3899618295523 47.1683329068697 53.8121020977314 61.886841407189 64.3341475266677 73.0619239807129 74.7638731736403 71.7315709040715 63.3317304757925 52.8538011404184 45.2566299438477 39.3528879605807 38.7159007145808 38.3808766878568 35.8296078902024 35.8945718178382 34.4641812420808 34.6015033721924 33.8364202792828 32.7729418552839 31.9572116044851 29.1409126978654 26.3296991678385 25.8995240651644 26.54081091514 26.5781792860765 27.4521182133601 28.1073620135968 26.6073209322416
