rasters/bioclim/bio10.asc
NCOLS 720 
NROWS 300 
XLLCORNER -180 
YLLCORNER -60 
CELLSIZE 0.5 
NODATA_value -9999 
[rows 224 to 251 of 300, columns 630 to 692 of 720]
28.4374019916241 28.5853491563063 28.9497090853178 29.0316527439998 29.2267567561223 29.3513202667236 29.5564365386963 29.6986233637883 29.4977138225849 29.2626467484694 29.0853636814998 29.1091946821946 29.0650995694674 28.9543116642879 28.7978056394137 28.5977548452524 28.4134983649621 28.302158502432 28.1604746305026 27.9525927030123 27.8040762681227 27.3795154278095 27.0637441781851 26.7707149799053 26.375781426063 25.7411959721492 26.0864279820369 25.7080060518705 24.9474428617037 -9999 -9999 -9999 -9999 -9999 -9999 -9999 -9999 -9999 -9999 -9999 -9999 -9999 -9999 -9999 -9999 -9999 -9999 -9999 -9999 -9999 -9999 -9999 -9999 -9999 -9999 -9999 -9999 -9999 -9999 -9999 -9999 -9999 -9999
27.8377619523268 28.1480343158428 28.7505366985614 28.8988411243145 29.0926975837121 29.133667579064 29.4314173184908 29.8265278155987 29.6517677307129 29.5904731750488 29.485100379357 29.3770916278546 29.3319936899038 29.2917628655067 29.0224418640137 28.5418033599854 28.4697388869066 28.2672086862417 28.1102478320782 27.8629210545466 27.7163951580341 27.2977161407471 27.0170976198637 26.7250207754282 26.4257724468525 25.8767167604887 26.0406784644494 25.8195764101469 25.1493499462421 25.3178595029391 25.0572822277363 25.539668743427 -9999 -9999 -9999 -9999 -9999 -9999 -9999 -9999 -9999 -9999 -9999 -9999 -9999 -9999 -9999 -9999 -9999 -9999 -9999 -9999 -9999 -9999 -9999 -9999 -9999 -9999 -9999 -9999 -9999 -9999 -9999
27.313966017503 28.1368559323824 28.6692148355337 28.9529107900766 29.1134586334229 29.0304634387677 29.3887164776142 29.5559305044321 29.7313085702749 29.8233288985032 29.7833464695857 29.435522372906 29.4910231370192 29.4274080716647 29.0709442725548 28.9751831935002 28.7255948873667 28.5848017472487 28.198383478018 27.8301403339093 27.5131761110746 26.9020858177772 26.4260469583365 26.2111709301288 26.1917542677659 26.1216027186467 26.3450094369742 26.0907962505634 25.3788808675913 24.9995168539194 25.4795582111065 25.6663090632512 -9999 -9999 -9999 -9999 -9999 -9999 -9999 -9999 -9999 -9999 -9999 -9999 -9999 -9999 -9999 -9999 -9999 -9999 -9999 -9999 -9999 -9999 -9999 -9999 -9999 -9999 -9999 -9999 -9999 -9999 -9999
27.3338552621695 28.1076704171988 28.5049142103929 28.8917635404147 29.2634013249324 29.1668159778302 29.2588889782245 29.5654604985164 29.5450465862568 29.661017197829 29.675833775447 29.588705943181 29.4817494612474 29.2696511195256 29.1453248537504 28.9393821129432 28.8012514847976 28.4975062150222 28.0796486781194 27.6600570678711 27.3904677170974 26.752068739671 26.3096815255972 26.0889964470497 25.7531460982103 25.8903628129226 26.3939063732441 26.0868169344389 25.3290497706487 25.0567673903245 25.0943612318773 25.2692351708045 25.7257609734168 -9999 -9999 -9999 -9999 -9999 -9999 -9999 -9999 -9999 -9999 -9999 -9999 -9999 -9999 -9999 -9999 -9999 -9999 -9999 -9999 -9999 -9999 -9999 -9999 -9999 -9999 -9999 -9999 -9999 -9999
27.8964187915509 28.2086011446439 28.6332128964938 29.0193421290471 29.2407556680533 29.3729900946984 29.3565861628606 29.5870688511775 29.6052574744591 29.5585465064416 29.5386076707106 29.5397931612455 29.4787676884578 29.24650148245 29.0757814554068 28.8225386692927 28.7632669302133 28.3212186373197 28.0838135939378 27.637055176955 27.3477586599497 26.4648327460656 25.7548446655273 25.1905263754038 25.2355827918419 25.6091656318078 24.8169469099778 24.7432243640606 25.239292878371 25.3573285616361 25.5340856405405 24.5040001502404 24.8242439856896 25.1450924506554 -9999 -9999 -9999 -9999 -9999 -9999 -9999 -9999 -9999 -9999 -9999 -9999 -9999 -9999 -9999 -9999 -9999 -9999 -9999 -9999 -9999 -9999 -9999 -9999 -9999 -9999 -9999 -9999 -9999
28.0521015754113 28.3215690025916 28.6735825171837 28.8804579514724 29.1636390686035 29.3063253255991 29.3966246384841 29.4566622513991 29.4880195030799 29.4745725484995 29.4361670567439 29.4051679464487 29.3731822967529 29.3150270902194 29.1459993215708 28.9877461653489 28.9092975029579 28.2706926785983 27.8335455380953 27.2784918271578 27.0684339083158 26.4618200155405 25.6023892622728 24.9050524784968 24.7776270646315 24.0230802389292 24.3777443812444 24.5380384005033 25.0083756080041 25.5427464705247 25.4304425166203 23.8030539292556 23.2571899707501 24.5534182328444 25.0294606135442 -9999 24.4120954366831 -9999 -9999 -9999 -9999 -9999 -9999 -9999 -9999 -9999 -9999 -9999 -9999 -9999 -9999 -9999 -9999 -9999 -9999 -9999 -9999 -9999 -9999 -9999 -9999 -9999 -9999
28.1576730287992 28.3075398665208 28.6353805248554 28.9169528667743 29.2246492826022 29.3009065481333 29.3833399552565 29.4027087871845 29.3056985414945 29.3409539736234 29.3825271313007 29.3236943758451 29.299005655142 29.1084279280442 29.2133081876315 29.2039381173941 28.8603649139404 28.190663264348 27.5265394357535 26.9332670065073 26.7227642352764 26.0431057856633 25.7172719515287 25.0768595475417 24.6309694143442 23.966757114117 24.054105758667 24.2207170633169 25.1224051255446 25.3543698237492 24.5999575394851 24.1104023273175 24.0400282052847 24.0880825336163 24.5955474560077 24.6731348771315 23.9044035398043 -9999 -9999 -9999 -9999 -9999 -9999 -9999 -9999 -9999 -9999 -9999 -9999 -9999 -9999 -9999 -9999 -9999 -9999 -9999 -9999 -9999 -9999 -9999 -9999 -9999 -9999
28.0486855140099 28.1722448789156 28.6713877457839 28.8393597236046 29.1556538801927 29.2223130739652 29.2970154102032 29.3085287534274 29.1345371833214 29.1885371574989 29.2487615438608 29.1547958667462 28.9752345451942 29.0571780571571 29.1549502152663 29.0153840871958 28.5903258690467 28.0489981724666 27.4820517026461 27.1434533045842 26.5625930199256 26.0775015904353 25.7209418370174 25.1091160407433 24.703188089224 24.6348370772142 23.9776067000169 24.0477500328651 25.3447270026574 25.4209541907677 24.5190131847675 24.44289794335 24.1552894298847 24.0678410163293 24.0402989020714 24.4439600431002 -9999 -9999 -9999 -9999 -9999 -9999 -9999 -9999 -9999 -9999 -9999 -9999 -9999 -9999 -9999 -9999 -9999 -9999 -9999 -9999 -9999 -9999 -9999 -9999 -9999 -9999 -9999
27.8062192476713 28.1101002326378 28.7397044255183 28.8530207413893 28.9538707733154 29.1198478111854 29.0242321307843 29.1384145296537 29.048534980187 28.9699919773982 28.9258544628437 28.7745562333327 28.7802930978628 28.9353631826547 28.7562941037692 28.1911430358887 28.487604874831 28.043792284452 27.5288684551532 27.1844397324782 26.6287096463717 26.4572140620305 26.106627537654 25.5173143240122 24.9565971081073 24.9686486170842 24.8699412712684 24.5653253702017 25.0563659667969 24.7665399404672 24.4977593055138 23.8812183967003 23.2115829174335 23.3156274648813 23.4050420614389 23.7484462444599 -9999 -9999 -9999 -9999 -9999 -9999 -9999 -9999 -9999 -9999 -9999 -9999 -9999 -9999 -9999 -9999 -9999 -9999 -9999 -9999 -9999 -9999 -9999 -9999 -9999 -9999 -9999
27.6481474362887 27.9843111771804 28.5980133643517 28.6506316845234 28.8211367680476 28.9487141829271 28.8507784329928 28.8906194246732 28.8691268334022 28.6715051210844 28.6154544536884 28.5117929898776 28.4994624211238 28.6186538109413 28.4036739055927 27.8991445394663 28.0483897282527 27.6896454737737 27.662389755249 27.1976924309364 26.8665419358474 26.64876805819 26.3741211524376 25.7195575420673 25.6445773198054 25.3950459406926 25.207949418288 25.0586238274207 25.1823894794171 24.8656479762151 24.5708245497483 24.0248413085938 23.042093863854 22.5493426689735 22.9846547933725 22.6789519970234 -9999 -9999 -9999 -9999 -9999 -9999 -9999 -9999 -9999 -9999 -9999 -9999 -9999 -9999 -9999 -9999 -9999 -9999 -9999 -9999 -9999 -9999 -9999 -9999 -9999 -9999 -9999
27.3158406477708 27.3115617311918 28.4716889308049 28.5947672036978 28.6518515073336 28.7011074653039 28.6012090536264 28.4083822690524 28.5035649813139 28.6145305633545 28.5465563260592 28.3191965543307 28.3699996654804 28.3623667496901 28.0017839578482 27.7776806171124 27.9011202592116 27.4537899310772 27.5109327756442 27.1162933936486 26.8323666499211 26.6436019310584 26.5224167750432 26.3376426696777 26.0452181009146 25.8563665243296 25.7702503204346 25.5952400794396 25.4325652489295 25.1610540243296 24.9921431908241 24.424859560453 23.9270513974703 22.441039452186 22.6114713228666 22.9535214350774 -9999 -9999 -9999 -9999 -9999 -9999 -9999 -9999 -9999 -9999 -9999 -9999 -9999 -9999 -9999 -9999 -9999 -9999 -9999 -9999 -9999 -9999 -9999 -9999 -9999 -9999 -9999
27.1450575315035 27.1243249453031 28.2332470233624 28.4167542090783 28.4435203258808 28.4414577484131 28.308167384221 28.0788541940542 28.1932054666372 28.2012852888841 28.2051844963661 28.015208024245 27.9873737922082 28.040182700524 27.9647567455585 27.7992343902588 27.6489243140587 27.480566905095 27.4698498065655 27.1032760326679 26.857016490056 26.7299659435566 26.584161905142 26.4348197350135 26.1685079427866 26.1181461627667 25.8112495128925 25.7841435945951 25.606881068303 25.2082199683556 24.9374810732328 24.4250561640813 23.7452803391677 22.0759096879226 22.641437970675 23.7187975369967 23.1456043536846 -9999 -9999 -9999 -9999 -9999 -9999 -9999 -9999 -9999 -9999 -9999 -9999 -9999 -9999 -9999 -9999 -9999 -9999 -9999 -9999 -9999 -9999 -9999 -9999 -9999 -9999
26.7288674574632 26.7857685089111 27.9386234283447 28.0142515622653 28.2012428870568 28.1181684640738 27.9910182952881 27.9192312680758 27.8568832690899 27.8034488971417 27.7799371572641 27.774464240441 27.6091141333947 27.6951577113225 27.6390455686129 27.4422761476957 27.5340020106389 27.4048414963942 27.2722967587985 27.0342979431152 26.8340097574087 26.7088514474722 26.6127182887151 26.5662746429443 26.3435095273531 26.2455058464637 26.0645826779879 25.9336257347694 25.837520305927 25.4950887239896 25.1571022914006 24.1356333219088 22.9854225745568 21.6502885084886 20.7431391202486 21.9716989077055 21.6961951622596 -9999 -9999 -9999 -9999 -9999 -9999 -9999 -9999 -9999 -9999 -9999 -9999 -9999 -9999 -9999 -9999 -9999 -9999 -9999 -9999 -9999 -9999 -9999 -9999 -9999 -9999
26.463139460637 26.5562261434702 27.3819406949557 27.6831955542931 27.9219887073223 27.7783050537109 27.7231662456806 27.6096515655518 27.5405769348145 27.3890578930195 27.4097784482516 27.3336617396428 27.149253991934 27.1779521061824 27.2021509317251 27.3267971919133 27.2029231144832 27.0213306133564 26.916083409236 26.7757540482741 26.5110863905687 26.5063059880183 26.5624756446251 26.4274272918701 26.3437435443585 26.1965251335731 25.95143699646 25.9211620917687 25.7122748448299 25.3836489457351 25.0700978499192 24.0263937436617 22.6276584038368 19.9705028533936 20.3406897324782 22.3109842447134 22.6897632892315 -9999 -9999 -9999 -9999 -9999 -9999 -9999 -9999 -9999 -9999 -9999 -9999 -9999 -9999 -9999 -9999 -9999 -9999 -9999 -9999 -9999 -9999 -9999 -9999 -9999 -9999
26.0990045987643 26.2980251312256 26.7155767587515 27.0600528717041 27.3764558938833 27.4431121532734 27.3954816964956 27.3837804060716 27.2403731712928 27.2055735954872 26.996944134052 26.8182019453782 26.4517059326172 26.1769519219032 26.5787690969614 26.8458652496338 26.7068617894099 26.5206273885874 26.4776744842529 26.3731385744535 26.2510312887338 26.2831640977126 26.2517157334548 26.1852656144362 26.1821939028226 26.097116617056 26.0594404660738 26.0448407393235 25.7149237119235 25.4506172767052 24.6967987647423 23.4451018113356 22.0620329930232 19.5775655599741 19.2164925795335 22.4581454350398 22.9454263540415 -9999 -9999 -9999 -9999 -9999 -9999 -9999 -9999 -9999 -9999 -9999 -9999 -9999 -9999 -9999 -9999 -9999 -9999 -9999 -9999 -9999 -9999 -9999 -9999 -9999 -9999
25.475256553063 25.6823224287767 26.1085984156682 26.3985120333158 26.6120182917668 26.4471438481258 26.6445174584022 26.7742384397067 26.3601580399733 26.5303525191087 26.6064699613131 26.3700928321251 26.0623848254864 25.8474395458515 26.2009902367225 26.3813272622915 26.1378641862136 26.0422627375676 26.1411517216609 26.071218930758 25.9534545311561 25.8440961104173 25.860634290255 25.905672953679 25.8446816664476 25.8719617403471 25.9248217069186 25.9464470789983 25.5739053579477 25.1097354888916 23.9853569911076 23.2678815401517 21.0120638333834 18.0566362234262 19.4514780778151 21.8764974153959 22.5316392458402 -9999 -9999 -9999 -9999 -9999 -9999 -9999 -9999 -9999 -9999 -9999 -9999 -9999 -9999 -9999 -9999 -9999 -9999 -9999 -9999 -9999 -9999 -9999 -9999 -9999 -9999
24.8448429107666 25.0810381082388 25.5686871455266 25.6743482443003 25.9062576293945 25.7446889143724 25.754250893226 24.6767432873066 23.9351365016057 26.1251299931453 26.2018682039701 25.9999288412241 25.8247005756085 25.7511251889742 25.8389826554518 25.8197066967304 25.7851713620699 25.7926785395696 25.9560769888071 25.7560022794283 25.6847792405349 25.4714101644663 25.4100272838886 25.5175408583421 25.5331023289607 25.577356338501 25.4292678833008 25.5491221501277 25.2303832127498 24.6857254321759 22.2638232891376 22.2893557915321 20.0848507514367 17.8895221123329 18.3987460503211 20.1070729769193 -9999 -9999 -9999 -9999 -9999 -9999 -9999 -9999 -9999 -9999 -9999 -9999 -9999 -9999 -9999 -9999 -9999 -9999 -9999 -9999 -9999 -9999 -9999 -9999 -9999 -9999 -9999
24.1556587219238 24.3406215080848 24.8380744640644 25.0168619889479 25.2692420666034 25.3650588989258 24.8521906045767 22.499814253587 24.5195633814885 25.8214847858136 25.7394384237436 25.549340908344 25.4312478579008 25.1543216705322 25.1011301187369 25.1937480339637 25.3639056865986 25.4670204749474 25.5140031667856 25.4045718266414 25.1717846210186 24.9591393103966 24.8856146885799 25.1125654073862 25.3811821570763 25.1804539607121 25.0438572810246 24.8434668320876 24.28473340548 24.1128616333008 23.5634844853328 22.6199942368727 19.6182526808519 18.9486760359544 19.5945477118859 20.682834478525 -9999 -9999 -9999 -9999 -9999 -9999 -9999 -9999 -9999 -9999 -9999 -9999 -9999 -9999 -9999 -9999 -9999 -9999 -9999 -9999 -9999 -9999 -9999 -9999 -9999 -9999 -9999
23.2207041520339 23.5984455988957 23.8818531036377 24.0596408843994 24.1415362724891 24.6759697840764 24.6371283897987 22.5239078815167 24.454960162823 24.982080753033 24.9028581472544 24.7684148641733 24.541308769813 24.3311418386606 24.5265538142278 24.6242495316726 25.034597837008 25.0826558333177 25.0194044846755 24.9715229914739 24.7157497406006 24.5132240882287 24.5216627854567 24.7917276529165 24.9604966090276 24.7853628305288 24.7720713982215 23.8272014031043 22.2160254258376 22.4937758812538 23.089756158682 22.4146622877855 19.5061495854304 17.0929554425753 18.416167479295 20.8247324136587 -9999 -9999 -9999 -9999 -9999 -9999 -9999 -9999 -9999 -9999 -9999 -9999 -9999 -9999 -9999 -9999 -9999 -9999 -9999 -9999 -9999 -9999 -9999 -9999 -9999 -9999 -9999
22.244474704449 22.7386159163255 23.1057079021747 23.1394549149733 23.1968624408428 23.7459876720722 23.2690077561599 21.5927283947284 23.5459889632005 24.0061771686261 23.98694727971 24.0626980708196 23.4829912919265 23.6857106135442 24.1194855616643 24.3008905557486 24.6410701458271 24.6905153714694 24.7395383394681 24.7307464893048 24.2589787703294 24.1368582798884 23.8995089897743 24.4478541154128 24.465643956111 24.6217318314772 24.2472261282114 23.2384719848633 21.8941852863018 21.4084906944862 21.3411250481239 20.9459965045636 19.487587415255 18.8097403599666 20.3515114417443 21.0279871133658 -9999 -9999 -9999 -9999 -9999 -9999 -9999 -9999 -9999 -9999 -9999 -9999 -9999 -9999 -9999 -9999 -9999 -9999 -9999 -9999 -9999 -9999 -9999 -9999 -9999 -9999 -9999
21.339413862962 21.8343385549692 22.226327749399 22.2894777151255 22.4813568408673 22.4513860849234 22.0566968184251 21.1915000035213 22.2608840648945 21.9191074371338 21.9369122431828 22.7401577876164 23.0407672295204 23.5534813220684 24.0484278752254 24.2376370063195 24.3572123600886 24.3204018519475 24.1636621035062 24.3537763448862 23.9873966803918 23.4884118300218 22.9557399749756 23.6005945939284 23.9990921020508 24.0187806349534 23.5369058755728 22.7974338531494 21.9344561650203 21.4844801976131 21.7126040825477 21.8335321866549 20.2669902214637 20.2751981295072 20.9623853243314 -9999 -9999 -9999 -9999 -9999 -9999 -9999 -9999 -9999 -9999 -9999 -9999 -9999 -9999 -9999 -9999 -9999 -9999 -9999 -9999 -9999 -9999 -9999 -9999 -9999 -9999 -9999 -9999
20.4864292144775 20.9071608323317 21.1646332373986 21.3163796938383 21.9479516836313 22.379077911377 21.0146120511569 20.5921663137583 20.8958542163555 21.3267192840576 22.2493642660288 22.92340528048 23.3429618248573 23.4882963620699 23.6271577981802 23.8432011237511 23.9646914555476 23.9476007314829 23.8912591200608 23.8227370335506 23.573326257559 23.1076930119441 23.1853128579947 23.4980925046481 23.5722392155574 23.4868946075439 22.7125415802002 21.7885280022254 20.5808558830848 19.6228364797739 19.8911835597112 20.8767949617826 21.2099776634803 21.2993501516489 -9999 -9999 -9999 -9999 -9999 -9999 -9999 -9999 -9999 -9999 -9999 -9999 -9999 -9999 -9999 -9999 -9999 -9999 -9999 -9999 -9999 -9999 -9999 -9999 -9999 -9999 -9999 -9999 -9999
19.9225921630859 20.318389745859 20.4436212686392 20.527281834529 21.1897112039419 -9999 21.2753618680514 19.8619695810171 20.5591926574707 21.5009962228628 22.2825820629413 22.7291695521428 22.8727984795204 22.9744716057411 23.1264080634484 23.2652667118953 23.3073646838848 23.4173135023851 23.5427071497991 23.6586158459003 23.6241350907546 23.6585291348971 23.7301040062538 23.5315476931058 23.4359527001014 23.3056042010968 22.3646077376146 20.7854380974403 18.9356396014874 18.3855449969952 18.3383049598107 20.4655362642728 20.7437560741718 -9999 -9999 -9999 -9999 -9999 -9999 -9999 -9999 -9999 -9999 -9999 -9999 -9999 -9999 -9999 -9999 -9999 -9999 -9999 -9999 -9999 -9999 -9999 -9999 -9999 -9999 -9999 -9999 -9999 -9999
19.5827990311843 19.7208796281081 19.8954684917743 20.5018383906438 -9999 21.3482175973745 21.0502536480243 19.6519778325008 20.5949514829195 21.6570383218619 22.1559141599215 22.485718360314 22.5118431678185 22.3935608497033 22.563485952524 22.668120604295 22.8565111893874 23.0737483684833 23.0821575751671 23.1500508235051 23.2436630542462 23.2471005366399 22.7097056462215 22.8615985283485 22.9213359539325 22.6724834442139 21.5633899982159 20.7433806199294 18.477388381958 17.1163173822256 18.1019546802227 21.0900981609638 21.3983202714186 -9999 -9999 -9999 -9999 -9999 -9999 -9999 -9999 -9999 -9999 -9999 -9999 -9999 -9999 -9999 -9999 -9999 -9999 -9999 -9999 -9999 -9999 -9999 -9999 -9999 -9999 -9999 -9999 -9999 -9999
-9999 19.1633400550255 19.8209439791166 -9999 -9999 20.4743096278264 21.0450289799617 19.8522883195143 20.1724100846511 21.3057713141808 21.6145565326397 22.0287468249981 22.0262483450083 22.0586386460524 22.2082454974835 22.462014565101 22.6654055668758 22.593349310068 22.6598158616286 22.9543078495906 22.8544029822716 22.7475606478178 22.6437471829928 22.4436083573561 22.2210941314697 22.0586150242732 20.9503942636343 20.2409783876859 18.767357312716 17.3858823776245 18.5739725553072 20.2255196204552 -9999 -9999 -9999 -9999 -9999 -9999 -9999 -9999 -9999 -9999 -9999 -9999 -9999 -9999 -9999 -9999 -9999 -9999 -9999 -9999 -9999 -9999 -9999 -9999 -9999 -9999 -9999 -9999 -9999 -9999 -9999
-9999 19.2168951768142 -9999 -9999 -9999 20.5653318258432 -9999 20.1274989201472 19.5978061969464 20.5187181326059 20.7524886498084 21.2007437485915 21.4485147916354 21.5451234670786 21.8750861241267 22.0470052865835 22.2527647752028 22.529184781588 22.5366950401893 22.5593116466816 22.468109864455 22.4201495830829 22.6873758756197 22.5477453378531 21.8620420602652 21.0937147874099 20.5478677016038 19.6162766676683 18.5823612213135 17.8543009391198 18.7375840407151 20.0068522233229 -9999 -9999 -9999 -9999 -9999 -9999 -9999 -9999 -9999 -9999 -9999 -9999 -9999 -9999 -9999 -9999 -9999 -9999 -9999 -9999 -9999 -9999 -9999 -9999 -9999 -9999 -9999 -9999 -9999 -9999 -9999
-9999 -9999 -9999 -9999 -9999 -9999 -9999 18.7982766078069 19.5931839576134 19.6671022268442 20.0540301983173 20.4985495347243 20.8927924816425 21.0932075793927 21.4728767688458 21.5907032306378 21.8056969275841 22.0125320141132 22.1129461435171 22.1354549114521 22.166480577909 22.0865984696608 22.2346772413987 22.0402611952562 21.3132655803974 20.4809832939735 18.9792769505427 17.5510477652917 17.8364644417396 17.1183941180889 18.7910292698787 -9999 -9999 -9999 -9999 -9999 -9999 -9999 -9999 -9999 -9999 -9999 -9999 -9999 -9999 -9999 -9999 -9999 -9999 -9999 -9999 -9999 -9999 -9999 -9999 -9999 -9999 -9999 -9999 -9999 -9999 -9999 -9999
-9999 -9999 -9999 18.5463736607478 18.5872722038856 18.7822484236497 -9999 -9999 -9999 18.9748056851901 19.4918506328876 19.8958556835468 20.2041408832257 20.4534577589769 20.7738064986009 20.985923913809 21.1239392207219 21.4062002622164 21.5198154449463 21.6185076786922 21.5793712322529 21.4507656097412 21.6540411435641 21.3857845893273 20.2259782644419 18.8570735637958 15.9066657286424 13.5894730641292 15.8690475317148 16.657612653879 -9999 -9999 -9999 -9999 -9999 -9999 -9999 -9999 -9999 -9999 -9999 -9999 -9999 -9999 -9999 -9999 -9999 -9999 -9999 -9999 -9999 -9999 -9999 -9999 -9999 -9999 -9999 -9999 -9999 -9999 -9999 -9999 -9999
