rasters/bioclim/bio11.asc
NCOLS 720 
NROWS 300 
XLLCORNER -180 
YLLCORNER -60 
CELLSIZE 0.5 
NODATA_value -9999 
[rows 84 to 111 of 300, columns 378 to 440 of 720]
0.699133008861771 0.200877105960479 -0.589955580778993 -0.622604389818242 -0.646159390059228 -1.49843294116167 -1.70528631485426 -2.63554013692416 -2.17997706853426 -2.45626432162065 -2.93972050226652 -3.14486553118779 -3.61963849801284 -3.24699115753174 -1.11915712803602 -0.0848642828372809 -0.101307879703549 -0.0390858562806478 -0.455336085019203 -1.22942195259608 -1.23582565899079 -1.26630194255939 -0.868830171342079 -0.639355353437937 -0.627487825086484 -0.666912409369476 -0.838888588146521 -0.956643521499175 -1.90608576627878 -4.07534610308134 -5.31892884694613 -6.89133783487173 -5.71450912035429 -4.1590532889733 -2.38757210969925 -1.74590708315372 -1.29124647808763 -1.59378209899968 -1.87455097987102 -2.15906200500635 -2.32431758367098 -2.65836535050319 -3.01681708372556 -2.90915525876559 -3.184983253479 -3.58043569784898 -3.79860126055204 -3.79610650355999 -3.62809965243706 -3.49489122170668 -3.43231314879197 -3.29787840293004 -2.99081867933273 -3.74966990030729 -4.11849851791675 -4.23607948193183 -4.43453827271095 -4.46463052126077 -4.58894553551307 -4.76741909980774 -4.69642646496113 -4.94375470968393 -5.01698330732492
-0.592569215079913 -1.89649934035081 -4.64526227804331 -5.62286802438589 -4.34187172009395 -3.56604598118709 -3.38023449824407 -5.97632976678702 -4.80713466497568 -4.77753666731027 -4.48668635808505 -4.40770750779372 -3.29601111778846 -2.16650745501885 -0.781848379339163 -0.298503336711572 0.0928748416212889 -0.388198936501375 -0.313316208238785 -0.230526802631525 -0.400546537855497 -0.486196274081102 -0.305833852778261 -0.342681711969467 -0.323070227526701 -0.411878541685068 -0.925909978839067 -1.93056199183831 -1.83986037052595 -2.72842555779677 -3.24572824514829 -5.28637117605943 -6.86700989649846 -6.21614148066594 -3.3827313551536 -2.0205571949482 -1.59850946985758 -1.75293547029679 -1.94754572785818 -1.94879013299942 -1.81588697891969 -2.1873344045419 -2.11626703922565 -2.33248715217297 -2.7071917790633 -3.24223385407374 -3.63173756232628 -3.7112669302867 -3.50665462017059 -3.23607810644003 -3.03802781838637 -3.06032826350285 -2.89060426675356 -3.30351592944219 -3.94749311300424 -3.86919356309451 -3.70896169772515 -3.34265870314378 -3.42103026921933 -3.42063668140998 -3.48623167551481 -3.72632281596844 -3.99827704979823
-5.50141301521888 -5.5081870005681 -8.84024891486535 -8.28903997861422 -5.37197975011972 -6.80197466336764 -8.10853866430429 -5.96451854705811 -5.40363099024846 -4.32427668571472 -3.16538304548997 -3.11801334527823 -1.96379905480605 -0.260673249570223 -0.122330596240667 0.32675198924083 0.194305502737944 0.121391190932347 0.00452039061257472 -0.209513190488976 -0.085299514234066 -0.113974153422392 0.0507798031545602 -0.0337520253199797 -0.0121032885060861 -0.130473319154519 -1.12366027594544 -3.36462149253258 -3.74833602171678 -2.02661440922664 -2.02919139311864 -3.55635619163513 -6.08689564924974 -6.39429378509521 -5.459777538593 -2.35813221106162 -2.08603329154161 -2.07208073826937 -1.54984289608323 -1.58369514288811 -1.48992311553313 -1.09951196173922 -1.05606993345114 -1.09122275274533 -1.84683520862689 -2.71456900009742 -3.54598012337318 -3.55774270571195 -3.05366722437052 -2.65341395598191 -2.50754048732611 -2.61032930245766 -2.51815120302714 -2.7042927971253 -2.81625251586621 -2.75609023754413 -2.69860315552125 -2.60627421507469 -2.74477224625074 -2.86979880470496 -2.98824031536396 -3.07545208930969 -3.38486603590158
-4.73869723540086 -7.5015737093412 -7.65008996083186 -8.2421529843257 -3.9174248622014 -6.55460555736835 -5.31624361184927 -1.38342569883053 -1.36345238295885 -5.06733610079839 -1.51191408588336 -1.30658486943979 -0.701680057323896 0.194051128167372 1.19118899221604 0.591099839944106 0.280748164424529 0.126462718042044 -0.0427616232862839 -0.0790796864491243 0.0823219154889767 0.131066437524099 0.441968131523866 0.336437223049311 0.30736211171517 -0.225267445525298 -1.11728259954655 -2.42637646198273 -4.36648117578947 -1.72522194568927 -1.74294294990026 -2.56700748663682 -4.13698414655832 -5.07653188705444 -4.57161567761348 -3.04364191568815 -1.74891227827622 -1.48231873202782 -1.24527563365141 -1.26034221798182 -0.956261468907961 -0.757663913787557 -9999 -9999 -9999 -9999 -3.21651369791764 -3.06916166268862 -2.46798342007857 -2.03020496322558 -1.81006090858808 -2.05899670261603 -1.58978268418175 -2.06888658037552 -3.01887043164327 -2.84806609612245 -2.48896776025112 -2.08646003429133 -2.17487041279674 -2.2274581281325 -2.26040576598965 -2.25071766972542 -2.58009268228824
0.818098893532386 -0.608701391861989 -2.39009701747161 -2.77044179806343 -2.34106730039303 -0.289209073552719 1.48595478557623 3.4636602126635 -9999 3.01941777192629 -1.12307586692847 -1.02777791137879 -0.503389633045747 0.86463946935076 1.45866475082361 0.706483517701809 0.2674661687432 0.294206364510151 0.282335664503849 0.179811091377185 0.457410963682028 0.633165304477398 0.804523532207196 0.820869015959593 0.735279213923674 0.520115240262105 -1.23838265412129 -2.21775060433608 -2.27586781978607 -4.45811121280377 -2.45968108910781 -3.61562650020306 -3.16296414228586 -3.15282831742213 -4.11182020260738 -4.01550646928641 -1.05904414791327 -0.924731709994376 -0.918935537338257 -0.806403740380819 -0.353155638162906 0.112022343736428 -9999 -9999 -9999 -9999 -9999 -9999 -1.51426751797016 -1.16604896348256 -0.933951850693959 -0.907576153484675 -1.75866741056626 -2.23193052955545 -2.47393778539621 -2.20586506678508 -1.75109671285519 -1.23515731841326 -1.31414792170891 -1.28044378213011 -1.15189544226115 -1.25299712700339 -1.54731742349955
2.11392923272573 2.00618707216703 1.5939155925925 1.42749366851953 1.49009965130916 2.11971522982304 -9999 -9999 -9999 4.65174396221454 3.71488178693331 0.135355393473919 -0.325259640239752 1.27733607876759 1.23410943308129 1.35414378115764 0.879233035330589 0.777620549385364 1.01488981099828 0.842078296037821 0.938245720588244 0.890605309834847 1.14508740317363 1.17404301865743 1.08725214692263 -0.117295736661897 -1.86479214980052 -5.04553255668053 -2.71367316062634 -4.50616526603699 -3.27407956123352 -3.44262810853811 -3.75260415444007 -3.13640836568979 -2.4371149631647 -1.80144228614294 -0.547801459351411 -0.150076240587693 -0.399636390404059 -0.153213223012594 0.299586169994794 -9999 -9999 -9999 -9999 -9999 -9999 -9999 -0.0168653783889917 0.047533230139659 0.0137941757073769 0.0553995886674294 0.112050473690033 -0.19034092930647 -0.724660067317577 -0.514958033194909 -0.327029697023905 -0.429047586109776 -0.0460856344837409 0.013721602037549 0.1717570532973 0.0937860206915782 -0.402436588246089
0.686828713864088 1.77967121967903 1.73726237737215 2.26186075118872 2.35360761789175 -9999 -9999 -9999 -9999 -9999 -9999 2.23547206704433 -1.62675955891609 -1.50251384194081 0.153640537594373 -0.269454159415685 0.504787406096092 0.574273407459259 1.49814136211689 0.884617042083007 1.90479520192513 1.86500257253647 1.71138858336669 1.43738978184187 1.25652551192504 0.0303920048933763 -0.84428490125216 -0.169293240858958 -0.189875191793992 -0.949342091496174 -0.924970844617257 -0.98294156904404 -0.951659197990711 -0.656128265536748 -0.5015891205806 -0.312080779900918 -0.145723197322625 0.228050126622503 0.162202500380003 0.746073965842907 -9999 -9999 -9999 -9999 -9999 -9999 -9999 -9999 -9999 1.33381612598896 -0.497149740274136 -9999 -9999 -9999 -9999 -9999 -9999 0.550323172257497 0.143361387344507 0.44764153773968 1.23689923148889 1.01944818405005 0.285541213475741
-9999 4.23966682874239 0.319194844135871 0.434297169630344 1.20654110667797 2.54757189750671 3.40694370636573 -9999 -9999 -9999 -9999 -9999 -0.285245744081644 -0.284561775911313 -0.481183066104467 -1.75146295015629 -1.41473861955679 -2.04140173013394 -0.488110764381977 -0.725096690898331 -0.309299267112063 -0.0117328969331888 0.760167352568645 1.08068980276585 1.33424805448605 -0.898659368547109 -0.126064614607738 0.971592712860841 0.462682710244105 0.139908918681053 -0.301642606751277 -0.290953936270223 -0.154483820669926 -0.15012667958553 -0.130664950379959 0.113910528902824 0.102818839825117 0.513582032460433 0.896840573503421 -9999 -9999 -9999 -9999 -9999 -9999 -9999 -9999 -9999 -9999 -9999 -9999 -9999 -9999 -9999 -9999 -9999 -9999 -9999 -9999 -9999 0.283209428477746 -2.29583512131984 -2.02596255047963
-9999 -9999 -9999 4.73182922143203 3.97097987395066 0.991206622252671 1.06224543128449 3.24831013496105 4.85620856285095 -9999 -9999 -9999 -9999 4.95553849752133 2.74613688313044 0.24924763578635 -1.24621062912047 -2.86422530504373 -1.91869576619222 -1.14826714820587 -0.174890468326899 -1.26375084427687 -0.372488520752925 0.280728678863782 0.988648000818033 -0.664188409653994 -0.334871174051211 0.36916757776187 0.792909762034049 0.484272057047257 0.113267902284861 -0.0677137839106413 0.0285772268588726 0.0962402319105772 0.0599334446283487 -0.0622443172794122 0.398084995838312 0.890505107549521 1.55391323509125 -9999 -9999 -9999 -9999 -9999 -9999 -9999 -9999 -9999 -9999 -9999 -9999 -9999 -9999 -9999 -9999 -9999 -9999 -9999 -9999 -9999 -9999 1.06340893415304 -8.84605657137357
-9999 -9999 -9999 5.77007865905762 5.48371980740474 4.26060467499953 3.41028322623326 2.26514777082663 2.75848779770044 5.3093023116772 -9999 -9999 -9999 -9999 -9999 5.67308555887296 3.77970856886644 2.83077905728267 -0.551092869530504 -3.09711913879101 -3.03210118183723 -1.09458271127481 -1.5651569549854 -1.9045387506485 -1.06386344822553 0.415758688862507 -0.97138736783885 -1.84912714591393 -0.976970850346753 -0.326380289517916 -0.117822902993514 -0.202563321934297 -0.134607434989168 0.204341050165777 0.0776464898998921 0.457469896628306 1.01285044275797 1.90942498124563 -9999 -9999 -9999 -9999 -9999 -9999 -9999 -9999 -9999 -9999 -9999 -9999 -9999 -9999 -9999 -9999 -9999 -9999 -9999 -9999 -9999 -9999 -9999 -9999 -9999
-9999 -9999 7.62622220699604 -9999 7.11111919696514 5.65146675476661 5.53317843950712 3.83885168112241 0.0485673254499069 3.62420341601739 -9999 -9999 -9999 -9999 -9999 -9999 -9999 5.95013911907489 2.76821332826064 -1.1282744639768 -2.33241963386536 -3.96296908305241 -3.41410508522621 -0.445163224179011 -0.658648226696711 -0.271738971082064 -1.16603339979282 -1.30305180297448 -0.861467234647045 -1.53814636973234 -2.01505130529404 -2.61299337790563 -2.45748841762543 -1.07326284308846 -0.792813863891822 1.07373372522684 1.97322068764613 3.01955605699466 -9999 -9999 -9999 -9999 -9999 -9999 -9999 -9999 -9999 -9999 -9999 -9999 -9999 -9999 -9999 -9999 -9999 -9999 -9999 -9999 -9999 -9999 -9999 -9999 -9999
3.40125072002411 -9999 -9999 -9999 -9999 7.92497081022996 6.58923101425171 5.58941775101882 1.27718814290487 1.61433214866198 4.82105620090778 -9999 -9999 -9999 -9999 -9999 -9999 -9999 -9999 -9999 4.49169590839973 -2.94189321077787 -1.77606976032257 -2.04691331203167 -0.737954842159525 0.0282228366077806 -0.813857435033872 -1.027427773063 -2.37802835611197 -2.94368738394517 0.0374023493092794 1.14043602003501 1.01004044940838 1.76125893913783 2.04129270865367 2.3219212614573 2.49917575487724 3.59605029683847 -9999 -9999 -9999 -9999 -9999 -9999 -9999 -9999 -9999 -9999 -9999 -9999 -9999 -9999 -9999 -9999 -9999 -9999 -9999 -9999 -9999 -9999 -9999 -9999 -9999
5.2794489126939 -9999 -9999 -9999 -9999 -9999 -9999 7.53999629387489 6.53012506778424 6.44470849403968 2.7833141042636 4.87120466965895 6.90617385277381 6.17261871924767 -9999 -9999 -9999 -9999 -9999 -9999 -9999 4.67654893948482 -0.0777454307446113 -2.27308442042424 -1.51038617354173 0.889076244515868 1.29073746846272 -0.595421656393088 -2.02797472018462 -1.21353766895258 -2.54697254987863 -2.29360034832588 0.804812532204848 2.12719191954686 2.9114673435688 3.4132678600458 3.55466882311381 2.75467968445558 -9999 -9999 -9999 -9999 -9999 -9999 -9999 -9999 -9999 2.14096606236238 -1.21620125782031 -0.92306560335251 -0.540580683029615 -0.173295526550366 -9999 -9999 -9999 -9999 -9999 -9999 -9999 -9999 -9999 -9999 -9999
8.12294538204486 -9999 -9999 -9999 -9999 -9999 -9999 -9999 -9999 7.77759849108182 6.06154865484971 5.71072193292471 5.11121483949515 7.07846076671894 7.43546199798584 -9999 -9999 -9999 -9999 -9999 -9999 5.97694235581618 0.755519219315969 -0.0392459246974725 0.137390130414413 -0.0135686803036011 -0.0687700739273658 2.0227783368184 2.10953280558953 1.30151421977923 1.31222400298485 1.58414583710524 2.39713777487095 1.77116253742805 3.45104255011448 3.30376092896152 3.98444314644887 4.03713098397622 4.60593995681176 5.31031639759357 -9999 -9999 -9999 -9999 -9999 3.74802378966258 0.258286955264898 -1.2245796838632 -1.92667124936214 -2.67648941278458 -2.16343874656237 -1.4658593953802 0.854637919327405 0.949682518553275 3.7009474497575 6.11070717298068 -9999 -9999 -9999 -9999 -9999 -9999 -9999
6.47409600477952 -9999 -9999 -9999 -9999 -9999 -9999 -9999 -9999 -9999 -9999 5.94086036315331 4.43178811440101 3.78375844772045 6.01394292024466 5.99471735954285 5.03624579568322 -9999 -9999 -9999 -9999 7.57122355241042 1.2701482635278 0.0857884912536694 -0.835609745234251 -0.0405008941888809 2.56069830590143 4.57617546961858 3.98845270046821 4.21522267048176 -9999 5.58582678207984 -9999 -9999 4.33743976629697 3.42610454788575 4.18239195530231 5.01617610454559 4.15811584087519 4.42566419564761 5.48477794573857 4.64437772677495 4.12168434033027 1.55707998459156 0.91457808132355 -1.944868683815 -1.82986946060107 -3.19647738566765 -3.58214478309338 -2.7625452371744 -2.00082387144749 -0.595758985441465 -1.39853752476092 -0.7550842326421 -1.01161109713408 -0.900641205219122 -1.51384162129118 -1.87841608165763 -3.46969874088581 -2.94513175579218 -3.62902992505294 -3.99074382048387 -5.36538026883052
6.30971226325402 -9999 -9999 -9999 -9999 -9999 -9999 -9999 -9999 -9999 -9999 -9999 6.63273352843065 3.17624678978553 5.37194241010226 -9999 -9999 -9999 8.21727159390083 -9999 -9999 6.25195746238415 1.21972158321967 -0.0206587073894647 0.301483878722558 0.655679993904554 0.448568755617509 -9999 5.44074427164518 -9999 4.89558300605187 -9999 -9999 -9999 5.44875667645381 4.23521754374871 4.99824799024142 5.34280487207266 5.37517129457914 5.3118180678441 3.1157767067735 2.93624788476154 1.73084632249979 0.00749090457191834 -1.01792619377375 -1.08602548447939 -1.21672598444498 -2.17496782082778 -2.93903509470133 -1.32315259168927 -1.14101787986091 -1.6227818824924 -2.39617946514717 -2.0265013552629 -2.35663160452476 -2.96087326453282 -4.26479214888353 -5.0489543401278 -4.1006789115759 -5.88470796438364 -4.33501298610981 -5.57432666191688 -9.17918241941012
7.82865575643686 -9999 -9999 -9999 -9999 -9999 -9999 -9999 -9999 -9999 -9999 -9999 -9999 -9999 7.51055313990666 -9999 -9999 -9999 -9999 -9999 -9999 7.1448590021867 6.12066937409914 3.64121315800227 1.34999614953995 4.17800132127909 4.38320507453038 4.78053486347198 -9999 -9999 -9999 -9999 -9999 -9999 6.8920600597675 5.25985829646771 4.43929078028752 4.81390792589921 3.79470998048782 3.03314765514089 1.50901127778567 0.0151908386212129 0.0239795950742868 0.0204811402811454 -0.307311703021137 0.330357357859612 -0.0695678679845654 -1.14470331990518 -1.18599430038235 -0.683890523818823 -0.614585784192269 -1.44303720788314 -2.44532888669234 -3.43077555069557 -4.3783809038309 -4.61008697289687 -5.51313020632817 -5.2391826739678 -4.48639431366554 -5.63475606991695 -6.81353451655461 -7.67432051438552 -7.20909357070923
9.28104701408973 -9999 -9999 -9999 -9999 -9999 -9999 -9999 -9999 -9999 -9999 -9999 -9999 -9999 6.22934499153724 6.36141190162072 -9999 -9999 -9999 -9999 -9999 -9999 -9999 6.83303170937758 5.07915166708139 4.11011882011707 6.1572478551131 5.59783862187312 5.84167812420772 -9999 -9999 -9999 -9999 -9999 7.96581756151639 7.73270720701951 5.58521248744084 4.89255984929892 3.53281326018847 2.92308957072405 1.35186832455488 0.119945253317173 -0.341198470156926 -0.681119518784376 0.289405413545095 0.612148163410334 0.00102793167416866 -1.44503489451913 -1.03854651405261 -0.991416868108969 -1.16427640616894 -1.17839698493481 -2.67969600512431 -4.81489007289593 -3.97642639967111 -5.03039763523982 -6.36612576704759 -5.44612249961266 -3.63173628770388 -6.33657000615047 -6.46506727658785 -7.65773571454562 -5.47871463115399
-9999 -9999 -9999 -9999 -9999 -9999 -9999 -9999 -9999 -9999 -9999 -9999 -9999 -9999 8.97203401418833 -9999 -9999 -9999 -9999 -9999 -9999 -9999 -9999 7.61220898995033 7.19677294217623 3.54023691324087 4.22003568135775 6.09095821013817 -9999 -9999 -9999 -9999 -9999 -9999 -9999 -9999 6.397831091514 5.551396718392 4.18795846975767 3.19341602692237 2.22746184697518 1.21699827680221 -0.0213362672008001 -0.10922029786385 0.049136615716494 0.131808028771327 -0.38455002869551 -1.10912417778029 -0.492982308451946 -0.763079622617135 -0.518703261247048 -0.834663005975577 -2.28031090818919 -3.98742213616004 -5.28120083075303 -5.15324997901917 -5.77129706969628 -5.42114675962008 -2.62446957368117 -3.39184292463156 -1.72274491649408 -2.90238089286364 -3.29448990179942
-9999 -9999 -9999 -9999 -9999 -9999 -9999 -9999 -9999 -9999 -9999 -9999 -9999 9.05986496118399 10.1114537165715 -9999 -9999 -9999 -9999 -9999 -9999 -9999 -9999 -9999 -9999 8.06546856806828 -9999 -9999 6.74475640517015 7.55711749883798 -9999 -9999 -9999 -9999 -9999 8.72420186262864 7.64091550386869 6.5884134219243 4.45878301217006 3.85069083250486 3.57273398454373 2.51639527311692 1.31490289935699 0.653538153721736 0.413804789002125 -0.450084577386196 -0.937554194377019 -0.43555289048415 -0.368545242227041 -0.177308374872574 -1.12260907659164 -1.25224583424055 -2.15202693985059 -3.83264030860021 -5.78292578917283 -5.58299358074482 -5.83373328355643 -5.39207011002761 -2.82744036271022 -1.59111281455709 -1.66696276114537 1.36456241286718 0.776800366548391
-9999 -9999 -9999 -9999 -9999 -9999 -9999 10.5738154191237 8.9250162931589 8.55893443180964 7.36392857478215 7.10858741173377 -9999 -9999 -9999 -9999 -9999 -9999 -9999 -9999 -9999 -9999 -9999 10.0082232768719 -9999 7.78296881455642 3.0415653357139 5.38707436048068 -9999 -9999 -9999 -9999 -9999 -9999 -9999 8.12997840001033 8.27797720982478 5.73291246707623 4.84218676273639 3.1933294076186 2.26821064032041 1.75819326364077 3.77737887089069 0.990957248955965 -1.16729922793232 -0.16526535876955 -0.853770891061196 0.125288220552298 -0.620173761477837 -0.464726840074246 -0.0402473964943336 -1.85251721625145 -3.54433501683749 0.503354334344084 -1.40405562348091 -2.24472763905158 -3.06412942592914 -0.622003862491021 2.37608415805376 3.51895307577573 2.95143315654535 1.140711455391 1.71117922663689
-9999 10.2117264087384 -9999 -9999 -9999 -9999 -9999 -9999 -9999 10.0887875190148 9.6428899031419 9.34869487469013 -9999 -9999 -9999 -9999 -9999 -9999 -9999 -9999 -9999 -9999 -9999 -9999 -9999 8.91446619767409 6.43106662310087 5.56100451029264 -9999 -9999 -9999 -9999 -9999 -9999 -9999 -9999 -9999 7.73472459499653 5.43324978534992 3.90919323150928 1.72041684389114 0.733732605209717 2.51399352172246 4.88499474525452 0.755220162180754 -1.61204803219208 -0.678092103738051 -0.0103647544120367 0.309306123329756 -1.35728943806428 -4.54205888968248 1.6903439943607 7.87530968739436 8.98387123988225 5.85979019678556 2.28271334102521 2.02629893101179 2.9223484568871 4.05602053495554 4.25748852583078 3.98227980503669 3.26503001268093 3.40470645060906
8.39721397253183 8.97847747802734 9.54268323458158 9.46074342727661 -9999 -9999 -9999 -9999 -9999 -9999 -9999 10.6858361317561 -9999 -9999 -9999 -9999 -9999 -9999 -9999 -9999 -9999 -9999 -9999 -9999 -9999 -9999 -9999 -9999 -9999 -9999 -9999 -9999 9.88511885129488 -9999 -9999 -9999 -9999 -9999 10.2598413320688 9.14976622508122 4.82721710205078 -0.077102922476255 1.62702929515105 -9999 -9999 6.5839723440317 -0.601421908690379 -0.646272427760638 1.7048038152548 -1.13690509704443 4.52532331760113 -9999 8.2916993361253 9.22806585752047 6.55667752486009 5.74665157611553 4.38831465060894 4.41207016431368 4.63031691771287 4.8613330584306 4.76304512757521 4.58134904274574 4.46070031019357
7.96984408451961 8.55515553401067 9.72742627217219 -9999 -9999 -9999 -9999 -9999 -9999 -9999 -9999 -9999 -9999 -9999 -9999 -9999 -9999 -9999 -9999 -9999 -9999 -9999 -9999 -9999 -9999 -9999 -9999 -9999 -9999 -9999 -9999 -9999 -9999 -9999 -9999 -9999 -9999 -9999 -9999 -9999 -9999 7.14046779045692 -9999 -9999 -9999 -9999 -9999 2.60474144266202 4.94596593196575 7.70937640850361 -9999 -9999 -9999 -9999 6.98999184828538 6.14350560995249 4.99333007519062 4.92854483310993 5.03057131400475 5.21729065821721 5.1073745397421 4.33016951267536 3.85705920366141
6.09241988108708 7.00172270261324 10.3361844282884 10.5513159678533 -9999 -9999 -9999 -9999 -9999 -9999 -9999 -9999 -9999 -9999 -9999 -9999 -9999 -9999 -9999 -9999 -9999 -9999 -9999 -9999 -9999 -9999 -9999 -9999 -9999 -9999 -9999 -9999 -9999 -9999 -9999 -9999 -9999 -9999 -9999 -9999 -9999 -9999 -9999 -9999 -9999 -9999 -9999 -9999 -9999 -9999 -9999 -9999 -9999 -9999 6.04068858806904 5.11858751223637 5.38443447993352 5.09759268393883 5.33019623389611 5.55399087759165 5.28340792655945 5.35315561294556 5.02214686687176
6.84104387576763 7.19151933376606 10.0481497691228 10.4797813708966 -9999 -9999 -9999 -9999 -9999 -9999 -9999 -9999 -9999 -9999 -9999 -9999 -9999 -9999 -9999 -9999 -9999 -9999 -9999 -9999 -9999 -9999 -9999 -9999 -9999 -9999 10.5004879878117 10.0308991578909 10.2478042015663 10.6372305796697 9.91107797622681 -9999 -9999 -9999 -9999 -9999 -9999 -9999 -9999 -9999 -9999 -9999 -9999 -9999 10.1857125208928 10.5675193346464 -9999 -9999 -9999 -9999 6.4281672331003 5.59999854748066 4.7317216029534 4.3188170836522 4.69397214742807 4.90442096270048 4.16015010613662 5.19436441935026 5.8779821395874
8.60003075232873 9.38874193338247 10.1108540755052 10.5800425822918 -9999 -9999 -9999 -9999 -9999 -9999 -9999 -9999 -9999 -9999 -9999 -9999 -9999 -9999 -9999 -9999 -9999 -9999 -9999 -9999 -9999 -9999 -9999 -9999 -9999 -9999 -9999 -9999 -9999 -9999 -9999 -9999 -9999 -9999 -9999 -9999 -9999 -9999 -9999 -9999 -9999 -9999 -9999 9.37953615188599 9.83740905615 -9999 -9999 -9999 -9999 -9999 6.11588767858652 5.01357936859131 3.24651702550741 3.43489334216485 4.0735226044288 4.65478124985328 5.71117186546326 6.08581862082848 6.22794099954458
8.71320629119873 9.83949870329637 -9999 -9999 -9999 -9999 -9999 -9999 -9999 -9999 -9999 -9999 -9999 -9999 -9999 -9999 -9999 -9999 -9999 -9999 -9999 -9999 -9999 -9999 -9999 -9999 -9999 -9999 -9999 -9999 -9999 -9999 -9999 -9999 -9999 -9999 -9999 -9999 -9999 -9999 -9999 -9999 -9999 -9999 -9999 -9999 -9999 -9999 -9999 -9999 -9999 -9999 -9999 8.89154544243446 0.783641605996169 1.91672437466108 3.19302093982697 4.14643395864047 5.53185771061824 5.56007964794452 5.07834236438458 5.23200190984286 5.86622665478633
