rasters/bioclim/npp.asc
NCOLS 720 
NROWS 300 
XLLCORNER -180 
YLLCORNER -60 
CELLSIZE 0.5 
NODATA_value -9999 
[rows 87 to 115 of 300, columns 384 to 447 of 720]
345.307692307692 573.769230769231 525.769230769231 368.461538461538 597.230769230769 640.153846153846 599.307692307692 626.769230769231 776.461538461538 628.076923076923 625.538461538462 606.461538461538 584.769230769231 595.230769230769 585.461538461538 615.307692307692 586.615384615385 597.846153846154 538.307692307692 562.538461538462 584.769230769231 607.153846153846 585.538461538462 583.230769230769 586.923076923077 593.846153846154 639.846153846154 567.153846153846 583.461538461538 589.692307692308 617.076923076923 667 556.384615384615 529.153846153846 498.692307692308 471.384615384615 -9999 -9999 -9999 -9999 510.307692307692 489.923076923077 426.461538461538 359.384615384615 355.846153846154 340.076923076923 420.769230769231 415.307692307692 407.307692307692 421.461538461538 444.538461538462 463.615384615385 445 448.538461538462 460 523.538461538462 535.769230769231 520.307692307692 499.384615384615 468.846153846154 449.846153846154 390.846153846154 328.923076923077 319.384615384615
697.230769230769 764.615384615385 -9999 757.538461538462 574.846153846154 603.230769230769 631.692307692308 697.923076923077 653.230769230769 633.076923076923 621.692307692308 729.153846153846 638.230769230769 548.615384615385 605.615384615385 644.461538461538 641.615384615385 576.692307692308 531.153846153846 574.230769230769 605.846153846154 603.692307692308 608.923076923077 572.230769230769 624.846153846154 608.923076923077 604.307692307692 596.615384615385 590.384615384615 618.076923076923 593.538461538462 602.076923076923 531.769230769231 500.923076923077 457.846153846154 415.307692307692 -9999 -9999 -9999 -9999 -9999 -9999 454.769230769231 415.230769230769 376.153846153846 358.076923076923 389.923076923077 397.538461538462 407.615384615385 426.153846153846 453.384615384615 550.076923076923 473.307692307692 478.384615384615 490.384615384615 544.846153846154 554 550.153846153846 539.923076923077 513.923076923077 496.692307692308 469.769230769231 432.461538461538 361.307692307692
-9999 -9999 -9999 548.615384615385 546.769230769231 484 604.846153846154 693.153846153846 696.307692307692 705.076923076923 644.461538461538 635.615384615385 737.692307692308 645.538461538462 699.846153846154 558.769230769231 624.307692307692 696.307692307692 581.076923076923 611.692307692308 598.153846153846 501 613.538461538462 580.230769230769 630.692307692308 627.692307692308 593 662.307692307692 644.230769230769 619.923076923077 576.923076923077 527.153846153846 569.923076923077 552.307692307692 349.846153846154 -9999 -9999 -9999 -9999 -9999 -9999 -9999 466.769230769231 424.461538461538 403.461538461538 395.384615384615 371.384615384615 372.692307692308 381.384615384615 407.538461538462 441.846153846154 640.615384615385 658.538461538462 507.846153846154 527 586.846153846154 603.384615384615 591.615384615385 573.692307692308 582.076923076923 558.153846153846 513.076923076923 486.076923076923 458.538461538462
-9999 -9999 -9999 -9999 -9999 530.153846153846 503.923076923077 569.384615384615 609.769230769231 611.692307692308 651.923076923077 620.076923076923 679.538461538462 629.692307692308 608.923076923077 746.153846153846 736.538461538462 728 595.384615384615 614.153846153846 613.384615384615 572.692307692308 560.461538461538 593.461538461538 616 592.153846153846 658.923076923077 640.461538461538 678.615384615385 592.307692307692 607.538461538462 534.384615384615 506.230769230769 476.384615384615 -9999 -9999 -9999 -9999 -9999 -9999 -9999 -9999 -9999 303.384615384615 297.692307692308 -9999 -9999 -9999 -9999 -9999 -9999 353.076923076923 373.615384615385 591.923076923077 786.846153846154 742.307692307692 649.230769230769 638.923076923077 632.230769230769 633.076923076923 607.538461538462 563.461538461538 526.384615384615 506.461538461538
533.230769230769 -9999 -9999 -9999 -9999 -9999 371.076923076923 440.384615384615 447.384615384615 477.923076923077 579.615384615385 518 609.538461538462 608.923076923077 621.769230769231 591.307692307692 655.307692307692 752.923076923077 602.153846153846 608 587.153846153846 591.923076923077 603.076923076923 616.615384615385 634.384615384615 645.153846153846 642.692307692308 636.153846153846 595.923076923077 581.923076923077 604.846153846154 527.692307692308 489.538461538462 -9999 -9999 -9999 -9999 -9999 -9999 -9999 -9999 -9999 -9999 -9999 -9999 -9999 -9999 -9999 -9999 -9999 -9999 -9999 -9999 -9999 499.076923076923 479.538461538462 491.384615384615 508.769230769231 518.076923076923 676 670.923076923077 614.692307692308 577.923076923077 574.076923076923
369 415.692307692308 592.153846153846 -9999 -9999 -9999 -9999 417.923076923077 456.153846153846 452.923076923077 450.153846153846 593.769230769231 587 585.538461538462 615.153846153846 596.307692307692 702.769230769231 606.538461538462 604.923076923077 586.923076923077 606 589.307692307692 573.692307692308 638.230769230769 644.307692307692 651.769230769231 654.923076923077 601.230769230769 583.923076923077 569.461538461538 539.846153846154 504.153846153846 479.769230769231 -9999 -9999 -9999 -9999 -9999 -9999 -9999 -9999 -9999 -9999 -9999 -9999 -9999 -9999 -9999 -9999 -9999 -9999 -9999 -9999 -9999 -9999 529 470.846153846154 391.692307692308 453.461538461538 471.461538461538 443.307692307692 518.692307692308 637.615384615385 630.538461538462
378.307692307692 394.461538461538 568.384615384615 578.923076923077 -9999 -9999 -9999 -9999 -9999 413.769230769231 444.923076923077 636.384615384615 451.923076923077 523.461538461538 605.846153846154 479.384615384615 597 590.923076923077 581.615384615385 446.307692307692 451 582.538461538462 582.538461538462 591.769230769231 591.615384615385 588.307692307692 648.846153846154 571.846153846154 564.692307692308 537.076923076923 510.153846153846 486 -9999 -9999 -9999 -9999 -9999 -9999 -9999 -9999 -9999 -9999 -9999 -9999 -9999 -9999 -9999 -9999 -9999 -9999 -9999 -9999 -9999 -9999 -9999 -9999 -9999 589.461538461538 460 335.846153846154 301.538461538462 213.538461538462 311.538461538462 793.230769230769
368.384615384615 384.153846153846 460.153846153846 558.307692307692 -9999 -9999 -9999 -9999 -9999 -9999 -9999 461.846153846154 462.153846153846 456.692307692308 489.076923076923 498 577.769230769231 568.538461538462 562.538461538462 565.461538461538 546.923076923077 545.307692307692 529.846153846154 529.769230769231 537.384615384615 557.076923076923 542.153846153846 503 482.692307692308 449.153846153846 422.846153846154 396.153846153846 -9999 -9999 -9999 -9999 -9999 -9999 -9999 -9999 -9999 -9999 -9999 -9999 -9999 -9999 -9999 -9999 -9999 -9999 -9999 -9999 -9999 -9999 -9999 -9999 -9999 -9999 -9999 595.230769230769 524.692307692308 438.307692307692 435.923076923077 395.230769230769
348.538461538462 370.538461538462 344.769230769231 502.769230769231 542.692307692308 -9999 -9999 -9999 -9999 -9999 -9999 -9999 -9999 -9999 467.769230769231 546.384615384615 432.846153846154 544.153846153846 525.538461538462 550.923076923077 523.153846153846 529.692307692308 558.307692307692 667.153846153846 633.923076923077 510.692307692308 501.538461538462 483.769230769231 474.307692307692 485.615384615385 469.615384615385 458.307692307692 -9999 -9999 -9999 -9999 -9999 -9999 -9999 -9999 -9999 -9999 -9999 -9999 -9999 -9999 -9999 -9999 -9999 -9999 -9999 -9999 -9999 -9999 -9999 -9999 -9999 -9999 -9999 915.307692307692 805.384615384615 523.538461538462 527 505.230769230769
-9999 376.769230769231 396 399.384615384615 500.230769230769 435 424.923076923077 410.615384615385 -9999 -9999 -9999 -9999 -9999 -9999 -9999 600.307692307692 390.615384615385 421.538461538462 370.153846153846 504 503.846153846154 465.230769230769 499.307692307692 477.307692307692 508.769230769231 482.769230769231 424.846153846154 401.615384615385 384.384615384615 369.538461538462 357.615384615385 373.076923076923 -9999 -9999 -9999 -9999 -9999 -9999 -9999 -9999 -9999 521.923076923077 470.923076923077 403.153846153846 392.076923076923 393.307692307692 -9999 -9999 -9999 -9999 -9999 -9999 -9999 -9999 -9999 -9999 -9999 -9999 -9999 672.692307692308 485.538461538462 427.230769230769 398.384615384615 445
-9999 -9999 -9999 564.923076923077 532.769230769231 523.307692307692 473.076923076923 415.615384615385 411.538461538462 -9999 -9999 -9999 -9999 -9999 -9999 583.384615384615 498.384615384615 464 459.846153846154 484.692307692308 474.461538461538 577.538461538462 397.461538461538 416.769230769231 415.692307692308 404.846153846154 391 372.615384615385 352.153846153846 421.384615384615 405 323.461538461538 273.384615384615 302.769230769231 -9999 -9999 -9999 -9999 -9999 518.384615384615 506.076923076923 379.923076923077 356 371 371.846153846154 339.307692307692 362.076923076923 377.615384615385 435.384615384615 549.076923076923 -9999 -9999 -9999 -9999 -9999 -9999 -9999 -9999 507.230769230769 418.153846153846 417.384615384615 379.923076923077 394.769230769231 378.846153846154
-9999 -9999 -9999 -9999 -9999 445.692307692308 488.692307692308 467.538461538462 322.461538461538 369.692307692308 339.153846153846 -9999 -9999 -9999 -9999 537.538461538462 409.384615384615 301.769230769231 450.846153846154 628.846153846154 563.692307692308 400.384615384615 423.153846153846 362.307692307692 -9999 332.153846153846 -9999 -9999 323.307692307692 349.692307692308 339.307692307692 363.923076923077 0 303.230769230769 378.615384615385 784.076923076923 772.153846153846 473.923076923077 458.076923076923 359.384615384615 311.846153846154 342.615384615385 236.230769230769 213.846153846154 367.769230769231 396.538461538462 385.769230769231 391.461538461538 327.461538461538 407 423 433.923076923077 435.230769230769 445.846153846154 455.538461538462 480.461538461538 350.230769230769 295.076923076923 340.384615384615 351.923076923077 325.769230769231 348.461538461538 296.923076923077 275.615384615385
-9999 -9999 -9999 -9999 -9999 -9999 419.846153846154 445 383.846153846154 -9999 -9999 -9999 272.615384615385 -9999 -9999 499.384615384615 381.846153846154 376.461538461538 261.307692307692 352.230769230769 341.076923076923 -9999 415.538461538462 -9999 333.615384615385 -9999 -9999 -9999 344.076923076923 316.692307692308 483.153846153846 322.230769230769 329.538461538462 337.923076923077 353.461538461538 334 406.076923076923 397.153846153846 378.307692307692 274.307692307692 329.538461538462 165.615384615385 309.538461538462 325.615384615385 333.615384615385 170.076923076923 278 268.615384615385 274.153846153846 283.538461538462 312.846153846154 305.230769230769 295.307692307692 207.307692307692 246.076923076923 240.615384615385 200.769230769231 235.153846153846 235.076923076923 275.769230769231 272.692307692308 302.307692307692 290.384615384615 166.307692307692
-9999 -9999 -9999 -9999 -9999 -9999 -9999 -9999 401.461538461538 -9999 -9999 -9999 -9999 -9999 -9999 278.846153846154 513.538461538462 450.615384615385 260.769230769231 735.307692307692 203.692307692308 184.153846153846 -9999 -9999 -9999 -9999 -9999 -9999 260.769230769231 279.384615384615 297.384615384615 292.846153846154 302.384615384615 382.384615384615 298.307692307692 290.153846153846 336 326.769230769231 334.615384615385 330 293.230769230769 289.076923076923 222.769230769231 313.692307692308 153 166.384615384615 300.153846153846 312.153846153846 255 253.615384615385 246.538461538462 249.538461538462 179.923076923077 168.923076923077 243.076923076923 192.307692307692 249.769230769231 246 203.692307692308 210.230769230769 221.769230769231 199.846153846154 178.153846153846 162.384615384615
-9999 -9999 -9999 -9999 -9999 -9999 -9999 -9999 429.230769230769 424.846153846154 -9999 -9999 -9999 -9999 -9999 -9999 -9999 394.769230769231 371.538461538462 732.153846153846 295.923076923077 283.307692307692 300.076923076923 -9999 -9999 -9999 -9999 -9999 219.461538461538 229.846153846154 108.230769230769 275.615384615385 280 268.076923076923 350 343.615384615385 243.923076923077 314.076923076923 322.384615384615 286.076923076923 261.769230769231 252.076923076923 274.538461538462 291.769230769231 277.076923076923 286.923076923077 255.076923076923 231 239.615384615385 238.846153846154 232.769230769231 153.230769230769 232.153846153846 229.615384615385 227.076923076923 229.538461538462 234.846153846154 218.923076923077 244.230769230769 267 180.615384615385 281.615384615385 133.153846153846 137.923076923077
-9999 -9999 -9999 -9999 -9999 -9999 -9999 -9999 482.846153846154 -9999 -9999 -9999 -9999 -9999 -9999 -9999 -9999 232.384615384615 357.307692307692 239.615384615385 163 84.3846153846154 -9999 -9999 -9999 -9999 -9999 -9999 -9999 -9999 735.538461538462 257.461538461538 172.538461538462 332.230769230769 322.307692307692 325.384615384615 232.230769230769 165.769230769231 325.384615384615 311.384615384615 265.769230769231 246.384615384615 180.846153846154 261.153846153846 271.692307692308 292.538461538462 263 227.076923076923 161.307692307692 226.230769230769 203.153846153846 202.846153846154 229.307692307692 225.230769230769 282.384615384615 242.307692307692 191 286.153846153846 264.692307692308 142.153846153846 128.230769230769 251.230769230769 115.384615384615 108.538461538462
-9999 -9999 -9999 -9999 -9999 -9999 -9999 351.384615384615 348.230769230769 -9999 -9999 -9999 -9999 -9999 -9999 -9999 -9999 -9999 -9999 263.384615384615 -9999 -9999 100.846153846154 99.5384615384615 -9999 -9999 -9999 -9999 -9999 709.230769230769 229.230769230769 250.538461538462 269.384615384615 192.692307692308 562.615384615385 325.846153846154 193 329.615384615385 332.384615384615 310.769230769231 262.076923076923 249.307692307692 236.538461538462 245.769230769231 240.923076923077 179.692307692308 135.846153846154 155.384615384615 121.769230769231 249.076923076923 97.2307692307692 103.384615384615 148.076923076923 225.076923076923 229.076923076923 274 264.538461538462 249.615384615385 192.384615384615 185.230769230769 144.692307692308 227.769230769231 100.076923076923 89.7692307692308
-9999 364.846153846154 371.923076923077 367.230769230769 260.615384615385 268.384615384615 -9999 -9999 -9999 -9999 -9999 -9999 -9999 -9999 -9999 -9999 -9999 228.076923076923 -9999 376.230769230769 192 113.769230769231 -9999 -9999 -9999 -9999 -9999 -9999 -9999 84.4615384615385 237.384615384615 249.230769230769 271.076923076923 256.769230769231 302.153846153846 304.923076923077 309.846153846154 173 149.461538461538 218.153846153846 187.307692307692 194.692307692308 241 236.692307692308 129.846153846154 123.153846153846 202.692307692308 257.692307692308 167.846153846154 129.461538461538 104 209 269.846153846154 276.384615384615 289.461538461538 265.307692307692 263.923076923077 277.230769230769 275.384615384615 262.384615384615 230.923076923077 163.230769230769 88.6153846153846 87.6153846153846
-9999 -9999 -9999 347.076923076923 350.076923076923 247.307692307692 -9999 -9999 -9999 -9999 -9999 -9999 -9999 -9999 -9999 -9999 -9999 -9999 -9999 196.923076923077 258.384615384615 234.384615384615 -9999 -9999 -9999 -9999 -9999 -9999 -9999 -9999 -9999 93.4615384615385 240.846153846154 256.076923076923 221.384615384615 300.846153846154 156.461538461538 310.923076923077 226.153846153846 143.923076923077 254.153846153846 254.384615384615 131.230769230769 118.538461538462 125.538461538462 206.769230769231 506 416.538461538462 353.615384615385 275.307692307692 238.769230769231 260.307692307692 269.153846153846 267.923076923077 286.076923076923 298.538461538462 307.692307692308 217.692307692308 302.230769230769 274.230769230769 292.230769230769 240.230769230769 189.923076923077 156.076923076923
-9999 -9999 -9999 -9999 -9999 227.615384615385 -9999 -9999 -9999 -9999 -9999 -9999 -9999 -9999 -9999 -9999 -9999 -9999 -9999 -9999 -9999 -9999 -9999 -9999 -9999 -9999 149.769230769231 -9999 -9999 -9999 -9999 -9999 257.461538461538 286.230769230769 189.384615384615 133.384615384615 149.923076923077 -9999 -9999 190.307692307692 153.153846153846 143.692307692308 169.153846153846 129.384615384615 156.538461538462 -9999 387.307692307692 335.461538461538 375.076923076923 337.307692307692 212.769230769231 205 191.307692307692 228.384615384615 242.076923076923 233.076923076923 262.692307692308 250.461538461538 251.307692307692 275.769230769231 307.307692307692 180.538461538462 234.153846153846 200.538461538462
-9999 -9999 -9999 -9999 -9999 -9999 -9999 -9999 -9999 -9999 -9999 -9999 -9999 -9999 -9999 -9999 -9999 -9999 -9999 -9999 -9999 -9999 -9999 -9999 -9999 -9999 -9999 -9999 -9999 -9999 -9999 -9999 -9999 -9999 -9999 77.1538461538462 -9999 -9999 -9999 -9999 -9999 206.615384615385 157.230769230769 97.8461538461538 -9999 -9999 -9999 -9999 382.692307692308 266.230769230769 178.615384615385 168.769230769231 166.076923076923 215.230769230769 217.384615384615 224.153846153846 205.461538461538 216.076923076923 233.692307692308 253.230769230769 248.923076923077 205.538461538462 217.692307692308 180.615384615385
-9999 -9999 -9999 -9999 -9999 -9999 -9999 -9999 -9999 -9999 -9999 -9999 -9999 -9999 -9999 -9999 -9999 -9999 -9999 -9999 -9999 -9999 -9999 -9999 -9999 -9999 -9999 -9999 -9999 -9999 -9999 -9999 -9999 -9999 -9999 -9999 -9999 -9999 -9999 -9999 -9999 -9999 -9999 -9999 -9999 -9999 -9999 -9999 269.769230769231 225 216.230769230769 158 206.923076923077 179.461538461538 116.153846153846 164.846153846154 167.384615384615 171.307692307692 181.153846153846 193.538461538462 200.538461538462 170.846153846154 211.846153846154 226.076923076923
-9999 -9999 -9999 -9999 -9999 -9999 -9999 -9999 -9999 -9999 -9999 -9999 -9999 -9999 -9999 -9999 -9999 -9999 -9999 -9999 -9999 -9999 -9999 -9999 162.923076923077 349.461538461538 324 213.384615384615 205.538461538462 -9999 -9999 -9999 -9999 -9999 -9999 -9999 -9999 -9999 -9999 -9999 -9999 -9999 249.615384615385 261.538461538462 -9999 -9999 -9999 -9999 303.846153846154 192.076923076923 209.076923076923 202.307692307692 172.384615384615 175.153846153846 173.538461538462 172.692307692308 151.153846153846 157.692307692308 161.307692307692 176.692307692308 187.923076923077 202 227 178.769230769231
-9999 -9999 -9999 -9999 -9999 -9999 -9999 -9999 -9999 -9999 -9999 -9999 -9999 -9999 -9999 -9999 -9999 -9999 -9999 -9999 -9999 -9999 -9999 -9999 -9999 -9999 -9999 -9999 -9999 -9999 -9999 -9999 -9999 -9999 -9999 -9999 -9999 -9999 -9999 -9999 -9999 104.846153846154 87.4615384615385 -9999 -9999 -9999 -9999 -9999 220.461538461538 86.2307692307692 67.1538461538462 151.230769230769 169.769230769231 170.923076923077 166.615384615385 161.846153846154 154.384615384615 182.384615384615 154.538461538462 162.230769230769 171.076923076923 178.461538461538 138.384615384615 176.307692307692
-9999 -9999 -9999 -9999 -9999 -9999 -9999 -9999 -9999 -9999 -9999 -9999 -9999 -9999 -9999 -9999 -9999 -9999 -9999 -9999 -9999 -9999 -9999 -9999 -9999 -9999 -9999 -9999 -9999 -9999 -9999 -9999 -9999 -9999 -9999 -9999 -9999 -9999 -9999 -9999 -9999 -9999 -9999 -9999 -9999 -9999 -9999 104.615384615385 145.076923076923 150.615384615385 56.5384615384615 149.230769230769 154.384615384615 160.307692307692 164.076923076923 142.923076923077 158.230769230769 142.692307692308 145.076923076923 152.692307692308 157.384615384615 191.230769230769 172.461538461538 222.538461538462
-9999 -9999 -9999 -9999 -9999 -9999 -9999 -9999 -9999 -9999 -9999 -9999 -9999 -9999 -9999 -9999 -9999 -9999 -9999 -9999 -9999 -9999 -9999 -9999 -9999 -9999 -9999 -9999 -9999 -9999 -9999 -9999 -9999 -9999 -9999 -9999 -9999 -9999 -9999 -9999 -9999 -9999 -9999 -9999 -9999 -9999 -9999 107.538461538462 60.4615384615385 142.461538461538 189 132.461538461538 137.230769230769 141 143.230769230769 140.461538461538 144.153846153846 144.615384615385 85.6923076923077 87.0769230769231 153.846153846154 153.769230769231 158.538461538462 102.692307692308
-9999 -9999 -9999 -9999 -9999 -9999 -9999 -9999 -9999 -9999 -9999 -9999 -9999 -9999 -9999 -9999 -9999 -9999 -9999 -9999 -9999 -9999 -9999 -9999 -9999 -9999 -9999 -9999 -9999 -9999 -9999 -9999 -9999 -9999 -9999 -9999 -9999 -9999 -9999 -9999 -9999 -9999 -9999 -9999 -9999 -9999 242.692307692308 176.230769230769 67.9230769230769 34.0769230769231 34.3846153846154 129.307692307692 135.153846153846 135.846153846154 137.538461538462 146.461538461538 147 153.230769230769 85.9230769230769 85.6923076923077 86.3846153846154 152.076923076923 153.076923076923 79.4615384615385
276.384615384615 273.461538461538 269.384615384615 274.384615384615 -9999 -9999 -9999 -9999 -9999 -9999 -9999 -9999 -9999 -9999 -9999 -9999 -9999 -9999 92.7692307692308 82.1538461538462 75.7692307692308 108.230769230769 -9999 -9999 -9999 -9999 -9999 -9999 -9999 -9999 -9999 -9999 -9999 -9999 -9999 -9999 -9999 -9999 -9999 -9999 -9999 -9999 -9999 -9999 -9999 -9999 223.538461538462 189.846153846154 42.6153846153846 38.2307692307692 31.7692307692308 116.846153846154 122.230769230769 128.692307692308 133.307692307692 138.461538461538 151.153846153846 144.846153846154 144.538461538462 85.0769230769231 85.5384615384615 83.3846153846154 83.4615384615385 64.4615384615385
279.769230769231 280.615384615385 265.461538461538 142.615384615385 275.538461538462 301.615384615385 -9999 -9999 -9999 -9999 -9999 -9999 -9999 -9999 -9999 -9999 110 104.846153846154 73.1538461538462 80.5384615384615 93 99.4615384615385 97.5384615384615 -9999 -9999 -9999 -9999 -9999 -9999 -9999 -9999 -9999 -9999 -9999 -9999 -9999 -9999 -9999 -9999 -9999 -9999 -9999 -9999 -9999 -9999 -9999 211.923076923077 172.615384615385 38.6923076923077 32.5384615384615 29.7692307692308 101.384615384615 88.4615384615385 115.461538461538 118.615384615385 124.153846153846 128.230769230769 125.846153846154 81.8461538461538 79.3076923076923 110 80.2307692307692 78.2307692307692 93.5384615384615
