rasters/bioclim/npp.asc
NCOLS 720 
NROWS 300 
XLLCORNER -180 
YLLCORNER -60 
CELLSIZE 0.5 
NODATA_value -9999 
[rows 87 to 115 of 300, columns 576 to 639 of 720]
224.692307692308 228.615384615385 212.692307692308 216 187.692307692308 187.230769230769 187.153846153846 186 202.384615384615 182.307692307692 189.230769230769 188.538461538462 195.615384615385 175.923076923077 174.230769230769 180.692307692308 185.692307692308 186.846153846154 203.153846153846 222.230769230769 236.846153846154 333.384615384615 380.923076923077 353.307692307692 356.692307692308 340.615384615385 362.692307692308 406.384615384615 419.076923076923 387.538461538462 421.692307692308 450.615384615385 433.923076923077 465.846153846154 499.923076923077 521.769230769231 546 557.230769230769 559 489 461.538461538462 446.923076923077 463.923076923077 465.153846153846 477.846153846154 475.461538461538 465.769230769231 500.538461538462 463.384615384615 497.692307692308 498.230769230769 500.846153846154 465.538461538462 459.769230769231 424.923076923077 403.615384615385 365.615384615385 311.230769230769 341.769230769231 377.846153846154 -9999 -9999 -9999 -9999
179.692307692308 179.769230769231 180.846153846154 183.153846153846 183.153846153846 189 199.384615384615 189.923076923077 179.692307692308 177.461538461538 179.846153846154 176.846153846154 212 200.923076923077 205.076923076923 210.384615384615 190.230769230769 206.076923076923 250.692307692308 288 262.846153846154 378 348.538461538462 365.692307692308 372.230769230769 377.692307692308 446.846153846154 385.538461538462 382.230769230769 383.692307692308 472.846153846154 448 457 487.384615384615 519.307692307692 547.692307692308 552.923076923077 564 560.538461538462 493.769230769231 539.615384615385 499.384615384615 455.615384615385 450.615384615385 470.461538461538 476.538461538462 514.923076923077 508.846153846154 503.076923076923 528.538461538462 511.153846153846 503.769230769231 456.230769230769 442.923076923077 418.923076923077 404.153846153846 360 301.846153846154 354.461538461538 -9999 -9999 -9999 -9999 -9999
174 174.307692307692 171.076923076923 174.461538461538 178.538461538462 192.846153846154 182 180.769230769231 179 179.769230769231 181.923076923077 200.153846153846 227 216.923076923077 214.384615384615 227.769230769231 231.153846153846 248.461538461538 314.461538461538 360.230769230769 317.076923076923 368.384615384615 390 402.307692307692 414.230769230769 469.692307692308 463.076923076923 435.923076923077 405.461538461538 439.692307692308 464 475.076923076923 540.846153846154 523.769230769231 535.769230769231 577.307692307692 591 583 569.230769230769 558.307692307692 498.692307692308 540.461538461538 465.461538461538 457.153846153846 507.538461538462 471.538461538462 480 469.461538461538 499.692307692308 535.692307692308 507.153846153846 445.230769230769 432 404 406 381.769230769231 382.615384615385 404.384615384615 -9999 -9999 -9999 -9999 -9999 -9999
169.846153846154 170.230769230769 169.153846153846 170.846153846154 170.461538461538 177 178.615384615385 180.615384615385 179.615384615385 191.076923076923 189.923076923077 203.153846153846 199.230769230769 248.461538461538 230.230769230769 239.769230769231 243.076923076923 273.538461538462 326.846153846154 378.307692307692 375.384615384615 397.615384615385 414.769230769231 410.769230769231 443.846153846154 448.692307692308 442.461538461538 453.846153846154 427.076923076923 469 509.153846153846 525.538461538462 516.153846153846 546.461538461538 587.538461538462 604.307692307692 613.153846153846 612.076923076923 586.230769230769 513 479.692307692308 482.384615384615 508.846153846154 464.846153846154 443.615384615385 449.846153846154 426.461538461538 467.692307692308 527.769230769231 504.615384615385 484.153846153846 446.538461538462 412.538461538462 407.230769230769 388.769230769231 412.769230769231 428.153846153846 -9999 -9999 -9999 -9999 -9999 -9999 -9999
168.384615384615 170.307692307692 161.846153846154 165.384615384615 168.923076923077 174.076923076923 177.307692307692 178.076923076923 175.923076923077 183.384615384615 184.230769230769 184.692307692308 195.384615384615 222.461538461538 256 264.923076923077 297.153846153846 316.923076923077 354.769230769231 377.769230769231 391.846153846154 463.230769230769 407.153846153846 438.923076923077 459.615384615385 455.846153846154 473.846153846154 467.153846153846 450 498 522.846153846154 555 570.538461538462 615.230769230769 620.692307692308 605.923076923077 612.538461538462 609.615384615385 528.461538461538 515.923076923077 443.153846153846 506.692307692308 525.307692307692 462.846153846154 479.384615384615 443.307692307692 470.846153846154 526.461538461538 510.923076923077 462.846153846154 448.538461538462 450.769230769231 414.538461538462 408.384615384615 430.923076923077 473.307692307692 -9999 -9999 -9999 -9999 -9999 -9999 -9999 -9999
172.076923076923 175.307692307692 163.615384615385 173.230769230769 178.230769230769 178.538461538462 179.769230769231 178.538461538462 184.846153846154 189.076923076923 195.461538461538 201.076923076923 190.461538461538 235.307692307692 232.538461538462 332.615384615385 383.615384615385 371.846153846154 371.230769230769 389.846153846154 401.923076923077 422.538461538462 552.153846153846 494 463.692307692308 467.692307692308 478.230769230769 485.307692307692 507.538461538462 541.538461538462 559.153846153846 582.923076923077 599.384615384615 606.846153846154 616.384615384615 535.230769230769 542.692307692308 535.923076923077 520.307692307692 545.153846153846 533.076923076923 475.692307692308 502.230769230769 442.923076923077 460.769230769231 429 465.692307692308 531.923076923077 479.230769230769 425 419.538461538462 407.769230769231 385.692307692308 437.923076923077 458.153846153846 -9999 -9999 -9999 -9999 -9999 -9999 -9999 -9999 -9999
172.153846153846 176.076923076923 174.923076923077 67.1538461538462 183.615384615385 185.076923076923 188.923076923077 189 191.230769230769 194.923076923077 200.538461538462 233.461538461538 269.230769230769 230.307692307692 297.538461538462 391 417.923076923077 389.230769230769 385.846153846154 451.923076923077 489 502.307692307692 487.384615384615 478.230769230769 477.615384615385 475.923076923077 470.615384615385 480.769230769231 532.384615384615 572.615384615385 685.923076923077 708.461538461538 636.384615384615 638.230769230769 552.076923076923 633.461538461538 553.769230769231 544.769230769231 533.923076923077 546.307692307692 499.307692307692 485.384615384615 473.538461538462 466.153846153846 447.153846153846 428.307692307692 459.615384615385 553.692307692308 531.461538461538 413.615384615385 419.615384615385 430.692307692308 451.153846153846 -9999 -9999 -9999 -9999 -9999 -9999 -9999 -9999 -9999 -9999 -9999
185.846153846154 187.461538461538 190.153846153846 193.230769230769 188.615384615385 192.846153846154 195.538461538462 197.615384615385 208.230769230769 210 220.846153846154 289.307692307692 273.153846153846 301 344.846153846154 395.153846153846 413.846153846154 386.076923076923 387.230769230769 395.230769230769 493 496.923076923077 400.538461538462 456.153846153846 477 486.461538461538 500.076923076923 543.076923076923 570 614.153846153846 736.769230769231 651.384615384615 669.923076923077 580 572.307692307692 635.538461538462 570.230769230769 563.153846153846 569.307692307692 523.230769230769 483.923076923077 458.230769230769 471.923076923077 496.384615384615 599.538461538462 604.307692307692 580.461538461538 -9999 -9999 -9999 510.153846153846 -9999 -9999 -9999 -9999 -9999 -9999 -9999 -9999 -9999 -9999 -9999 -9999 -9999
177.769230769231 184.230769230769 191.153846153846 190.153846153846 198.769230769231 201.538461538462 206.076923076923 244.846153846154 223.538461538462 236.076923076923 249.076923076923 304.538461538462 282.615384615385 303.307692307692 399.769230769231 433.307692307692 388.230769230769 395.846153846154 398.307692307692 407.076923076923 429.615384615385 412 399.307692307692 419 438.076923076923 420.307692307692 647.846153846154 677.384615384615 589.923076923077 626.615384615385 776.230769230769 681.076923076923 608 642.153846153846 636.923076923077 601.230769230769 594.153846153846 577.615384615385 557.230769230769 529.076923076923 462.307692307692 463 469.846153846154 507.692307692308 646.615384615385 -9999 -9999 -9999 -9999 -9999 -9999 -9999 -9999 -9999 -9999 -9999 -9999 -9999 -9999 -9999 -9999 -9999 -9999 -9999
89.3846153846154 109.615384615385 107 200.307692307692 231.307692307692 232 236.153846153846 247.153846153846 209.538461538462 222.230769230769 273.307692307692 313.230769230769 348.538461538462 390.692307692308 385.615384615385 382.615384615385 382.076923076923 388.538461538462 491.538461538462 406.846153846154 430 534.615384615385 438.769230769231 442.615384615385 629.615384615385 440.538461538462 445.769230769231 766.153846153846 813.230769230769 831.615384615385 679.153846153846 594.769230769231 605.307692307692 671.307692307692 598.923076923077 625.461538461538 596.076923076923 593 543.153846153846 467.307692307692 349.384615384615 403.538461538462 416.538461538462 636.076923076923 -9999 -9999 -9999 -9999 -9999 -9999 -9999 -9999 -9999 -9999 -9999 -9999 -9999 -9999 -9999 -9999 -9999 -9999 -9999 -9999
184.076923076923 121.384615384615 228.384615384615 197.615384615385 287.769230769231 324.923076923077 340.615384615385 404.692307692308 346.692307692308 406.230769230769 400.230769230769 402.230769230769 419.384615384615 394.153846153846 408.923076923077 416.384615384615 497.307692307692 422.538461538462 441 445.538461538462 457.538461538462 577.923076923077 463.230769230769 466 705.769230769231 670.384615384615 782.076923076923 817.846153846154 828.923076923077 670.538461538462 721.076923076923 615.769230769231 623.615384615385 691.769230769231 612.538461538462 613.538461538462 616.461538461538 610.692307692308 529.846153846154 484.384615384615 429.692307692308 320.615384615385 452.846153846154 -9999 -9999 -9999 -9999 -9999 -9999 -9999 -9999 -9999 -9999 -9999 -9999 -9999 -9999 -9999 -9999 -9999 -9999 -9999 -9999 -9999
97.9230769230769 170.461538461538 245.153846153846 213.461538461538 287.538461538462 409 396.307692307692 371.923076923077 382.538461538462 442 445 413.461538461538 534.615384615385 464.846153846154 474.384615384615 568.461538461538 498.230769230769 520.076923076923 528.769230769231 518.153846153846 526.846153846154 783.461538461538 780.846153846154 507.923076923077 782.153846153846 793.461538461538 -9999 -9999 658 582.846153846154 588.615384615385 629.307692307692 664 659.307692307692 666.923076923077 654.769230769231 592.153846153846 510.538461538462 434.230769230769 345.692307692308 471.384615384615 479.230769230769 746.461538461538 -9999 -9999 -9999 -9999 -9999 -9999 -9999 -9999 -9999 -9999 -9999 -9999 -9999 -9999 -9999 -9999 -9999 -9999 -9999 -9999 -9999
200.230769230769 216.230769230769 260 249.230769230769 281.615384615385 396.461538461538 357.692307692308 381.615384615385 390.230769230769 405.461538461538 412.384615384615 425.769230769231 568.692307692308 485.615384615385 585.692307692308 469.230769230769 557.692307692308 519.769230769231 487.692307692308 500.769230769231 509.076923076923 508 490.538461538462 473.307692307692 480.461538461538 -9999 -9999 -9999 584.076923076923 590.615384615385 633.384615384615 659.384615384615 785.923076923077 730.153846153846 656.461538461538 662.307692307692 695.846153846154 506.384615384615 490.538461538462 533.076923076923 758 -9999 -9999 -9999 -9999 -9999 -9999 -9999 -9999 -9999 -9999 -9999 -9999 -9999 -9999 -9999 -9999 -9999 -9999 -9999 -9999 -9999 -9999 -9999
201.923076923077 225.846153846154 254.076923076923 243 292.769230769231 350.615384615385 378.615384615385 394.769230769231 397.769230769231 500.923076923077 438.846153846154 443.846153846154 463.307692307692 480.692307692308 551.153846153846 834.923076923077 842.307692307692 837.461538461538 788.153846153846 521.307692307692 566.307692307692 592.538461538462 586.461538461538 -9999 -9999 -9999 -9999 571.461538461538 599.461538461538 622 646 -9999 -9999 835.230769230769 861.846153846154 765.692307692308 710.230769230769 665.230769230769 764.384615384615 -9999 -9999 -9999 -9999 -9999 -9999 -9999 -9999 -9999 -9999 -9999 -9999 -9999 -9999 -9999 -9999 -9999 -9999 -9999 -9999 -9999 -9999 -9999 -9999 -9999
199.230769230769 215.307692307692 279.846153846154 303.461538461538 342.692307692308 372.923076923077 406.923076923077 410.307692307692 419.461538461538 528.615384615385 467.230769230769 481.538461538462 505.923076923077 545.692307692308 872.615384615385 864.769230769231 866.769230769231 878.923076923077 521.846153846154 -9999 -9999 507.076923076923 -9999 -9999 -9999 -9999 -9999 666.230769230769 -9999 -9999 -9999 -9999 -9999 -9999 -9999 765.769230769231 767.461538461538 676.307692307692 797.384615384615 -9999 -9999 -9999 -9999 -9999 -9999 -9999 -9999 -9999 -9999 -9999 -9999 -9999 -9999 -9999 -9999 -9999 -9999 -9999 -9999 -9999 -9999 -9999 -9999 -9999
200.769230769231 235.538461538462 260.230769230769 362.230769230769 407.384615384615 400.769230769231 417.076923076923 415.923076923077 514.461538461538 485.230769230769 522.923076923077 557.153846153846 522.384615384615 894.923076923077 890.538461538462 888.153846153846 882.153846153846 855.846153846154 845.923076923077 -9999 -9999 -9999 -9999 -9999 -9999 -9999 674.846153846154 -9999 -9999 -9999 -9999 -9999 -9999 -9999 894.769230769231 781.307692307692 789.153846153846 771.307692307692 769.153846153846 759.461538461538 809.461538461538 -9999 -9999 -9999 -9999 -9999 -9999 -9999 -9999 -9999 -9999 -9999 -9999 -9999 -9999 -9999 -9999 -9999 -9999 -9999 -9999 -9999 -9999 604.230769230769
248.538461538462 274.384615384615 335.692307692308 389.153846153846 444.461538461538 461.307692307692 442.461538461538 459.153846153846 471.384615384615 504.461538461538 564.384615384615 588.461538461538 909.923076923077 915.307692307692 914 903.538461538462 877.538461538462 881.846153846154 543.846153846154 550.769230769231 -9999 -9999 -9999 -9999 -9999 -9999 -9999 -9999 -9999 -9999 -9999 -9999 -9999 -9999 809.615384615385 848.384615384615 825.846153846154 828.461538461538 829 795.076923076923 766.692307692308 -9999 -9999 -9999 -9999 -9999 -9999 -9999 -9999 -9999 -9999 -9999 -9999 -9999 -9999 -9999 -9999 -9999 -9999 -9999 -9999 -9999 -9999 612.384615384615
307.076923076923 374.846153846154 401.615384615385 412.769230769231 404.153846153846 446.846153846154 470.923076923077 467.153846153846 522 572.846153846154 575.692307692308 608.307692307692 928.384615384615 896.846153846154 908.846153846154 895.692307692308 886.153846153846 892.846153846154 899.846153846154 534.923076923077 542 564 -9999 -9999 -9999 700.846153846154 -9999 -9999 -9999 -9999 -9999 -9999 -9999 -9999 831.384615384615 -9999 975.538461538462 947.307692307692 864.538461538462 853.307692307692 760.076923076923 758.692307692308 -9999 -9999 -9999 -9999 -9999 -9999 -9999 -9999 -9999 -9999 -9999 -9999 -9999 -9999 -9999 -9999 -9999 -9999 -9999 -9999 614.230769230769 633
441.307692307692 483.538461538462 499.230769230769 499.230769230769 446.307692307692 435.230769230769 678.923076923077 477.692307692308 467 526.076923076923 575.923076923077 610.538461538462 941.230769230769 908.769230769231 911.769230769231 904.384615384615 886.384615384615 887.692307692308 897 909 906.923076923077 -9999 -9999 -9999 614.769230769231 626.923076923077 631.615384615385 555.153846153846 565.153846153846 -9999 -9999 -9999 -9999 -9999 -9999 -9999 -9999 962.846153846154 938.846153846154 878.307692307692 834.538461538462 764.692307692308 789.846153846154 -9999 -9999 -9999 -9999 -9999 -9999 -9999 -9999 -9999 -9999 -9999 -9999 -9999 -9999 722.538461538462 -9999 -9999 -9999 628.384615384615 574.307692307692 592.923076923077
505.692307692308 536.615384615385 570.230769230769 594.769230769231 496.538461538462 482 572.230769230769 496.538461538462 602.692307692308 563.615384615385 624.076923076923 743.846153846154 664.769230769231 628.923076923077 945.538461538462 930.615384615385 899.692307692308 826.307692307692 916.923076923077 975.384615384615 959.076923076923 934.769230769231 893 815.230769230769 567.307692307692 629 590.923076923077 -9999 -9999 -9999 -9999 -9999 -9999 -9999 -9999 -9999 976 968.538461538462 874.307692307692 853.153846153846 843.076923076923 853.538461538462 795.384615384615 -9999 -9999 -9999 -9999 -9999 -9999 -9999 -9999 -9999 -9999 -9999 -9999 -9999 -9999 715.769230769231 -9999 660.307692307692 611.307692307692 590.538461538462 468 603.461538461538
569.153846153846 584.923076923077 617.153846153846 646.307692307692 544.692307692308 533.461538461538 610.538461538462 594.615384615385 563.692307692308 659.615384615385 593 723.307692307692 928.923076923077 621.153846153846 602.230769230769 910.769230769231 580.076923076923 600.615384615385 530.384615384615 538.307692307692 581.153846153846 703.615384615385 697.923076923077 686.769230769231 695.076923076923 605.307692307692 -9999 -9999 -9999 -9999 -9999 -9999 -9999 -9999 -9999 -9999 -9999 951.153846153846 872.153846153846 915.076923076923 848.384615384615 843.384615384615 766.461538461538 -9999 -9999 -9999 -9999 -9999 -9999 -9999 741.615384615385 -9999 -9999 -9999 -9999 -9999 639.384615384615 631 642.692307692308 635.384615384615 609.538461538462 719 732.307692307692 720
632.153846153846 640.461538461538 536.153846153846 649.461538461538 556.461538461538 851.153846153846 600.615384615385 531.538461538462 549.307692307692 563.461538461538 597.923076923077 699 893.692307692308 851.769230769231 886.461538461538 865.076923076923 472.923076923077 609.923076923077 505.769230769231 528.307692307692 698.769230769231 591.923076923077 576.769230769231 525.846153846154 -9999 -9999 -9999 -9999 -9999 -9999 -9999 -9999 -9999 -9999 -9999 -9999 -9999 697.461538461538 800.461538461538 705.692307692308 854.307692307692 844 740.384615384615 -9999 -9999 -9999 -9999 -9999 -9999 -9999 -9999 -9999 -9999 -9999 747.846153846154 -9999 646.461538461538 651.538461538462 692.846153846154 464.230769230769 495.230769230769 556.384615384615 706.692307692308 775.769230769231
710.923076923077 609.076923076923 707 678.384615384615 518.230769230769 612.615384615385 527.461538461538 581.461538461538 918.769230769231 680.076923076923 913.307692307692 881.384615384615 860.615384615385 838.307692307692 837.923076923077 831.076923076923 831.923076923077 479.076923076923 497.230769230769 682.307692307692 694.538461538462 576.923076923077 553 -9999 -9999 -9999 -9999 -9999 -9999 -9999 -9999 -9999 -9999 -9999 -9999 -9999 -9999 716.538461538462 802.307692307692 742.538461538462 915.461538461538 880.538461538462 776.461538461538 -9999 -9999 -9999 -9999 -9999 -9999 729.307692307692 736.923076923077 750.307692307692 700.538461538462 666.615384615385 712 721.461538461538 717.692307692308 817.769230769231 657.230769230769 646.846153846154 597.384615384615 707.846153846154 -9999 -9999
721.307692307692 860.769230769231 680.769230769231 801.769230769231 516.846153846154 659.307692307692 686.384615384615 692.846153846154 655.307692307692 661.153846153846 906.769230769231 902.307692307692 847.923076923077 847.923076923077 828.846153846154 829.923076923077 842.538461538462 858.461538461538 681.769230769231 887.923076923077 704.538461538462 912 858.153846153846 -9999 -9999 -9999 -9999 -9999 -9999 -9999 -9999 -9999 -9999 -9999 -9999 -9999 918.615384615385 854.076923076923 792.692307692308 769 -9999 -9999 -9999 -9999 -9999 -9999 -9999 -9999 731.692307692308 726.692307692308 780.230769230769 808.769230769231 822.461538461538 803.230769230769 826.230769230769 799.615384615385 764.384615384615 -9999 866.307692307692 865.692307692308 -9999 -9999 -9999 -9999
694.153846153846 700.923076923077 533.769230769231 562.692307692308 620.307692307692 744.923076923077 615.076923076923 768.615384615385 747.307692307692 759.846153846154 755.538461538462 862.923076923077 834.538461538462 824 831.923076923077 844.307692307692 838.307692307692 853.769230769231 865.307692307692 872.384615384615 875.153846153846 898.307692307692 896.153846153846 -9999 -9999 -9999 -9999 -9999 -9999 -9999 -9999 -9999 -9999 -9999 -9999 -9999 -9999 927.538461538462 -9999 -9999 -9999 -9999 859.307692307692 -9999 -9999 -9999 785 752.692307692308 679.384615384615 672.923076923077 -9999 784.384615384615 778.769230769231 850.538461538462 564 718 750.076923076923 -9999 -9999 -9999 -9999 -9999 -9999 -9999
599.461538461538 648.769230769231 599.076923076923 769.384615384615 584.846153846154 597.692307692308 641 695.076923076923 860.846153846154 785.153846153846 855.769230769231 842.692307692308 832.538461538462 812.846153846154 818.461538461538 830.461538461538 845.384615384615 859.615384615385 845.461538461538 825.538461538462 854.923076923077 856.615384615385 853.923076923077 -9999 -9999 -9999 -9999 -9999 -9999 -9999 -9999 -9999 -9999 -9999 -9999 -9999 -9999 -9999 -9999 -9999 -9999 -9999 -9999 -9999 -9999 836.923076923077 -9999 -9999 -9999 684.153846153846 638.153846153846 649.076923076923 667 -9999 -9999 825.076923076923 -9999 -9999 -9999 -9999 -9999 -9999 -9999 -9999
659.923076923077 677.461538461538 687 698.384615384615 648.846153846154 724.615384615385 658.307692307692 639.076923076923 874.538461538462 790.615384615385 773.384615384615 842.615384615385 843.538461538462 848 800.076923076923 808.384615384615 819.846153846154 829.769230769231 835.538461538462 837.153846153846 866.307692307692 862.769230769231 866.538461538462 -9999 850.769230769231 -9999 -9999 -9999 -9999 -9999 -9999 -9999 -9999 -9999 -9999 -9999 861.538461538462 -9999 -9999 -9999 -9999 -9999 -9999 861.461538461538 736.384615384615 865.153846153846 764.307692307692 898.230769230769 -9999 867.615384615385 927.846153846154 -9999 -9999 -9999 -9999 -9999 -9999 -9999 -9999 -9999 -9999 -9999 -9999 -9999
610.692307692308 786.153846153846 611.692307692308 650.615384615385 650.923076923077 624.230769230769 844.923076923077 818.615384615385 799.461538461538 790.153846153846 811.153846153846 864.846153846154 820.846153846154 827.615384615385 808.538461538462 838 814.076923076923 820.153846153846 847.384615384615 848.153846153846 869.384615384615 866.461538461538 868 868.923076923077 870.076923076923 908.384615384615 -9999 -9999 -9999 -9999 -9999 -9999 -9999 -9999 -9999 -9999 -9999 -9999 -9999 -9999 -9999 915.769230769231 -9999 -9999 928 879.076923076923 717.153846153846 893.692307692308 -9999 -9999 -9999 -9999 -9999 -9999 -9999 -9999 -9999 -9999 -9999 -9999 -9999 -9999 -9999 -9999
515.307692307692 512.692307692308 649.461538461538 533.461538461538 658.692307692308 623.923076923077 872.769230769231 821.153846153846 815.538461538462 471 836 815.923076923077 822.615384615385 825 826.923076923077 831.461538461538 834 832.692307692308 832.153846153846 828.461538461538 847.769230769231 868.461538461538 871.692307692308 852.461538461538 857.153846153846 867.923076923077 877.230769230769 -9999 -9999 -9999 -9999 -9999 -9999 -9999 -9999 -9999 -9999 -9999 -9999 -9999 -9999 -9999 -9999 -9999 -9999 736 703.461538461538 -9999 -9999 -9999 -9999 -9999 -9999 -9999 -9999 -9999 -9999 -9999 -9999 -9999 -9999 -9999 -9999 -9999
