rasters/bioclim/npp.asc
NCOLS 720 
NROWS 300 
XLLCORNER -180 
YLLCORNER -60 
CELLSIZE 0.5 
NODATA_value -9999 
[rows 232 to 260 of 300, columns 192 to 255 of 720]
-9999 -9999 -9999 -9999 -9999 -9999 -9999 -9999 -9999 -9999 -9999 -9999 -9999 -9999 -9999 -9999 -9999 -9999 -9999 -9999 -9999 -9999 -9999 -9999 -9999 -9999 -9999 38.6923076923077 34 138.230769230769 204.230769230769 244.692307692308 320 229.461538461538 325.307692307692 155.846153846154 910.461538461538 888.615384615385 616.076923076923 465.615384615385 435.384615384615 448.538461538462 447.615384615385 387.769230769231 423.692307692308 578.923076923077 689.230769230769 759.153846153846 1116.07692307692 1252.38461538462 1337.53846153846 1117.61538461538 1218.69230769231 1218.53846153846 1206.84615384615 1135.15384615385 1199.23076923077 1151.84615384615 1186.92307692308 1145.23076923077 1161.38461538462 1410.07692307692 1401.76923076923 1370.23076923077
-9999 -9999 -9999 -9999 -9999 -9999 -9999 -9999 -9999 -9999 -9999 -9999 -9999 -9999 -9999 -9999 -9999 -9999 -9999 -9999 -9999 -9999 -9999 -9999 -9999 -9999 35.4615384615385 39.6153846153846 23.2307692307692 142.153846153846 190.923076923077 230.692307692308 310 364.076923076923 132.615384615385 453.230769230769 711.538461538462 749.384615384615 456.692307692308 429.307692307692 434.384615384615 416.461538461538 386 397.076923076923 515.769230769231 631.153846153846 716.461538461538 776.230769230769 1197.53846153846 1331.69230769231 1411.07692307692 1060.61538461538 1103.15384615385 1278.30769230769 1201.92307692308 1236.07692307692 1236.84615384615 1155.84615384615 1152.92307692308 1167.38461538462 1138.15384615385 1167.23076923077 1182.84615384615 1176.53846153846
-9999 -9999 -9999 -9999 -9999 -9999 -9999 -9999 -9999 -9999 -9999 -9999 -9999 -9999 -9999 -9999 -9999 -9999 -9999 -9999 -9999 -9999 -9999 -9999 -9999 -9999 33.2307692307692 29.6153846153846 22.5384615384615 159.615384615385 166.692307692308 202.461538461538 230.461538461538 261.076923076923 461.846153846154 412 954.307692307692 511.076923076923 425.538461538462 376.692307692308 408.769230769231 361.923076923077 369.307692307692 458.615384615385 589.769230769231 704.846153846154 776.384615384615 833.153846153846 1282.69230769231 1381.23076923077 1462.92307692308 1021.30769230769 1058.61538461538 1128.23076923077 1704.38461538462 1309.23076923077 1330.23076923077 1240.38461538462 1229.84615384615 1232.69230769231 1223.92307692308 1225.23076923077 1239.76923076923 1265.69230769231
-9999 -9999 -9999 -9999 -9999 -9999 -9999 -9999 -9999 -9999 -9999 -9999 -9999 -9999 -9999 -9999 -9999 -9999 -9999 -9999 -9999 -9999 -9999 -9999 -9999 -9999 34.5384615384615 30 28.6923076923077 160.307692307692 173.153846153846 257.230769230769 106.076923076923 235.692307692308 229.076923076923 429.230769230769 744.923076923077 383.769230769231 464.076923076923 396.846153846154 363.461538461538 355.230769230769 410.538461538462 524.923076923077 647.923076923077 742.230769230769 814.615384615385 851.076923076923 896.692307692308 1309.53846153846 946.615384615385 1023.69230769231 1112.15384615385 1153.84615384615 1187.76923076923 1310.30769230769 1340.53846153846 1330.53846153846 1009.84615384615 955.384615384615 1159.53846153846 1158.38461538462 1161.07692307692 1409.07692307692
-9999 -9999 -9999 -9999 -9999 -9999 -9999 -9999 -9999 -9999 -9999 -9999 -9999 -9999 -9999 -9999 -9999 -9999 -9999 -9999 -9999 -9999 -9999 -9999 -9999 -9999 38.9230769230769 25.6923076923077 111.923076923077 154.307692307692 222.692307692308 95.2307692307692 209.307692307692 146.846153846154 186.692307692308 389.153846153846 616.538461538462 390.846153846154 318.692307692308 406.153846153846 372.153846153846 394 449.615384615385 574.461538461538 692.615384615385 765.076923076923 806.230769230769 821.461538461538 857.769230769231 885.769230769231 910.846153846154 967.692307692308 1519.53846153846 1572.23076923077 1100.69230769231 1201.30769230769 1120.76923076923 1015.92307692308 986.076923076923 922.615384615385 1139.23076923077 1144 1289.61538461538 1296.76923076923
-9999 -9999 -9999 -9999 -9999 -9999 -9999 -9999 -9999 -9999 -9999 -9999 -9999 -9999 -9999 -9999 -9999 -9999 -9999 -9999 -9999 -9999 -9999 -9999 -9999 43.3846153846154 39.3076923076923 22.2307692307692 154.615384615385 168.615384615385 122.230769230769 86.3076923076923 181.461538461538 248.461538461538 168.538461538462 367.538461538462 286.538461538462 240.923076923077 0 391.076923076923 504.153846153846 571.307692307692 529.846153846154 649.538461538462 732.153846153846 773.615384615385 798.461538461538 822.923076923077 867.615384615385 853.153846153846 859.692307692308 1359.46153846154 960.153846153846 1009.69230769231 1024.46153846154 1108.46153846154 1009 1066.15384615385 911.076923076923 1187 1144.23076923077 1194.76923076923 1295.69230769231 1306.23076923077
-9999 -9999 -9999 -9999 -9999 -9999 -9999 -9999 -9999 -9999 -9999 -9999 -9999 -9999 -9999 -9999 -9999 -9999 -9999 -9999 -9999 -9999 -9999 -9999 -9999 42.9230769230769 22.6923076923077 103.076923076923 174.076923076923 91.0769230769231 83.9230769230769 85.0769230769231 161.461538461538 230.923076923077 313.230769230769 359.769230769231 397.692307692308 312.846153846154 273.153846153846 326.846153846154 561.846153846154 577.307692307692 762.384615384615 685.538461538462 747.384615384615 770.769230769231 785.076923076923 797.461538461538 889.076923076923 821 808.538461538462 827.307692307692 908.769230769231 966.461538461538 962.692307692308 956.461538461538 1067.15384615385 1140.07692307692 1204.07692307692 1274.92307692308 1280.38461538462 1196.61538461538 1365.76923076923 1368.69230769231
-9999 -9999 -9999 -9999 -9999 -9999 -9999 -9999 -9999 -9999 -9999 -9999 -9999 -9999 -9999 -9999 -9999 -9999 -9999 -9999 -9999 -9999 -9999 -9999 -9999 146.230769230769 25.3846153846154 113.307692307692 169.461538461538 33.6153846153846 98.1538461538462 140.692307692308 180.461538461538 259.846153846154 333.230769230769 371 404.538461538462 0 257.692307692308 533.923076923077 835.307692307692 800.153846153846 665.307692307692 915.538461538462 719 763 737 751.153846153846 767.461538461538 771.307692307692 792.846153846154 823.461538461538 954.615384615385 953.076923076923 949.076923076923 927.384615384615 1146.15384615385 964 979.692307692308 1124.61538461538 1215.92307692308 1121.46153846154 1137.84615384615 970.615384615385
-9999 -9999 -9999 -9999 -9999 -9999 -9999 -9999 -9999 -9999 -9999 -9999 -9999 -9999 -9999 -9999 -9999 -9999 -9999 -9999 -9999 -9999 -9999 -9999 -9999 50.6153846153846 28.4615384615385 152.076923076923 203.538461538462 90.5384615384615 120.692307692308 142 188.923076923077 282.230769230769 351.076923076923 391 254.076923076923 190.461538461538 280.230769230769 685.538461538462 805.307692307692 855.538461538462 1053.46153846154 884.846153846154 1015.46153846154 788.307692307692 767.692307692308 716.538461538462 696.769230769231 737.153846153846 775.769230769231 917.307692307692 893.692307692308 901.846153846154 863.769230769231 900.692307692308 905.461538461538 926.846153846154 1160.23076923077 1202.15384615385 1285.38461538462 1172.76923076923 1158.92307692308 1130.38461538462
-9999 -9999 -9999 -9999 -9999 -9999 -9999 -9999 -9999 -9999 -9999 -9999 -9999 -9999 -9999 -9999 -9999 -9999 -9999 -9999 -9999 -9999 -9999 -9999 -9999 194 26.3846153846154 221.692307692308 162.692307692308 98.9230769230769 117.153846153846 123 198.846153846154 287.923076923077 359.076923076923 395.076923076923 167.615384615385 289.076923076923 569.461538461538 727 807.769230769231 885.923076923077 1162.84615384615 984.692307692308 954.384615384615 906.923076923077 881 820.153846153846 703.461538461538 803.230769230769 834.692307692308 1016.46153846154 843.923076923077 875.384615384615 886.769230769231 893.538461538462 1163.38461538462 927.769230769231 1223 1251.15384615385 1249.53846153846 1243.23076923077 1242 1216.46153846154
-9999 -9999 -9999 -9999 -9999 -9999 -9999 -9999 -9999 -9999 -9999 -9999 -9999 -9999 -9999 -9999 -9999 -9999 -9999 -9999 -9999 -9999 -9999 -9999 -9999 42.6153846153846 36.0769230769231 176.615384615385 194.769230769231 120 123.230769230769 59.8461538461538 195.769230769231 284.923076923077 361.153846153846 371.461538461538 150.384615384615 460.153846153846 724.615384615385 904.384615384615 986.692307692308 1076.84615384615 955.538461538462 990.923076923077 1003.53846153846 947.769230769231 934.153846153846 802.769230769231 818.153846153846 843.384615384615 885.076923076923 885.461538461538 872.384615384615 876.153846153846 898.923076923077 1173.07692307692 951.923076923077 929.692307692308 1212.84615384615 1224.84615384615 1242.07692307692 1241.23076923077 1176.92307692308 1090.23076923077
-9999 -9999 -9999 -9999 -9999 -9999 -9999 -9999 -9999 -9999 -9999 -9999 -9999 -9999 -9999 -9999 -9999 -9999 -9999 -9999 -9999 -9999 -9999 -9999 -9999 45.6153846153846 25 238.153846153846 97.4615384615385 152.615384615385 66.1538461538462 129.307692307692 198.307692307692 0 367 295.769230769231 244.461538461538 473.230769230769 713.076923076923 713.153846153846 814.615384615385 884.923076923077 926.846153846154 961.692307692308 989.230769230769 951.769230769231 901.384615384615 858.384615384615 896.538461538462 954.615384615385 969.153846153846 1075.15384615385 883.923076923077 887.769230769231 948.615384615385 1159.15384615385 1077.23076923077 1100.30769230769 1097 1072.53846153846 1205.69230769231 1199.23076923077 872.307692307692 879.538461538462
-9999 -9999 -9999 -9999 -9999 -9999 -9999 -9999 -9999 -9999 -9999 -9999 -9999 -9999 -9999 -9999 -9999 -9999 -9999 -9999 -9999 -9999 -9999 -9999 -9999 55.3846153846154 36.3076923076923 231.461538461538 196 204.615384615385 76.3076923076923 76.3076923076923 106.923076923077 302.461538461538 357.846153846154 392.769230769231 343.923076923077 507.153846153846 645.384615384615 737.692307692308 853.307692307692 900.923076923077 916.692307692308 941.076923076923 962.076923076923 1150.61538461538 953.461538461538 870.153846153846 894.307692307692 943.230769230769 956.153846153846 1043.15384615385 1079.53846153846 917.615384615385 924.846153846154 1074.15384615385 1143.38461538462 1103.15384615385 1173 1157.76923076923 1139.76923076923 1152.69230769231 -9999 1115.84615384615
-9999 -9999 -9999 -9999 -9999 -9999 -9999 -9999 -9999 -9999 -9999 -9999 -9999 -9999 -9999 -9999 -9999 -9999 -9999 -9999 -9999 -9999 -9999 -9999 -9999 507.307692307692 57.0769230769231 183.307692307692 264.230769230769 172.846153846154 102.538461538462 201.384615384615 119.538461538462 314.307692307692 364.384615384615 312.538461538462 607.615384615385 549.615384615385 696.923076923077 806.384615384615 872.384615384615 893.384615384615 898.846153846154 924.153846153846 934.615384615385 947.307692307692 1175 932.153846153846 908.615384615385 950.923076923077 1015.61538461538 960.923076923077 1067.84615384615 919.538461538462 909.846153846154 1095.07692307692 1112.53846153846 1141.15384615385 852.692307692308 1039.53846153846 923.153846153846 -9999 -9999 -9999
-9999 -9999 -9999 -9999 -9999 -9999 -9999 -9999 -9999 -9999 -9999 -9999 -9999 -9999 -9999 -9999 -9999 -9999 -9999 -9999 -9999 -9999 -9999 -9999 -9999 206.769230769231 64 228.538461538462 237.692307692308 333.076923076923 129.923076923077 235.846153846154 259.153846153846 323.769230769231 381.153846153846 592.538461538462 544.076923076923 637.615384615385 746.461538461538 838.153846153846 856.615384615385 868.615384615385 880.538461538462 894.461538461538 921.307692307692 921.846153846154 1134.92307692308 1164.69230769231 944.615384615385 941.692307692308 1012.76923076923 1029.61538461538 964.692307692308 1044.23076923077 934.615384615385 1056.23076923077 762.692307692308 1061.92307692308 1008.69230769231 1002 922.538461538462 1082.61538461538 1070.84615384615 -9999
-9999 -9999 -9999 -9999 -9999 -9999 -9999 -9999 -9999 -9999 -9999 -9999 -9999 -9999 -9999 -9999 -9999 -9999 -9999 -9999 -9999 -9999 -9999 -9999 -9999 189.538461538462 75.0769230769231 59.3076923076923 290.076923076923 378.846153846154 285.846153846154 276.153846153846 276.307692307692 261.153846153846 382.384615384615 461.923076923077 669.769230769231 679.307692307692 733.769230769231 787.692307692308 823.230769230769 835.846153846154 853.076923076923 889.615384615385 905.153846153846 935.923076923077 957.615384615385 994.538461538462 1185.69230769231 1192.53846153846 1003.53846153846 976.153846153846 994.615384615385 1011.84615384615 1015.38461538462 1017 738.230769230769 1019.30769230769 1043.07692307692 1143.15384615385 1101.23076923077 -9999 -9999 -9999
-9999 -9999 -9999 -9999 -9999 -9999 -9999 -9999 -9999 -9999 -9999 -9999 -9999 -9999 -9999 -9999 -9999 -9999 -9999 -9999 -9999 -9999 -9999 -9999 890.538461538462 834.230769230769 58.2307692307692 234.769230769231 227.692307692308 362.076923076923 371.923076923077 309.692307692308 272.461538461538 292.384615384615 337.923076923077 447.153846153846 544.769230769231 637.153846153846 804.615384615385 731.384615384615 768.846153846154 799.230769230769 794.461538461538 849.307692307692 901.307692307692 947.538461538462 982.153846153846 997.076923076923 998.769230769231 1001.53846153846 1015.61538461538 -9999 695.076923076923 882.461538461538 883.538461538462 888.692307692308 1004.23076923077 720.846153846154 754.153846153846 776.076923076923 1117.84615384615 -9999 -9999 -9999
-9999 -9999 -9999 -9999 -9999 -9999 -9999 -9999 -9999 -9999 -9999 -9999 -9999 -9999 -9999 -9999 -9999 -9999 -9999 -9999 -9999 -9999 -9999 -9999 287.307692307692 92.8461538461538 64.3846153846154 248.076923076923 122.384615384615 412.307692307692 446.615384615385 288.307692307692 266.846153846154 278.692307692308 336.769230769231 397.384615384615 503.923076923077 591.461538461538 634.076923076923 661.615384615385 706.615384615385 722.076923076923 745.384615384615 846.846153846154 913.923076923077 962.846153846154 926.846153846154 928.076923076923 975.923076923077 967.692307692308 995.153846153846 949.769230769231 -9999 -9999 853.846153846154 849.076923076923 664.153846153846 898.307692307692 915.230769230769 -9999 -9999 -9999 -9999 -9999
-9999 -9999 -9999 -9999 -9999 -9999 -9999 -9999 -9999 -9999 -9999 -9999 -9999 -9999 -9999 -9999 -9999 -9999 -9999 -9999 -9999 -9999 -9999 879.076923076923 304.769230769231 102.923076923077 257 93.0769230769231 520.538461538462 425.538461538462 189.769230769231 297.307692307692 252.076923076923 288.769230769231 330.307692307692 380.307692307692 482.538461538462 563.230769230769 621.769230769231 656.461538461538 685.846153846154 685.230769230769 690.538461538462 770.307692307692 910.923076923077 966.461538461538 999.615384615385 977.538461538462 960.384615384615 855.076923076923 854 925.153846153846 850.615384615385 839.692307692308 -9999 -9999 -9999 -9999 -9999 -9999 -9999 -9999 -9999 -9999
-9999 -9999 -9999 -9999 -9999 -9999 -9999 -9999 -9999 -9999 -9999 -9999 -9999 -9999 -9999 -9999 -9999 -9999 -9999 -9999 -9999 -9999 -9999 880.692307692308 378.615384615385 88.5384615384615 76.3076923076923 69.6923076923077 76.3076923076923 117.307692307692 160 261.230769230769 213.076923076923 260.538461538462 294.230769230769 396.076923076923 491.615384615385 570.307692307692 608.307692307692 666.461538461538 697.153846153846 655.307692307692 643.076923076923 788.076923076923 897.692307692308 937.461538461538 953.538461538462 850.153846153846 910.461538461538 782.769230769231 875.307692307692 811.538461538462 819.692307692308 -9999 -9999 -9999 -9999 -9999 -9999 -9999 -9999 -9999 -9999 -9999
-9999 -9999 -9999 -9999 -9999 -9999 -9999 -9999 -9999 -9999 -9999 -9999 -9999 -9999 -9999 -9999 -9999 -9999 -9999 -9999 -9999 -9999 215.461538461538 408.153846153846 167.615384615385 65.7692307692308 220.461538461538 225.692307692308 78.9230769230769 88.0769230769231 205.461538461538 216.461538461538 244.076923076923 241 310.692307692308 408 498.153846153846 573.769230769231 603.846153846154 642.538461538462 625.692307692308 610.692307692308 635.307692307692 720 813.615384615385 861.076923076923 787.846153846154 796.692307692308 771.692307692308 720.846153846154 723.769230769231 763.230769230769 1043 -9999 -9999 -9999 -9999 -9999 -9999 -9999 -9999 -9999 -9999 -9999
-9999 -9999 -9999 -9999 -9999 -9999 -9999 -9999 -9999 -9999 -9999 -9999 -9999 -9999 -9999 -9999 -9999 -9999 -9999 -9999 -9999 -9999 428.461538461538 570.384615384615 522.615384615385 239 206.384615384615 364.692307692308 75.8461538461538 82 99.2307692307692 101.615384615385 116.076923076923 185.846153846154 252.846153846154 371.769230769231 459.923076923077 503.076923076923 530.846153846154 554.153846153846 560.230769230769 571 587.769230769231 628.692307692308 709.153846153846 678 798.615384615385 814.692307692308 748.923076923077 690.230769230769 685.769230769231 716.923076923077 848.153846153846 847 823.923076923077 -9999 -9999 -9999 -9999 -9999 -9999 -9999 -9999 -9999
-9999 -9999 -9999 -9999 -9999 -9999 -9999 -9999 -9999 -9999 -9999 -9999 -9999 -9999 -9999 -9999 -9999 -9999 -9999 -9999 -9999 453.153846153846 425.461538461538 626 521.384615384615 246.384615384615 226.153846153846 175.153846153846 172.615384615385 167.923076923077 92.8461538461538 100 214 124.538461538462 299.230769230769 310.846153846154 387 423.769230769231 427.615384615385 449.076923076923 497.923076923077 499.692307692308 526.846153846154 571.461538461538 598.615384615385 631.615384615385 732.923076923077 563.846153846154 740 646.230769230769 659.384615384615 688.307692307692 727.538461538462 736.615384615385 -9999 -9999 -9999 -9999 -9999 -9999 -9999 -9999 -9999 -9999
-9999 -9999 -9999 -9999 -9999 -9999 -9999 -9999 -9999 -9999 -9999 -9999 -9999 -9999 -9999 -9999 -9999 -9999 -9999 -9999 -9999 387.230769230769 389.615384615385 660.076923076923 488.461538461538 243.384615384615 242.769230769231 250.230769230769 63.4615384615385 75.5384615384615 120.769230769231 157.307692307692 194.461538461538 243.307692307692 274.846153846154 250.538461538462 303.538461538462 321.461538461538 332.076923076923 389.461538461538 420.538461538462 458.461538461538 439.461538461538 577.538461538462 584.230769230769 580.076923076923 584.615384615385 618.615384615385 606.153846153846 696.461538461538 710.307692307692 731.769230769231 780.923076923077 -9999 -9999 -9999 -9999 -9999 -9999 -9999 -9999 -9999 -9999 -9999
-9999 -9999 -9999 -9999 -9999 -9999 -9999 -9999 -9999 -9999 -9999 -9999 -9999 -9999 -9999 -9999 -9999 -9999 -9999 -9999 -9999 414.846153846154 605.230769230769 619 462.846153846154 299.307692307692 271.230769230769 174.384615384615 160.461538461538 55.7692307692308 136.076923076923 131.461538461538 75.5384615384615 206.384615384615 238.846153846154 122.923076923077 277.307692307692 279.076923076923 284.230769230769 324.153846153846 373.461538461538 431.076923076923 482.769230769231 519.538461538462 453.153846153846 544.846153846154 575.692307692308 592.461538461538 594.076923076923 598.538461538462 620.846153846154 619.153846153846 -9999 -9999 -9999 -9999 -9999 -9999 -9999 -9999 -9999 -9999 -9999 -9999
-9999 -9999 -9999 -9999 -9999 -9999 -9999 -9999 -9999 -9999 -9999 -9999 -9999 -9999 -9999 -9999 -9999 -9999 -9999 -9999 -9999 660.230769230769 683.153846153846 704.692307692308 466.846153846154 445.538461538462 269.076923076923 176.153846153846 173.230769230769 132.846153846154 50 63.8461538461538 161.307692307692 176.307692307692 92.8461538461538 111.846153846154 127.538461538462 191.538461538462 260.692307692308 281.461538461538 343.153846153846 504.230769230769 580.153846153846 509.384615384615 496.692307692308 496.307692307692 596.538461538462 616.461538461538 629.230769230769 -9999 -9999 -9999 -9999 -9999 -9999 -9999 -9999 -9999 -9999 -9999 -9999 -9999 -9999 -9999
-9999 -9999 -9999 -9999 -9999 -9999 -9999 -9999 -9999 -9999 -9999 -9999 -9999 -9999 -9999 -9999 -9999 -9999 -9999 -9999 -9999 -9999 681.230769230769 686.923076923077 468.615384615385 344.615384615385 294.846153846154 311.615384615385 193.461538461538 81.5384615384615 151.615384615385 115.153846153846 151.769230769231 164.692307692308 198.384615384615 233.692307692308 238.153846153846 256.692307692308 270.153846153846 279.846153846154 363.769230769231 354.923076923077 386.846153846154 412.615384615385 -9999 -9999 -9999 -9999 -9999 -9999 -9999 -9999 -9999 -9999 -9999 -9999 -9999 -9999 -9999 -9999 -9999 -9999 -9999 -9999
-9999 -9999 -9999 -9999 -9999 -9999 -9999 -9999 -9999 -9999 -9999 -9999 -9999 -9999 -9999 -9999 -9999 -9999 -9999 -9999 -9999 709.846153846154 662.769230769231 519.076923076923 396.307692307692 534.615384615385 361.461538461538 330.769230769231 302.846153846154 211.384615384615 157.769230769231 123.615384615385 58.1538461538462 66.5384615384615 185.384615384615 215.461538461538 108.384615384615 242.615384615385 253.923076923077 264.307692307692 271.307692307692 316 460.846153846154 514.384615384615 -9999 -9999 -9999 -9999 -9999 -9999 -9999 -9999 -9999 -9999 -9999 -9999 -9999 -9999 -9999 -9999 -9999 -9999 -9999 -9999
-9999 -9999 -9999 -9999 -9999 -9999 -9999 -9999 -9999 -9999 -9999 -9999 -9999 -9999 -9999 -9999 -9999 -9999 -9999 -9999 495.923076923077 640.923076923077 657.153846153846 477.153846153846 363.076923076923 353.461538461538 381.461538461538 336.538461538462 75.6153846153846 161.076923076923 51.3846153846154 116.153846153846 117.384615384615 143.461538461538 71.8461538461538 89.3846153846154 101.384615384615 230.615384615385 246.307692307692 198.153846153846 269.692307692308 285 316.153846153846 -9999 -9999 -9999 -9999 -9999 -9999 -9999 -9999 -9999 -9999 -9999 -9999 -9999 -9999 -9999 -9999 -9999 -9999 -9999 -9999 -9999
