rasters/bioclim/npp.asc
NCOLS 720 
NROWS 300 
XLLCORNER -180 
YLLCORNER -60 
CELLSIZE 0.5 
NODATA_value -9999 
[rows 203 to 231 of 300, columns 576 to 639 of 720]
-9999 -9999 -9999 -9999 -9999 -9999 -9999 -9999 -9999 -9999 -9999 -9999 -9999 -9999 -9999 -9999 -9999 -9999 -9999 -9999 -9999 -9999 -9999 -9999 -9999 -9999 -9999 -9999 -9999 -9999 -9999 -9999 -9999 -9999 -9999 -9999 -9999 -9999 -9999 -9999 -9999 -9999 -9999 -9999 799.846153846154 810.384615384615 830.769230769231 -9999 -9999 681.846153846154 616.923076923077 796.461538461538 -9999 -9999 -9999 -9999 -9999 -9999 -9999 -9999 -9999 -9999 -9999 -9999
-9999 -9999 -9999 -9999 -9999 -9999 -9999 -9999 -9999 -9999 -9999 -9999 -9999 -9999 -9999 -9999 -9999 -9999 -9999 -9999 -9999 -9999 -9999 -9999 -9999 -9999 -9999 -9999 -9999 -9999 -9999 -9999 -9999 -9999 -9999 -9999 -9999 -9999 -9999 -9999 -9999 -9999 -9999 -9999 -9999 -9999 851.153846153846 784.615384615385 775.846153846154 716.230769230769 706.076923076923 790.615384615385 812.153846153846 787.846153846154 802.923076923077 820.076923076923 822.846153846154 799 -9999 -9999 -9999 -9999 -9999 -9999
-9999 -9999 -9999 -9999 -9999 -9999 -9999 -9999 -9999 -9999 -9999 -9999 -9999 -9999 -9999 -9999 -9999 -9999 -9999 -9999 -9999 -9999 -9999 -9999 -9999 -9999 -9999 -9999 -9999 -9999 -9999 -9999 -9999 -9999 -9999 -9999 -9999 -9999 -9999 -9999 -9999 -9999 -9999 -9999 -9999 776.230769230769 792.384615384615 771.153846153846 683.538461538462 683.615384615385 705.692307692308 677.769230769231 836.923076923077 836.384615384615 841.076923076923 838.846153846154 836.615384615385 -9999 -9999 -9999 -9999 -9999 -9999 -9999
-9999 -9999 -9999 -9999 -9999 -9999 -9999 -9999 -9999 -9999 -9999 -9999 -9999 -9999 -9999 -9999 -9999 -9999 -9999 -9999 -9999 -9999 -9999 -9999 -9999 -9999 -9999 -9999 -9999 -9999 -9999 -9999 -9999 -9999 -9999 -9999 -9999 -9999 -9999 -9999 -9999 -9999 -9999 -9999 611.615384615385 781.846153846154 778.076923076923 601.076923076923 623.076923076923 644.923076923077 830.538461538462 843.153846153846 821.461538461538 837.307692307692 761.615384615385 745.615384615385 812.076923076923 -9999 -9999 -9999 -9999 -9999 -9999 -9999
-9999 -9999 -9999 -9999 -9999 -9999 -9999 -9999 -9999 -9999 -9999 -9999 -9999 -9999 -9999 -9999 -9999 -9999 -9999 -9999 -9999 -9999 -9999 -9999 -9999 -9999 -9999 -9999 -9999 -9999 -9999 -9999 -9999 -9999 -9999 -9999 -9999 -9999 -9999 -9999 -9999 -9999 -9999 610.384615384615 531.076923076923 723.846153846154 702.615384615385 532.923076923077 525.076923076923 566.615384615385 780.538461538462 799.923076923077 646.307692307692 685.307692307692 843.538461538462 693.923076923077 691.153846153846 792.923076923077 -9999 -9999 -9999 -9999 -9999 -9999
-9999 -9999 -9999 -9999 -9999 -9999 -9999 -9999 -9999 -9999 -9999 -9999 -9999 -9999 -9999 -9999 -9999 -9999 -9999 -9999 -9999 -9999 -9999 -9999 -9999 -9999 -9999 -9999 -9999 -9999 -9999 -9999 -9999 -9999 -9999 -9999 631.769230769231 622.307692307692 572.461538461538 419.384615384615 -9999 -9999 -9999 574.615384615385 638.692307692308 665.076923076923 651.769230769231 462.384615384615 456.923076923077 471.076923076923 651 479.153846153846 525.846153846154 608.538461538462 758.692307692308 748.384615384615 -9999 750.230769230769 -9999 -9999 -9999 -9999 -9999 -9999
-9999 -9999 -9999 -9999 -9999 -9999 -9999 -9999 -9999 -9999 -9999 -9999 -9999 -9999 -9999 -9999 -9999 -9999 -9999 -9999 -9999 -9999 -9999 -9999 -9999 -9999 -9999 -9999 -9999 -9999 -9999 -9999 -9999 -9999 478.923076923077 536.769230769231 619.538461538462 485.461538461538 457.769230769231 431.153846153846 -9999 -9999 -9999 363.769230769231 376.461538461538 537.384615384615 531.923076923077 528.230769230769 360.538461538462 513.692307692308 455.615384615385 401.230769230769 435.307692307692 344.307692307692 376.846153846154 -9999 -9999 -9999 -9999 -9999 -9999 -9999 -9999 -9999
-9999 -9999 -9999 -9999 -9999 -9999 -9999 -9999 -9999 -9999 -9999 -9999 -9999 -9999 -9999 -9999 -9999 -9999 -9999 -9999 -9999 -9999 -9999 -9999 -9999 -9999 -9999 -9999 -9999 -9999 -9999 -9999 -9999 344.692307692308 513.230769230769 575.615384615385 638.769230769231 642.307692307692 446.615384615385 558.923076923077 458 425.307692307692 356.923076923077 306.615384615385 344.461538461538 380.538461538462 285.461538461538 281 403 392.076923076923 266.692307692308 306.846153846154 214.230769230769 252.846153846154 276.692307692308 285.692307692308 -9999 -9999 -9999 -9999 -9999 -9999 -9999 -9999
-9999 -9999 -9999 -9999 -9999 -9999 -9999 -9999 -9999 -9999 -9999 -9999 -9999 -9999 -9999 -9999 -9999 -9999 -9999 -9999 -9999 -9999 -9999 -9999 -9999 -9999 -9999 -9999 -9999 -9999 -9999 -9999 -9999 435.615384615385 459.230769230769 629.538461538462 599.846153846154 575.076923076923 387.384615384615 337.384615384615 372.307692307692 262.076923076923 254.846153846154 250.076923076923 382.615384615385 238.923076923077 377.076923076923 348.076923076923 335.307692307692 333.461538461538 334.307692307692 369 215.384615384615 245.769230769231 271.615384615385 202.923076923077 433.923076923077 373.461538461538 -9999 -9999 -9999 -9999 -9999 -9999
-9999 -9999 -9999 -9999 -9999 -9999 -9999 -9999 -9999 -9999 -9999 -9999 -9999 -9999 -9999 -9999 -9999 -9999 -9999 -9999 -9999 -9999 -9999 -9999 -9999 -9999 -9999 -9999 -9999 -9999 -9999 301.769230769231 -9999 408.153846153846 439.230769230769 423 560.461538461538 493.538461538462 335.923076923077 352.461538461538 268.615384615385 383.076923076923 235.692307692308 220.615384615385 213.230769230769 204.538461538462 277.230769230769 328.307692307692 315.461538461538 172.923076923077 174.076923076923 178 355.769230769231 363.384615384615 235.230769230769 265.769230769231 192.846153846154 354.230769230769 350 302.692307692308 -9999 -9999 -9999 -9999
-9999 -9999 -9999 -9999 -9999 -9999 -9999 -9999 -9999 -9999 -9999 -9999 -9999 -9999 -9999 -9999 -9999 -9999 -9999 -9999 -9999 -9999 -9999 -9999 -9999 -9999 -9999 -9999 -9999 364.076923076923 -9999 421.923076923077 459.769230769231 469.076923076923 353.461538461538 346.384615384615 326.384615384615 315.307692307692 318.692307692308 452.230769230769 395.153846153846 365.384615384615 218.538461538462 200.692307692308 191.538461538462 266.692307692308 216.923076923077 301.384615384615 295.923076923077 292.461538461538 294.538461538462 302.307692307692 306.846153846154 318.615384615385 196.692307692308 201 243.769230769231 187.615384615385 266.461538461538 404.769230769231 399.846153846154 -9999 379.923076923077 -9999
-9999 -9999 -9999 -9999 -9999 -9999 -9999 -9999 -9999 -9999 -9999 -9999 -9999 -9999 -9999 -9999 -9999 -9999 -9999 -9999 -9999 -9999 -9999 -9999 -9999 -9999 -9999 -9999 359.230769230769 366.846153846154 387.307692307692 327.076923076923 303.076923076923 263.153846153846 271.769230769231 350.384615384615 412.923076923077 279.923076923077 329.923076923077 281.153846153846 376.230769230769 367.923076923077 188.153846153846 299.384615384615 170.923076923077 343.307692307692 271.923076923077 271.076923076923 266.923076923077 290.384615384615 291.230769230769 294.769230769231 300.230769230769 304.692307692308 348.076923076923 350.846153846154 355.615384615385 222.615384615385 363.769230769231 368.153846153846 440.692307692308 483.153846153846 -9999 -9999
-9999 -9999 -9999 -9999 -9999 -9999 -9999 -9999 -9999 -9999 -9999 -9999 -9999 -9999 -9999 -9999 -9999 -9999 -9999 -9999 -9999 -9999 -9999 -9999 -9999 -9999 -9999 -9999 341.538461538462 325 274.846153846154 301.307692307692 272.461538461538 276.615384615385 208.307692307692 213.923076923077 227.846153846154 250.384615384615 265.230769230769 387.153846153846 224.923076923077 282.615384615385 318.384615384615 252.461538461538 252.461538461538 296.230769230769 268.153846153846 310.846153846154 304.230769230769 335.153846153846 255.384615384615 143.153846153846 249.307692307692 249.923076923077 251.923076923077 254.923076923077 315.615384615385 172.923076923077 204.076923076923 229 393.538461538462 416 411.769230769231 421.769230769231
-9999 -9999 -9999 -9999 -9999 -9999 -9999 -9999 -9999 -9999 -9999 -9999 -9999 -9999 -9999 -9999 -9999 -9999 -9999 -9999 -9999 -9999 -9999 -9999 -9999 -9999 -9999 -9999 304.461538461538 299.923076923077 250.923076923077 373.384615384615 368.923076923077 331.769230769231 264.692307692308 264.923076923077 174.076923076923 374.307692307692 196 367.384615384615 339.307692307692 330.076923076923 315.461538461538 313.538461538462 309.384615384615 273.538461538462 313.230769230769 306.384615384615 297.384615384615 246.384615384615 126.538461538462 243.076923076923 242.538461538462 243.307692307692 244.615384615385 246.076923076923 228.846153846154 154.307692307692 166.153846153846 261.846153846154 338.692307692308 277.769230769231 283.769230769231 274.153846153846
-9999 -9999 -9999 -9999 -9999 -9999 -9999 -9999 -9999 -9999 -9999 -9999 -9999 -9999 -9999 -9999 -9999 -9999 -9999 -9999 -9999 -9999 -9999 -9999 -9999 -9999 -9999 272.846153846154 317.384615384615 318.923076923077 283.769230769231 319.615384615385 358 151.846153846154 258.923076923077 275.230769230769 360 152.615384615385 325 324.230769230769 299.076923076923 295.846153846154 286.846153846154 157 283.923076923077 275.384615384615 272.153846153846 307 299.692307692308 127.230769230769 249.076923076923 251.769230769231 242 239.384615384615 238 238.461538461538 140.923076923077 246.692307692308 269.461538461538 326.769230769231 159.307692307692 248.307692307692 318.615384615385 265.461538461538
-9999 -9999 -9999 -9999 -9999 -9999 -9999 -9999 -9999 -9999 -9999 -9999 -9999 -9999 -9999 -9999 -9999 -9999 -9999 -9999 -9999 -9999 -9999 -9999 -9999 -9999 -9999 276.076923076923 294.384615384615 301.076923076923 302.692307692308 306.692307692308 313 275.384615384615 313.769230769231 310.076923076923 263.461538461538 138.769230769231 274.076923076923 312.076923076923 163.692307692308 166.846153846154 286 284.923076923077 318.461538461538 314.692307692308 312.846153846154 271.076923076923 303 259.615384615385 146.923076923077 299.461538461538 298.307692307692 286.076923076923 281.769230769231 234.384615384615 235.307692307692 239.769230769231 240.153846153846 242.307692307692 314.692307692308 130.769230769231 313.538461538462 253.769230769231
-9999 -9999 -9999 -9999 -9999 -9999 -9999 -9999 -9999 -9999 -9999 -9999 -9999 -9999 -9999 -9999 -9999 -9999 -9999 -9999 -9999 -9999 -9999 -9999 -9999 287.923076923077 281.615384615385 270.461538461538 279.846153846154 284.230769230769 288.384615384615 293.461538461538 296.384615384615 296.923076923077 297.538461538462 249.615384615385 293.692307692308 295.923076923077 300.769230769231 260.846153846154 267.384615384615 280.461538461538 284.153846153846 288.538461538462 318.615384615385 313.692307692308 310.538461538462 309.769230769231 304.692307692308 267.923076923077 269 276.307692307692 310.230769230769 289.076923076923 280.384615384615 276.692307692308 231.846153846154 274.692307692308 233.307692307692 234.538461538462 305.692307692308 223.384615384615 132.384615384615 155.769230769231
-9999 -9999 -9999 -9999 -9999 -9999 -9999 -9999 -9999 -9999 -9999 -9999 -9999 -9999 -9999 -9999 -9999 -9999 -9999 -9999 -9999 276.384615384615 220.307692307692 228.076923076923 231.769230769231 231.307692307692 229.076923076923 227 225.307692307692 278.461538461538 287.538461538462 288.692307692308 288.769230769231 290.923076923077 292.230769230769 245 246.307692307692 248 282.076923076923 139.230769230769 141.384615384615 276.384615384615 288.384615384615 293.153846153846 296.461538461538 329.615384615385 315.769230769231 310.307692307692 311.538461538462 274.230769230769 274.538461538462 275.076923076923 307.538461538462 295.461538461538 284 131.307692307692 265 229.769230769231 229.230769230769 231 132.846153846154 138.076923076923 146.538461538462 331.846153846154
-9999 -9999 -9999 -9999 -9999 -9999 -9999 -9999 -9999 -9999 -9999 -9999 -9999 -9999 -9999 -9999 -9999 199.769230769231 217.153846153846 216 274.923076923077 272.846153846154 247.538461538462 128.615384615385 282.307692307692 225.461538461538 223.846153846154 222.461538461538 221.076923076923 230.461538461538 241.846153846154 284.615384615385 287.769230769231 288.923076923077 291 247.692307692308 252.384615384615 257.615384615385 267.923076923077 275.538461538462 277.153846153846 284.384615384615 372.769230769231 299.307692307692 339.923076923077 332.615384615385 281.307692307692 275.307692307692 141.307692307692 267.384615384615 267.076923076923 271.615384615385 140.307692307692 137.769230769231 254.923076923077 247.615384615385 268.384615384615 260.307692307692 232.769230769231 239.538461538462 244.538461538462 303.153846153846 152.923076923077 145.153846153846
-9999 -9999 -9999 -9999 -9999 -9999 -9999 -9999 -9999 -9999 -9999 -9999 -9999 -9999 -9999 -9999 262.769230769231 273.076923076923 281.153846153846 125.769230769231 274.692307692308 273.846153846154 275.846153846154 268.692307692308 127.769230769231 279.615384615385 152.846153846154 129.230769230769 225.923076923077 228.153846153846 236.384615384615 239.307692307692 286 285.538461538462 287.769230769231 288.076923076923 247.538461538462 252.923076923077 256.230769230769 264.692307692308 279.307692307692 282.923076923077 336.923076923077 338.076923076923 292.076923076923 284.153846153846 279.538461538462 270.384615384615 259.923076923077 254.846153846154 288.923076923077 256.769230769231 253.692307692308 130.615384615385 251.538461538462 243.153846153846 258.769230769231 254.846153846154 228.538461538462 236.615384615385 283 291.538461538462 311.384615384615 251.384615384615
-9999 -9999 -9999 -9999 -9999 -9999 -9999 -9999 -9999 -9999 -9999 -9999 -9999 -9999 270.076923076923 127.615384615385 134.923076923077 310.076923076923 294 287.846153846154 216.230769230769 276.307692307692 273.923076923077 123.153846153846 125.923076923077 277.230769230769 225.769230769231 127.076923076923 222.538461538462 222.538461538462 229.692307692308 235.230769230769 239.461538461538 236.538461538462 235.846153846154 282.538461538462 281.923076923077 247.692307692308 281.923076923077 263.692307692308 278.692307692308 275.307692307692 287.692307692308 285.846153846154 293.307692307692 282.307692307692 274.076923076923 265.230769230769 286.307692307692 280.461538461538 257.538461538462 257.076923076923 230.230769230769 234.230769230769 240.923076923077 234.615384615385 265.615384615385 226.846153846154 133.923076923077 162.615384615385 233.615384615385 282.153846153846 304.769230769231 145.615384615385
-9999 -9999 -9999 -9999 -9999 -9999 -9999 -9999 -9999 -9999 -9999 -9999 -9999 273.846153846154 108.153846153846 295.076923076923 131.076923076923 126.769230769231 135.769230769231 134.384615384615 293 289.230769230769 278.230769230769 283.461538461538 286 229.230769230769 226.923076923077 126 219.692307692308 214.230769230769 216.615384615385 219.384615384615 227.230769230769 231.923076923077 232.076923076923 236.538461538462 239.307692307692 248.846153846154 255.615384615385 333.615384615385 348 357.384615384615 292.384615384615 283.846153846154 142.076923076923 139.230769230769 135.538461538462 295.846153846154 282.076923076923 280.615384615385 238.538461538462 259.230769230769 259.230769230769 113.384615384615 113.615384615385 114.384615384615 258.769230769231 258.923076923077 262.230769230769 162.384615384615 162.153846153846 274.769230769231 283.153846153846 152.076923076923
-9999 -9999 -9999 -9999 -9999 -9999 -9999 -9999 -9999 -9999 -9999 255.769230769231 243.923076923077 252 273.692307692308 293.153846153846 125.769230769231 294.153846153846 130.076923076923 131.923076923077 128.769230769231 124.923076923077 252.461538461538 225.230769230769 287.538461538462 227.769230769231 227.384615384615 228.923076923077 123.230769230769 150 215.692307692308 216.538461538462 221.384615384615 225.153846153846 232.769230769231 238.615384615385 243.846153846154 250.769230769231 261.307692307692 274.384615384615 280 288.076923076923 345.076923076923 272.846153846154 267.615384615385 314.461538461538 174.384615384615 170.615384615385 277 264.153846153846 275.846153846154 112.230769230769 259.692307692308 232.846153846154 112 101.692307692308 226 258.692307692308 275.076923076923 283.384615384615 145.692307692308 160 222.307692307692 229.076923076923
-9999 -9999 -9999 -9999 -9999 -9999 -9999 -9999 -9999 -9999 -9999 -9999 242.538461538462 251.923076923077 106.384615384615 116.923076923077 121.769230769231 275.846153846154 271 284.230769230769 268.538461538462 121.769230769231 263 263.538461538462 126.769230769231 226.692307692308 231.846153846154 284 281 274.692307692308 225.538461538462 226.384615384615 229.692307692308 230.769230769231 233.538461538462 239.846153846154 241.846153846154 280.230769230769 288.769230769231 297 317.076923076923 283.769230769231 281.230769230769 263.615384615385 260.615384615385 254.461538461538 128.230769230769 292.461538461538 124.615384615385 293.230769230769 237.461538461538 121.769230769231 296.538461538462 110.615384615385 233.923076923077 227.153846153846 226.076923076923 236.769230769231 118 262.692307692308 262 217.461538461538 217 215.615384615385
-9999 -9999 -9999 -9999 -9999 -9999 -9999 -9999 -9999 -9999 -9999 243.615384615385 236.923076923077 113.384615384615 248.230769230769 265.384615384615 116.538461538462 260.230769230769 126.923076923077 269.769230769231 254.692307692308 259 269.384615384615 280.923076923077 278.769230769231 226.692307692308 230.307692307692 231.076923076923 230.307692307692 154.076923076923 232.307692307692 234.461538461538 233.692307692308 235.538461538462 238.076923076923 275.230769230769 275.461538461538 277.846153846154 283.153846153846 289.538461538462 274.230769230769 283.153846153846 274.923076923077 267 128.384615384615 248.384615384615 125.769230769231 281.615384615385 289.846153846154 131 126.307692307692 277.307692307692 119.461538461538 115 234.384615384615 223.461538461538 221.692307692308 229 224.615384615385 232.153846153846 228.692307692308 238.153846153846 207.769230769231 208.923076923077
-9999 -9999 -9999 -9999 -9999 -9999 -9999 -9999 -9999 -9999 -9999 247.461538461538 231.153846153846 234.538461538462 251.846153846154 252.615384615385 125.846153846154 124.461538461538 273.923076923077 269.384615384615 249.769230769231 245.692307692308 276.384615384615 249.153846153846 239.384615384615 234.153846153846 230.461538461538 125.923076923077 235.230769230769 235.384615384615 239.769230769231 243.846153846154 245.307692307692 244.769230769231 243 277.923076923077 274.153846153846 276.307692307692 282 261.923076923077 271.692307692308 275.461538461538 271.307692307692 266.538461538462 255.153846153846 240.846153846154 118.384615384615 124.076923076923 113.153846153846 129.384615384615 256.153846153846 117.153846153846 249.384615384615 235.923076923077 231.461538461538 217.153846153846 218.461538461538 224.461538461538 221.230769230769 213.461538461538 211.846153846154 203.230769230769 202.923076923077 205.923076923077
-9999 -9999 -9999 -9999 -9999 -9999 -9999 -9999 -9999 -9999 -9999 257.307692307692 199 231.461538461538 237.538461538462 247.230769230769 109.076923076923 131.615384615385 267.692307692308 277.230769230769 126.846153846154 246.692307692308 278 261.307692307692 252.230769230769 240.692307692308 276.923076923077 238.692307692308 127.384615384615 240.076923076923 114.384615384615 248.384615384615 291.461538461538 251.615384615385 294.769230769231 281.923076923077 254.230769230769 277.384615384615 113.923076923077 261.076923076923 295.307692307692 297.538461538462 282 238.307692307692 225.384615384615 217.692307692308 213.923076923077 221 232.076923076923 234.076923076923 238.538461538462 249.923076923077 242.692307692308 235.461538461538 228.230769230769 227.846153846154 222.461538461538 225.923076923077 214 208.307692307692 199.615384615385 201.615384615385 196.307692307692 215.461538461538
-9999 -9999 -9999 -9999 -9999 -9999 -9999 -9999 -9999 -9999 -9999 -9999 204.846153846154 254.230769230769 245 108.538461538462 245.153846153846 246 256 259.538461538462 265.846153846154 269.769230769231 265.538461538462 280 258.307692307692 295.692307692308 290.769230769231 277.461538461538 284.615384615385 243.769230769231 243.615384615385 116.153846153846 288 295.615384615385 303.384615384615 257.076923076923 256.538461538462 294.846153846154 292.307692307692 259.461538461538 263.230769230769 264.923076923077 284.153846153846 239.769230769231 259.692307692308 215.692307692308 203.230769230769 231.769230769231 236.538461538462 210.769230769231 223.307692307692 238 236.538461538462 234.692307692308 228.076923076923 227.384615384615 225.230769230769 217.230769230769 199.692307692308 191.615384615385 200.846153846154 204.923076923077 210.692307692308 194.076923076923
-9999 -9999 -9999 -9999 -9999 -9999 -9999 -9999 -9999 -9999 -9999 -9999 215 238.846153846154 275.769230769231 253.923076923077 253.538461538462 249 246.923076923077 258.230769230769 263.461538461538 283.769230769231 287.538461538462 280.153846153846 282.846153846154 281.307692307692 296.153846153846 293.230769230769 276.538461538462 286.230769230769 250.615384615385 118.923076923077 288 292.384615384615 291.461538461538 255.846153846154 255.461538461538 292.769230769231 297.230769230769 296.153846153846 292.692307692308 267.076923076923 264.692307692308 256.846153846154 117.230769230769 257.923076923077 215.230769230769 211.692307692308 236.769230769231 236.153846153846 243.615384615385 226.923076923077 253.384615384615 241 236.384615384615 233.307692307692 219.384615384615 207 193 179.692307692308 168.076923076923 186 200.307692307692 212
